-0.706 0.399 0.393 -0.333 0.884 -0.877 -0.889 0.616 -0.713 -0.354 -1 0.664 -0.664 -0.196 0.986 -0.589 -0.281 -0.663 0.058 0.444 1 0.249 0.308 -0.916 -0.457 0.289 0.257 0.166 -0.72 -0.02 0.55 -0.874 -0.502 0.285 -0.244 -0.72 0.765 0.097 -0.085 0.553 -0.167 0.528 0.974 0.571 0.775 -0.013 0.055 -0.195 4
-0.669 0.351 -0.112 -0.562 -0.311 -0.469 -0.912 0.185 -0.408 0.23 0.312 -0.868 -0.784 -0.758 -0.66 -0.096 0.938 0.868 0.529 0.865 -0.852 -0.657 -0.227 -0.179 0.064 0.004 0.348 0.485 -0.541 0.6 -0.573 0.174 0.723 0.815 0.492 0.56 -0.512 -0.782 -0.916 0.545 -0.421 -0.799 -0.501 -0.315 -0.234 0.51 1 0.674 4
0.436 0.017 0.645 0.561 -0.496 0.133 -0.508 0.94 -0.92 -0.239 0.508 -0.703 -0.517 -0.77 -0.446 -0.359 -0.07 -0.644 0.256 0.414 1 0.82 -0.651 -0.956 0.8 -0.516 -0.517 0.151 0.641 0.758 -1 0.227 -0.502 -0.791 0.03 -0.386 0.463 0.693 -0.266 -0.232 0.159 0.235 -0.745 -0.041 0.857 0.823 0.717 -0.137 6
-0.51 0.841 0.734 0.331 -0.261 0.068 -0.278 -0.091 0.845 -0.846 0.391 -0.837 -0.761 -0.081 1 -0.395 -0.432 -0.749 0.058 0.338 0.992 0.511 0.379 -0.941 -0.271 0.51 0.325 -0.161 0.336 0.619 -0.976 -0.612 -0.164 0.942 -0.36 0.876 -0.372 0.343 -0.784 0.235 0.949 0.114 0.263 0.46 0.31 -0.66 0.604 0.026 7
-0.512 -0.012 0.355 0.856 -0.4 -1 -0.536 -0.081 0.527 1 -0.899 -0.036 0.668 -1 0.195 0.839 0.169 0.358 -0.488 0.718 0.942 0.38 -1 -0.686 0.129 0.759 0.885 -0.015 -0.363 -0.648 0.405 0.591 0.86 -0.911 -0.11 0.061 -0.103 -0.1 -0.038 0.187 0.451 -0.808 -0.812 -0.709 0.801 0.711 -1 -0.37 4
-0.703 -0.489 -0.396 0.217 0.773 0.453 -0.462 -0.449 -0.56 -0.051 1 0.59 -0.275 -0.704 -0.546 -0.135 0.269 -0.91 0.256 0.338 0.69 0.929 -0.811 -0.99 0.968 -0.71 -0.507 -0.124 -0.72 0.241 0.354 -0.997 -0.435 -0.002 -0.39 -0.676 0.787 0.192 -0.085 0.748 -0.09 0.575 0.986 0.63 1 -0.097 0.173 -0.272 4
-0.678 -0.082 0.471 0.798 -0.926 -1 -0.401 0.089 0.457 0.85 -0.515 -0.183 -0.929 -0.196 0.952 -0.425 -0.261 -0.401 0.044 0.185 0.976 0.249 0.379 -0.926 -0.228 0.567 0.239 0.318 -0.276 0.382 -0.73 0.372 1 0.684 0.491 0.395 -0.33 -1 -0.737 0.603 -0.498 -0.858 -0.517 -0.287 -0.295 1 0.96 0.807 4
0.684 0.64 -0.249 0.63 -0.329 0.414 -0.457 -0.419 -0.803 0.888 0.926 -0.124 -0.851 -0.833 -0.638 -0.032 0.943 0.979 0.425 0.915 -0.754 -0.698 -0.2 -0.254 -0.087 0.112 0.19 0.966 0.401 0.64 -1 -0.714 -0.382 0.799 -0.36 0.791 -0.14 0.246 -0.942 0.209 1 0.493 0.206 0.338 0.34 -0.619 0.4 0.162 4
-0.703 -0.489 -0.396 0.217 0.773 0.453 -0.462 -0.449 -0.56 -0.051 1 0.59 0.668 -1 0.195 0.839 0.169 0.358 -0.488 0.718 0.942 0.38 -1 -0.686 0.129 0.759 0.885 -0.015 -0.363 -0.648 0.405 0.591 0.86 -0.911 -0.11 0.061 -0.103 -0.1 -0.038 0.187 0.451 -0.808 -0.812 -0.709 0.801 0.711 -1 -0.37 4
0.746 0.47 -0.413 0.63 -0.329 0.181 -0.465 -0.419 -0.875 0.747 0.85 -0.07 -0.64 -1 -0.745 -0.384 -0.442 0.649 -0.524 -0.668 -0.58 -0.001 0.415 -0.42 -0.288 0.282 -0.739 -0.388 0.399 0.938 -0.701 0.031 -0.582 -0.862 0.139 -0.576 0.434 0.775 -0.155 -0.232 -0.098 0.201 -0.631 -0.234 1 1 0.298 -0.145 4
0.746 0.565 -0.413 0.647 -0.219 0.333 -0.527 -0.629 -1 0.535 0.731 -0.019 -1 -0.152 0.788 -0.912 -0.317 -0.643 -0.144 -0.13 0.818 0.619 0.612 -1 -0.294 0.382 0.236 0.495 0.497 0.682 -1 -0.489 0.166 0.975 -0.183 0.836 -0.25 0.343 -0.814 0.234 0.937 0.312 0.209 0.344 0.585 -0.737 0.961 0.162 4
-0.611 -0.099 0.519 0.635 -0.816 -1 -0.512 -0.083 0.193 0.972 -0.598 -0.324 -0.901 -0.194 0.755 -0.319 -0.087 -0.564 0.058 0.338 1 0.656 0.379 -0.941 -0.334 0.491 0.325 -0.039 -0.371 0.379 -0.534 0.178 1 0.862 0.746 0.513 -0.474 -0.908 -0.727 0.603 -0.264 -0.708 -0.448 -0.147 -0.295 1 0.784 0.924 4
-0.522 0.842 0.734 0.351 -0.261 0.065 -0.238 -0.091 0.845 -0.846 0.391 -0.837 -1 -0.152 0.788 -0.912 -0.317 -0.643 -0.08 0.054 0.818 0.619 0.612 -1 -0.294 0.417 0.236 0.495 -0.543 -0.718 0.51 0.545 0.722 -0.889 0.166 0.061 0.058 -0.189 -0.131 -0.003 0.457 -0.903 -1 -0.534 0.764 0.711 -1 -0.298 4
-0.611 -0.013 0.471 0.603 -0.698 -1 -0.649 0.062 0.334 1 -0.733 -0.046 -1 -0.159 0.686 -0.894 -0.317 -0.564 -0.073 0.063 0.88 0.442 0.641 -1 -0.228 0.382 0.422 0.423 0.691 0.835 -0.651 -0.285 -0.19 0.843 0.205 0.534 -0.235 0.4 -0.794 -0.227 0.526 0.642 0.229 0.351 0.273 -0.538 0.57 -0.048 4
0.918 -0.033 -0.189 -0.327 -0.854 -1 -1 -0.305 -0.106 0.433 -0.224 -0.931 -0.688 -0.253 -0.54 -0.327 -0.105 -0.684 0.256 0.258 1 1 -0.459 -1 0.706 -0.516 -0.543 0.151 0.344 0.715 -0.725 -0.518 -0.227 0.959 0.008 0.802 -0.279 0.291 -0.962 -0.06 1 0.571 -0.092 0.598 0.384 -0.737 0.809 0.29 7
0.746 0.571 -0.418 0.604 -0.451 0.194 -0.494 -0.151 -0.848 0.289 1 -0.055 -0.755 -1 -1 -0.414 0.007 0.358 0.84 -0.384 0.223 -0.086 -0.612 0.185 0.461 -0.337 -0.446 -0.65 0.486 0.682 -0.775 -0.518 -0.036 0.981 -0.116 0.802 -0.27 0.291 -0.905 -0.06 1 0.571 0.109 0.441 0.384 -0.737 0.763 0.369 4
-0.512 -0.012 0.355 0.856 -0.4 -1 -0.536 -0.081 0.527 1 -0.899 -0.036 -0.275 -0.704 -0.546 -0.135 0.269 -0.91 0.256 0.338 0.69 0.929 -0.811 -0.99 0.968 -0.71 -0.507 -0.124 -0.137 -0.145 0.397 -0.311 -0.18 0.39 0.076 -0.825 0.629 -0.368 -0.973 -0.065 -0.431 0.049 -0.378 0.855 -0.235 -0.272 -0.021 -0.891 4
0.579 0.614 -0.602 0.673 -0.318 0.367 -0.685 -0.419 -0.8 0.747 0.786 -0.173 -0.851 -0.833 -0.638 -0.068 0.943 0.979 0.425 0.915 -0.81 -0.698 -0.2 -0.297 -0.087 -0.044 0.19 0.995 -0.72 0.241 0.354 -0.997 -0.435 -0.002 -0.39 -0.676 0.787 0.192 -0.085 0.748 -0.09 0.575 0.986 0.63 1 -0.097 0.173 -0.272 4
-0.489 0.12 0.47 0.798 -0.83 -0.782 -0.347 -0.204 0.561 0.965 -0.654 -0.541 -0.13 -0.408 -0.226 0.858 -0.444 -0.521 0.11 0.203 0.832 0.096 -0.214 -0.425 -0.395 -0.984 -0.281 0.574 0.142 -0.228 0.245 0.133 -0.756 0.221 0.216 0.68 -1 -0.212 0.594 0.658 -0.388 0.731 -0.337 0.61 0.617 0.181 -0.019 -1 4
-0.492 0.351 -0.294 -0.631 -0.487 -0.639 -1 0.185 -0.554 0.23 0.195 -0.891 -0.882 -0.266 0.709 -0.562 -0.32 -0.732 -0.069 0.328 0.938 0.452 0.23 -0.864 -0.079 0.354 0.334 0.116 -0.72 0.241 0.354 -0.874 -0.205 -0.002 -0.328 -0.808 0.929 0.192 -0.262 0.68 0.083 0.626 0.941 0.63 1 -0.097 0.143 -0.463 4
0.832 0.667 0.072 0.165 0.548 -0.195 0.163 -0.905 -0.583 -0.761 -0.575 -0.452 -0.133 -0.522 -0.25 0.86 -0.262 -0.544 0.308 0.365 0.832 0.148 -0.285 -0.558 -0.578 -0.949 -0.17 0.514 -0.72 0.075 0.55 -0.874 -0.502 0.102 -0.383 -0.853 0.929 0.097 -0.085 0.68 -0.088 0.496 0.986 0.488 0.823 -0.018 -0.05 -0.21 7
-0.048 0.923 -0.554 0.456 -0.275 0.891 -0.621 0.253 0.661 0.355 -0.779 0.888 -0.64 -1 -0.625 -0.334 -0.442 0.649 -0.724 -0.643 -0.528 0.284 0.204 -0.42 -0.373 0.183 -0.79 -0.408 0.045 -0.069 0.385 0.022 -0.998 0.167 0.039 0.341 -1 -0.031 0.453 0.579 -0.384 0.202 -0.585 0.551 0.494 0.055 -0.283 -0.797 4
-0.702 -0.402 -0.576 0.025 0.685 0.453 -0.586 -0.449 -0.56 0.008 0.911 0.59 -0.784 -0.716 -0.419 0.013 0.979 0.842 0.529 0.915 -0.65 -0.409 -0.326 -0.278 0.064 -0.264 0.213 0.556 -0.178 0.324 -0.133 0.239 -0.216 0.982 0.104 -0.706 -0.646 0.492 -0.588 -0.188 -0.15 0.138 -0.632 0.321 0.316 -0.893 0.049 0.1 6
0.281 -0.456 -0.608 1 1 0.399 -0.644 -0.75 -0.541 -0.63 -0.858 0.146 -0.75 -0.875 -0.202 0.147 0.726 0.679 0.595 1 -0.754 -0.805 -0.38 -0.544 0.169 -0.087 0.193 0.914 0.871 0.352 -0.32 0.597 0.168 -0.274 -0.89 -0.509 -0.129 0.756 -0.674 -0.3 -0.225 -0.079 -0.123 -0.501 -0.416 -0.139 -0.361 -0.325 4
-0.678 -0.082 0.471 0.798 -0.796 -1 -0.401 0.089 0.457 0.889 -0.654 -0.183 -0.75 -0.912 -0.452 0.147 0.775 0.858 0.425 1 -0.754 -0.767 -0.345 -0.154 0.367 0.098 0.37 0.827 0.458 0.758 -1 0.216 -0.502 -0.791 0.03 -0.386 0.463 0.693 -0.379 -0.232 -0.002 0.235 -0.863 -0.049 0.857 0.823 0.717 0.045 5
0.55 0.569 -0.654 0.776 -0.122 0.294 -0.632 -0.991 -0.806 0.362 0.718 0.015 -1 -1 -0.351 0.181 0.867 0.7 0.489 1 -0.529 -1 -0.337 0.006 -0.195 -0.163 0.648 0.593 -0.358 -0.161 0.397 -0.329 -0.274 0.322 0.634 -0.932 0.382 -0.363 -1 -0.117 -0.47 0.144 -0.378 0.739 -0.467 -0.272 -0.15 -1 4
-0.555 -0.099 0.573 0.802 -0.755 -0.861 -0.536 0.062 0.595 0.856 -0.911 -0.173 -0.64 -0.901 -0.625 -0.384 -0.6 0.649 -0.524 -0.668 -0.528 0.125 0.386 -0.42 -0.363 0.183 -0.605 -0.261 -0.073 0.544 -0.146 0.433 -0.12 0.982 -0.007 -0.421 -0.627 0.546 -0.607 -0.432 -0.103 0.413 -0.736 0.383 0.316 -0.871 0.049 -0.065 5
0.537 -0.291 0.559 0.561 -0.496 0.291 -0.686 0.881 -0.924 -0.106 0.571 -0.53 -1 -0.159 0.686 -0.894 -0.317 -0.564 -0.073 -0.1 0.768 0.442 0.641 -1 -0.375 0.423 0.583 0.423 -0.72 0.075 0.647 -0.874 -0.385 0.164 -0.236 -0.673 0.929 0.07 0.1 0.68 -0.194 0.427 1 0.642 0.959 -0.097 -0.05 -0.272 4
-0.678 -0.201 0.471 0.984 -0.796 -1 -0.467 0.248 0.457 0.889 -0.654 -0.183 -0.64 -1 -0.745 -0.384 -0.442 0.668 -0.524 -0.668 -0.58 -0.001 0.422 -0.42 -0.288 0.446 -0.739 -0.388 0.435 0.758 -1 0.216 -0.389 -0.822 0.03 -0.386 0.307 0.693 -0.379 -0.232 -0.002 0.111 -0.863 -0.049 0.857 0.823 0.707 0.045 4
0.227 -0.178 -0.578 0.77 1 0.473 -0.66 -0.771 -0.999 -0.601 -1 -0.084 -0.75 -0.968 -0.452 0.147 0.785 0.817 0.265 1 -0.697 -0.767 -0.345 -0.351 0.367 0.098 0.37 0.827 -0.276 0.346 -0.705 0.233 1 0.684 0.491 0.573 -0.33 -0.986 -0.727 0.603 -0.498 -1 -0.517 -0.324 -0.295 1 0.96 0.748 4
0.887 0.602 -0.413 0.63 -0.329 0.35 -0.534 -0.419 -0.8 0.675 0.85 -0.015 -1 -0.159 0.858 -0.894 -0.317 -0.564 -0.22 0.063 0.732 0.472 0.641 -1 -0.228 0.385 0.422 0.423 0.081 -0.228 0.073 0.218 -0.641 0.319 0.216 0.68 -0.872 -0.127 0.594 0.546 -0.388 0.731 -0.337 0.61 0.727 0.267 -0.019 -0.9 4
0.55 0.692 -0.519 0.776 -0.159 0.294 -0.632 -0.991 -0.806 0.362 0.718 0.015 0.137 -0.359 -0.474 0.756 -0.704 -0.135 -0.011 0.499 0.492 0.157 -0.091 -0.279 -0.826 -0.914 -0.224 0.438 -0.835 -0.232 0.439 -1 -0.385 -0.012 -0.383 -0.673 0.829 0.185 0.004 0.549 -0.307 0.356 0.861 0.63 1 -0.179 -0.28 -0.272 4
-0.592 -0.012 0.355 0.989 -0.593 -1 -0.536 0.062 0.334 1 -0.733 -0.173 -0.337 -0.671 -0.682 -0.146 0.214 -0.845 0.196 0.258 0.919 0.774 -0.887 -0.99 0.815 -0.71 -0.507 -0.104 -0.543 -0.718 0.663 0.545 0.722 -0.829 0.166 0.043 0.001 -0.189 -0.31 -0.003 0.457 -0.903 -1 -0.534 0.764 0.575 -1 -0.298 153.8872
0.453 -0.617 -0.392 0.902 0.978 0.268 -0.998 -0.694 -0.892 -0.786 -1 0.443 0.167 -0.466 -0.314 0.778 -0.32 -0.64 0.216 0.56 0.823 0.096 -0.242 -0.359 -0.518 -0.786 -0.281 0.401 -0.543 -0.718 0.51 0.545 0.918 -1 0.244 0.21 -0.138 -0.189 -0.285 -0.03 0.457 -0.903 -1 -0.59 0.764 0.781 -1 -0.328 4
-0.048 0.923 -0.554 0.378 -0.196 0.891 -0.621 0.253 0.661 0.355 -0.779 0.888 -1 -0.196 0.839 -0.425 -0.261 -0.401 0.044 0.185 0.992 0.249 0.379 -0.917 -0.228 0.567 0.239 0.228 0.045 -0.069 0.245 0 -0.998 0.167 0.039 0.521 -1 -0.031 0.453 0.579 -0.384 0.202 -0.585 0.551 0.494 0.055 -0.283 -0.797 4
0.858 0.644 -0.413 0.63 -0.329 0.408 -0.457 -0.419 -0.803 0.888 0.926 -0.124 -0.133 -0.522 -0.25 0.86 -0.262 -0.544 0.308 0.365 0.832 0.148 -0.285 -0.558 -0.578 -0.949 -0.17 0.514 -0.276 0.222 -0.73 0.233 1 0.684 0.491 0.395 -0.33 -1 -0.818 0.603 -0.498 -0.878 -0.517 -0.287 -0.295 1 0.96 0.807 4
0.341 -0.771 -0.492 0.902 0.962 0.282 -0.998 -0.543 -0.581 -0.972 -1 0.396 -0.275 -0.704 -0.546 -0.135 0.269 -0.91 0.256 0.338 0.69 0.929 -0.811 -0.99 0.968 -0.71 -0.507 -0.124 -0.72 0.241 0.354 -0.997 -0.435 -0.002 -0.39 -0.676 0.787 0.192 -0.085 0.748 -0.09 0.575 0.986 0.63 1 -0.097 0.173 -0.272 4
-0.512 -0.012 0.355 0.856 -0.4 -1 -0.536 -0.081 0.527 1 -0.899 -0.036 -0.745 -0.526 -0.631 -0.096 0.979 0.923 0.446 0.915 -0.786 -0.56 -0.253 -0.243 0.06 0.001 0.432 0.556 0.497 0.549 -1 -0.518 0.133 0.975 -0.183 1 -0.25 0.477 -0.814 0.234 0.937 0.175 0.209 0.495 0.463 -0.774 0.961 0.162 7
-0.611 -0.013 0.471 0.603 -0.698 -1 -0.649 0.174 0.334 1 -0.733 -0.046 -0.784 -0.955 -0.676 -0.096 0.938 0.868 0.529 0.908 -0.795 -0.659 -0.379 -0.335 0.064 -0.095 0.376 0.536 -0.72 0.344 0.354 -0.874 -0.385 -0.002 -0.231 -0.621 0.929 0.088 -0.085 0.68 -0.09 0.496 0.986 0.63 1 0.077 0.143 -0.331 12
0.692 0.445 -0.519 0.776 -0.166 0.239 -0.632 -0.626 -0.806 0.305 0.782 -0.042 -0.54 -0.196 0.986 -0.589 -0.281 -0.689 0.058 0.444 0.992 0.249 0.308 -0.941 -0.457 0.567 0.257 0.318 0.081 -0.141 -0.132 0.218 -0.607 0.186 0.216 0.68 -0.865 -0.252 0.594 0.546 -0.388 0.645 -0.519 0.603 0.727 0.387 -0.078 -0.9 4
-0.492 0.351 -0.294 -0.631 -0.487 -0.639 -1 0.185 -0.554 0.23 0.195 -0.891 -0.882 -0.266 0.709 -0.562 -0.32 -0.732 -0.069 0.328 0.938 0.452 0.23 -0.864 -0.079 0.354 0.334 0.116 0.142 -0.228 0.245 0.133 -0.756 0.221 0.216 0.68 -1 -0.212 0.594 0.658 -0.388 0.731 -0.337 0.61 0.617 0.181 -0.019 -1 4
-0.611 -0.013 0.471 0.603 -0.698 -1 -0.649 0.062 0.334 1 -0.733 -0.046 -1 -0.152 0.788 -0.912 -0.317 -0.643 -0.08 0.054 0.818 0.619 0.612 -1 -0.294 0.417 0.236 0.495 0.691 0.835 -0.651 -0.285 -0.19 0.843 0.205 0.534 -0.235 0.4 -0.794 -0.227 0.526 0.642 0.229 0.351 0.273 -0.538 0.57 -0.048 4
-0.669 0.385 -0.277 -0.631 -0.502 -0.469 -0.719 0.185 -0.408 0.153 0.289 -0.891 -0.784 -0.349 -0.432 -0.025 0.979 1 0.446 0.915 -0.786 -0.742 -0.17 -0.144 0.064 -0.097 0.432 0.556 0.081 -0.228 0.073 0.1 -0.479 0.449 0.237 0.784 -0.872 -0.207 0.655 0.546 -0.388 0.7 -0.337 0.61 0.727 0.267 -0.019 -0.9 4
-0.523 -0.483 -1 -0.083 0.378 0.422 -0.771 -0.407 -0.347 -0.014 1 0.377 0.604 -1 0.195 0.784 0.009 0.519 -0.32 0.842 0.589 0.558 -1 -0.848 -0.389 0.801 0.918 -0.015 -0.05 -0.188 0.067 0.218 -0.564 0.359 0.216 0.68 -1 -0.127 0.4 0.561 -0.343 0.731 -0.337 0.61 0.804 0.12 0.104 -0.9 4
-0.522 0.842 0.734 0.351 -0.261 0.065 -0.238 -0.091 0.845 -0.846 0.391 -0.837 -0.721 -0.821 -0.977 -0.201 -0.116 0.394 0.519 -0.426 0.197 0.034 -0.327 -0.332 0.362 -0.149 -0.206 -0.851 -0.72 0.344 0.354 -0.874 -0.385 -0.002 -0.231 -0.621 0.929 0.088 -0.085 0.68 -0.09 0.496 0.986 0.63 1 0.077 0.143 -0.331 4
0.341 -0.771 -0.492 0.902 0.962 0.282 -0.998 -0.543 -0.581 -0.972 -1 0.396 -0.664 -0.196 0.986 -0.675 -0.281 -0.689 0.058 0.444 0.992 0.249 0.495 -0.941 -0.457 0.462 0.257 0.166 -0.65 0.691 -0.477 0.174 0.723 0.787 0.381 0.56 -0.512 -0.782 -0.847 0.598 -0.421 -0.762 -0.542 -0.269 -0.234 0.692 1 0.674 4
0.832 0.784 0.072 0.165 0.548 -0.195 0.163 -0.905 -0.538 -0.818 -0.725 -0.59 0.167 -0.498 -0.314 0.858 -0.601 -0.419 0.11 0.563 0.956 0.067 -0.056 -0.374 -0.256 -0.786 -0.281 0.753 -0.72 -0.026 0.674 -0.874 -0.545 0.285 -0.383 -0.667 0.929 0.097 -0.085 0.68 -0.015 0.528 0.8 0.571 0.956 0.04 -0.051 -0.214 7
0.783 0.644 -0.31 0.63 -0.329 0.361 -0.35 -0.419 -0.786 0.747 0.926 0.04 -1 -0.196 0.839 -0.425 -0.13 -0.401 0.058 0.185 0.992 0.249 0.379 -0.917 -0.228 0.567 0.427 0.228 0.277 0.868 -0.961 -0.466 0.08 0.849 0.326 0.819 -0.251 0.295 -1 -0.052 0.765 0.562 -0.04 0.097 0.268 -0.44 0.747 0.45 10
0.859 0.644 -0.413 0.63 -0.225 0.361 -0.457 -0.479 -0.845 0.747 0.926 -0.124 -1 -0.196 0.779 -0.404 -0.13 -0.401 0.058 0.185 0.992 0.249 0.379 -0.917 -0.246 0.567 0.427 0.228 -0.738 -0.193 0.484 -0.888 -0.325 0.285 -0.244 -0.72 0.596 0.251 -0.085 0.553 -0.167 0.528 1 0.571 0.775 -0.013 0.055 -0.195 4
0.783 0.644 -0.31 0.63 -0.329 0.361 -0.358 -0.419 -0.6 0.747 1 0.04 -1 -0.159 0.686 -0.894 -0.317 -0.564 -0.15 0.063 0.903 0.29 0.794 -1 -0.228 0.448 0.422 0.423 -0.862 0.159 0.674 -0.874 -0.682 0.285 -0.383 -0.832 1 0.097 -0.085 0.68 -0.015 0.497 0.8 0.571 0.9 0.04 -0.051 -0.214 4
0.692 0.568 -0.685 0.778 -0.341 0.21 -0.632 -0.739 -0.89 0.421 0.612 0.028 -0.913 -0.159 0.686 -0.894 -0.317 -0.564 -0.073 0.036 0.768 0.445 0.641 -1 -0.375 0.423 0.583 0.239 -0.72 0.075 0.647 -0.778 -0.385 0.164 -0.236 -0.639 0.929 0.095 0.1 0.495 -0.194 0.3 1 0.642 0.959 -0.097 -0.158 -0.074 4
-0.555 0.062 0.471 0.872 -0.802 -0.861 -0.536 0.062 0.508 0.835 -0.911 -0.173 0.719 -0.977 0.195 0.845 0.073 0.462 -0.571 0.842 0.602 0.558 -1 -0.815 -0.052 0.695 0.83 -0.015 -0.72 0.241 0.364 -0.776 -0.205 -0.002 -0.383 -0.7 0.808 0.135 -0.248 0.528 -0.209 0.496 0.941 0.63 1 -0.081 -0.031 -0.316 4
0.783 0.644 -0.31 0.63 -0.329 0.361 -0.35 -0.419 -0.786 0.747 0.926 0.04 -1 -0.196 0.839 -0.425 -0.13 -0.401 0.058 0.185 0.992 0.249 0.379 -0.917 -0.228 0.567 0.427 0.228 -0.72 -0.026 0.674 -0.874 -0.545 0.285 -0.383 -0.667 0.929 0.097 -0.085 0.68 -0.015 0.528 0.8 0.571 0.956 0.04 -0.051 -0.214 4
-0.788 0.056 0.396 0.5 0.618 -0.333 -0.17 -0.393 -0.128 0.081 -0.239 0.291 -1 -0.833 -0.638 -0.032 0.943 0.979 0.425 0.915 -0.754 -0.644 -0.093 -0.254 -0.087 -0.044 0.19 0.752 0.521 0.682 -0.651 -0.518 -0.036 0.981 -0.116 0.802 -0.27 0.291 -0.905 -0.06 0.827 0.571 0.109 0.441 0.384 -0.546 0.763 0.406 4
-0.721 -0.013 0.297 0.798 -0.742 -1 -0.649 0.062 0.413 1 -0.733 -0.243 -1 -1 -0.398 0.361 0.754 0.55 0.474 1 -0.617 -1 -0.244 -0.189 -0.195 -0.343 0.648 0.7 0.045 -0.266 0.245 0 -0.953 0.12 0.039 0.531 -1 0.068 0.538 0.579 -0.338 0.299 -0.368 0.796 0.779 0.182 -0.283 -0.858 4
0.783 0.644 -0.413 0.63 -0.329 0.463 -0.57 -0.352 -0.689 0.747 0.926 -0.3 -0.755 -1 -1 -0.414 0.007 0.358 0.84 -0.384 0.223 -0.086 -0.612 0.185 0.461 -0.337 -0.446 -0.65 -0.72 0.075 0.452 -0.874 -0.502 0.102 -0.383 -0.853 0.929 0.097 -0.085 0.68 -0.222 0.587 0.986 0.403 0.823 -0.018 -0.05 -0.21 7
-0.669 0.351 -0.277 -0.774 -0.311 -0.281 -0.912 0.185 -0.484 0.23 0.195 -0.891 -1 -0.196 0.839 -0.425 -0.261 -0.401 0.058 0.185 0.992 0.249 0.379 -0.917 -0.228 0.567 0.39 0.228 -0.097 0.417 -0.133 0.433 -0.296 0.982 0.077 -0.577 -0.646 0.492 -0.588 -0.288 -0.15 0.138 -0.632 0.442 0.316 -0.871 0.225 0.216 7
-0.611 -0.013 0.471 0.603 -0.698 -1 -0.649 0.062 0.334 1 -0.733 -0.046 -0.647 -1 -0.782 -0.384 -0.431 0.483 -0.524 -0.794 -0.528 0.134 0.483 -0.422 -0.176 0.059 -0.653 -0.14 -0.29 -0.141 0.397 -0.311 -0.133 0.367 0.394 -0.825 0.531 -0.363 -0.973 0.038 -0.47 -0.016 -0.378 0.954 -0.372 -0.272 -0.327 -0.947 4
-0.678 -0.082 0.471 0.798 -0.796 -1 -0.401 0.089 0.457 1 -0.654 -0.183 -0.851 -0.833 -0.638 -0.032 0.943 0.979 0.425 0.915 -0.754 -0.698 -0.2 -0.254 -0.087 0.112 0.19 0.811 -0.079 -0.63 0.405 0.178 0.643 -1 0.33 0.163 0.058 -0.1 -0.154 0.124 0.507 -1 -0.8 -0.751 0.764 0.643 -0.817 -0.361 4
-0.522 0.842 0.734 0.351 -0.261 0.065 -0.238 -0.091 0.845 -0.846 0.391 -0.837 0.167 -0.466 -0.314 0.858 -0.32 -0.64 0.278 0.56 0.823 0.096 -0.056 -0.359 -0.518 -0.786 -0.281 0.567 0.401 0.495 -1 -0.612 -0.382 0.799 -0.36 0.791 -0.14 0.246 -0.942 0.209 0.934 0.312 0.206 0.338 0.34 -0.619 0.53 0.162 7
0.832 0.784 0.072 0.165 0.548 -0.195 0.163 -0.905 -0.538 -0.818 -0.725 -0.59 0.167 -0.498 -0.314 0.858 -0.601 -0.419 0.11 0.563 0.956 0.067 -0.056 -0.374 -0.256 -0.786 -0.281 0.753 0.045 -0.266 0.245 0 -0.953 0.12 0.039 0.531 -1 0.12 0.538 0.579 -0.338 0.299 -0.403 0.796 0.681 0.182 -0.283 -0.858 4
-0.678 -0.082 0.471 0.798 -0.796 -1 -0.347 0.014 0.457 1 -0.654 -0.265 -0.912 -0.438 0.671 -0.79 -0.128 -0.564 -0.051 0.238 0.837 0.484 0.432 -0.941 -0.096 0.327 0.325 0.013 0.399 0.938 -0.701 0.031 -0.582 -0.862 0.139 -0.576 0.434 0.775 -0.155 -0.232 -0.098 0.201 -0.631 -0.234 1 1 0.298 -0.145 4
0.746 0.47 -0.514 0.63 -0.329 0.181 -0.465 -0.419 -0.875 0.747 0.85 -0.07 -0.64 -1 -0.745 -0.275 -0.442 0.649 -0.326 -0.668 -0.767 -0.001 0.415 -0.275 -0.288 0.408 -0.618 -0.388 0.399 0.938 -0.701 0.176 -0.582 -0.862 0.139 -0.576 0.434 0.644 -0.155 -0.232 -0.098 0.201 -0.631 -0.234 0.934 1 0.298 -0.145 12
-0.706 0.399 0.393 -0.333 0.884 -0.877 -0.889 0.616 -0.713 -0.354 -1 0.664 -0.784 -0.758 -0.66 -0.096 0.938 0.868 0.529 0.865 -0.852 -0.657 -0.227 -0.179 0.064 0.004 0.348 0.485 -0.72 -0.096 0.57 -0.874 -0.385 -0.082 -0.383 -0.673 0.929 0.185 -0.085 0.68 -0.194 0.356 0.861 0.63 0.993 -0.179 -0.244 -0.272 7
-0.611 -0.013 0.471 0.872 -0.702 -0.98 -0.536 0.062 0.387 0.835 -0.911 -0.173 0.167 -0.466 -0.314 0.858 -0.32 -0.64 0.278 0.56 0.823 0.096 -0.056 -0.359 -0.518 -0.786 -0.281 0.567 -0.72 0.075 0.55 -0.874 -0.385 0.102 -0.236 -0.673 0.929 0.07 -0.085 0.68 -0.194 0.496 1 0.63 0.959 -0.097 -0.05 -0.272 7
-0.678 -0.082 0.471 0.798 -0.796 -1 -0.161 -0.011 0.457 0.922 -0.654 -0.258 -1 -0.196 0.839 -0.425 -0.13 -0.401 0.058 0.185 0.992 0.249 0.379 -0.917 -0.228 0.567 0.427 0.228 -0.72 -0.026 0.674 -0.874 -0.545 0.285 -0.383 -0.667 0.929 0.097 -0.085 0.68 -0.015 0.528 0.8 0.571 0.956 0.04 -0.051 -0.214 4
-0.658 0.399 0.393 -0.333 0.884 -0.877 -1 0.616 -0.745 -0.354 -1 0.664 -0.784 -0.758 -0.78 0.046 0.938 0.868 0.529 0.865 -0.852 -0.657 -0.206 -0.179 0.064 0.066 0.348 0.485 -0.639 -0.02 0.392 -0.874 -0.502 0.379 -0.244 -0.72 0.765 0.097 -0.085 0.68 -0.167 0.528 0.974 0.571 0.916 0.134 0.055 -0.148 7
-0.611 -0.013 0.471 0.872 -0.702 -0.98 -0.536 0.062 0.387 0.835 -0.911 -0.173 0.167 -0.466 -0.314 0.858 -0.32 -0.64 0.278 0.56 0.823 0.096 -0.056 -0.359 -0.518 -0.786 -0.281 0.567 -0.72 0.075 0.55 -0.874 -0.385 0.102 -0.236 -0.673 0.929 0.07 -0.085 0.68 -0.194 0.496 1 0.63 0.959 -0.097 -0.05 -0.272 7
-0.261 -0.105 -0.765 0.109 0.845 0.493 -0.515 -0.604 -0.484 -0.033 0.878 0.39 -0.64 -0.894 -0.745 -0.259 -0.442 0.785 -0.524 -0.668 -0.466 -0.001 0.362 -0.42 -0.288 0.219 -0.739 -0.388 0.596 0.711 -1 0.227 -0.407 -0.791 0.03 -0.386 0.463 0.693 -0.379 -0.232 -0.069 0.235 -0.748 -0.041 1 0.936 0.717 -0.137 4
-0.764 -0.402 -0.576 0.025 0.685 0.453 -0.586 -0.449 -0.56 0.008 0.772 0.59 -1 -0.159 0.686 -0.894 -0.317 -0.564 -0.073 0.063 0.88 0.442 0.641 -1 -0.228 0.382 0.422 0.424 0.871 0.352 -0.152 0.597 0.168 -0.274 -0.819 -0.509 -0.129 0.884 -0.674 -0.171 -0.225 -0.079 -0.123 -0.501 -0.416 -0.139 -0.361 -0.325 4
0.692 0.566 -0.519 0.776 -0.166 0.294 -0.632 -0.626 -0.645 0.466 0.96 -0.064 -0.617 -0.196 0.986 -0.562 -0.281 -0.599 0.058 0.497 0.992 0.249 0.205 -1 -0.556 0.462 0.325 0.23 0.142 -0.228 -0.031 0.218 -0.538 0.319 0.212 0.68 -0.872 -0.061 0.406 0.546 -0.388 0.731 -0.337 0.61 0.902 0.267 -0.019 -1 4
0.692 0.692 -0.519 0.776 -0.166 0.294 -0.632 -0.794 -0.806 0.466 0.718 0.015 -0.64 -1 -0.745 -0.384 -0.442 0.649 -0.524 -0.668 -0.58 -0.001 0.415 -0.42 -0.288 0.282 -0.739 -0.388 0.399 0.938 -0.701 0.031 -0.582 -0.862 0.139 -0.576 0.434 0.775 -0.155 -0.232 -0.098 0.201 -0.631 -0.234 1 1 0.298 -0.145 4
0.594 0.445 -0.519 0.776 -0.166 0.239 -0.646 -0.626 -0.806 0.305 0.782 0.012 0.01 -0.767 -0.711 -0.212 0.396 -0.306 0.274 -0.038 0.993 0.824 -0.811 -0.736 0.893 -0.363 -0.731 0.07 -0.72 0.344 0.354 -0.753 -0.385 -0.002 -0.231 -0.667 0.929 0.088 -0.211 0.68 0.008 0.496 0.986 0.677 1 -0.07 0.12 -0.331 4
0.55 0.569 -0.654 0.776 -0.156 0.294 -0.632 -0.991 -0.806 0.362 0.718 0.015 -1 -0.892 -0.455 0.181 0.867 0.7 0.489 1 -0.529 -1 -0.337 -0.111 -0.195 -0.163 0.648 0.593 -0.358 -0.161 0.397 -0.329 -0.274 0.322 0.634 -0.932 0.382 -0.363 -1 -0.312 -0.47 0.144 -0.574 0.743 -0.577 -0.201 -0.15 -1 4
0.766 0.787 -0.31 0.63 -0.329 0.361 -0.35 -0.419 -0.786 0.873 0.926 0.04 0.022 -0.179 -0.709 0.908 -0.783 -0.372 -0.261 0.669 1 0.454 -0.092 0.181 -0.784 -0.733 -0.404 0.277 -0.064 -0.239 0.232 0 -0.838 0.12 0.122 0.476 -1 0.043 0.604 0.579 -0.388 0.544 -0.311 0.955 0.606 0.04 -0.178 -1 4
0.65 0.692 -0.369 0.776 -0.166 0.294 -0.632 -0.794 -0.686 0.466 0.718 0.015 -0.912 -0.154 0.671 -0.601 -0.128 -0.608 0.058 0.238 0.917 0.484 0.534 -1 -0.096 0.188 0.325 -0.134 -0.276 0.346 -0.705 0.233 1 0.684 0.491 0.573 -0.33 -0.986 -0.659 0.603 -0.498 -0.991 -0.517 -0.324 -0.295 1 0.96 0.748 4
0.832 0.667 0.072 0.165 0.548 -0.195 0.163 -0.905 -0.583 -0.761 -0.575 -0.452 -1 -0.159 0.686 -0.894 -0.317 -0.564 -0.073 0.063 0.88 0.442 0.641 -1 -0.228 0.382 0.422 0.423 0.081 -0.141 -0.035 0.218 -0.685 0.186 0.216 0.68 -0.701 -0.252 0.594 0.546 -0.388 0.731 -0.338 0.506 0.727 0.387 -0.078 -0.9 4
0.562 0.847 -0.116 0.244 0.363 -0.466 -0.073 -1 -0.549 -0.92 -0.569 -0.244 -0.721 -0.821 -0.977 -0.201 -0.116 0.394 0.519 -0.426 0.197 0.034 -0.327 -0.332 0.362 -0.149 -0.206 -0.851 -0.72 0.075 0.55 -0.874 -0.502 0.102 -0.383 -0.853 0.929 0.097 -0.085 0.68 -0.088 0.496 0.986 0.488 0.823 -0.018 -0.05 -0.21 4
0.746 0.447 -0.413 0.63 -0.273 -0.026 -0.556 -0.419 -0.837 0.759 0.85 -0.07 -1 -0.797 -0.521 -0.12 0.943 0.979 0.349 0.915 -0.754 -0.698 -0.2 -0.254 0.094 -0.212 0.37 0.687 -0.488 -0.271 0.932 0.478 -0.804 0.227 0.313 -0.587 0.534 -0.458 -0.81 0.235 -0.113 0.372 0.899 -0.035 0.003 0.377 -0.058 -0.674 4
-0.592 0.017 0.355 0.989 -0.593 -1 -0.536 -0.048 0.334 1 -0.703 -0.173 -0.75 -0.349 0.738 -0.255 -0.08 -0.401 -0.191 0.285 1 0.122 0.369 -0.917 -0.228 0.35 0.195 0.41 0.081 -0.221 0.073 0.198 -0.641 0.319 0.26 0.68 -0.872 -0.127 0.646 0.546 -0.388 0.882 -0.529 0.61 0.727 0.437 -0.019 -0.828 4
0.692 0.568 -0.519 0.778 -0.341 0.21 -0.632 -0.794 -0.784 0.421 0.612 0.028 -0.64 -1 -0.625 -0.327 -0.442 0.649 -0.724 -0.643 -0.528 0.284 0.386 -0.42 -0.373 0.183 -0.79 -0.408 -0.72 -0.026 0.674 -0.874 -0.545 0.285 -0.383 -0.667 0.929 0.097 -0.085 0.68 -0.015 0.528 0.8 0.571 0.956 0.04 -0.051 -0.214 4
0.832 0.667 0.072 0.165 0.548 -0.195 0.163 -0.905 -0.583 -0.761 -0.575 -0.452 0.719 -0.977 0.195 0.845 0.073 0.462 -0.571 0.842 0.602 0.558 -1 -0.815 -0.052 0.695 0.83 -0.015 -0.72 0.241 0.364 -0.776 -0.205 -0.002 -0.383 -0.7 0.808 0.135 -0.248 0.528 -0.209 0.496 0.941 0.63 1 -0.081 -0.031 -0.316 7
0.537 -0.176 0.559 0.561 -0.496 0.291 -0.528 1 -0.924 -0.239 0.349 -0.703 -1 -1 -0.398 0.361 0.754 0.55 0.474 1 -0.617 -1 -0.244 -0.189 -0.195 -0.343 0.648 0.7 -0.72 0.075 0.452 -0.874 -0.502 0.102 -0.383 -0.853 0.929 0.097 -0.085 0.68 -0.222 0.587 0.986 0.403 0.823 -0.018 -0.05 -0.21 8
0.783 0.644 -0.413 0.569 -0.329 0.463 -0.57 -0.352 -0.689 0.678 0.926 -0.3 -0.784 -0.716 -0.521 -0.084 0.979 0.842 0.401 0.915 -0.786 -0.532 -0.326 -0.278 0.064 0.088 0.213 0.556 0.298 0.619 -0.928 -0.677 -0.228 0.989 -0.308 0.904 -0.319 0.482 -0.784 0.349 0.7 0.133 0.263 0.356 0.326 -0.77 0.716 0.19 7
0.692 0.566 -0.519 0.776 -0.166 0.294 -0.632 -0.626 -0.806 0.466 0.782 -0.064 -0.689 -0.196 0.986 -0.562 -0.281 -0.616 0.058 0.497 0.992 0.249 0.205 -0.941 -0.409 0.462 0.325 0.166 0 -0.054 0.073 0.198 -0.511 0.319 0.26 0.68 -0.872 -0.189 0.462 0.41 -0.388 0.941 -0.688 0.693 0.841 0.28 -0.019 -0.748 4
-0.3 -0.082 0.35 0.724 -0.702 -0.685 -0.418 -0.127 0.446 1 -0.738 -0.211 -0.576 -1 -1 -0.384 -0.431 0.483 -0.524 -0.943 -0.528 -0.137 0.483 -0.187 -0.176 0.059 -0.653 -0.14 0.081 -0.228 0.073 0.218 -0.641 0.319 0.216 0.68 -0.872 -0.127 0.594 0.546 -0.388 0.731 -0.337 0.61 0.727 0.267 -0.019 -0.9 4
0.783 0.644 -0.31 0.63 -0.329 0.361 -0.35 -0.419 -0.786 0.747 0.926 0.04 -1 -0.196 0.839 -0.425 -0.13 -0.401 0.058 0.185 0.992 0.249 0.379 -0.917 -0.228 0.567 0.427 0.228 -0.72 0.075 0.55 -0.874 -0.502 0.102 -0.383 -0.853 0.929 0.097 -0.085 0.68 -0.088 0.496 0.986 0.488 0.823 -0.018 -0.05 -0.21 4
0.255 -0.806 -0.725 0.779 0.934 0.373 -0.872 -0.759 -0.489 -0.646 -1 0.208 -0.473 -0.95 -0.74 -0.581 -0.442 0.649 -0.524 -0.668 -0.528 0.125 0.386 -0.29 -0.363 0.265 -0.476 -0.218 0.081 -0.228 0.206 0.079 -0.641 0.319 0.102 0.68 -0.872 -0.127 0.594 0.458 -0.388 0.731 -0.337 0.61 0.725 0.267 -0.019 -0.9 4
-0.49 -0.082 0.514 0.95 -0.796 -0.861 -0.347 -0.127 0.457 1 -0.654 -0.303 -0.643 -0.773 -0.821 0.081 -0.484 0.872 -0.806 -0.324 -0.464 0.361 0.252 -0.178 -0.279 0.139 -0.832 -0.461 -0.363 -0.367 0.405 0.591 0.86 -0.911 0.078 0.089 0.009 -0.1 -0.131 0.187 0.41 -0.836 -0.819 -0.709 0.764 0.775 -0.984 -0.261 4
0.55 0.692 -0.519 0.776 -0.159 0.177 -0.632 -0.991 -0.806 0.35 0.659 0.015 -1 -0.177 0.839 -0.425 -0.261 -0.241 0.095 0.185 1 0.277 0.379 -0.917 -0.199 0.567 0.39 0.228 0.129 -0.221 0.073 0.198 -0.749 0.319 0.26 0.574 -0.872 -0.127 0.646 0.546 -0.388 0.882 -0.654 0.61 0.727 0.437 -0.019 -0.883 4
-0.522 0.842 0.734 0.351 -0.261 0.065 -0.238 -0.091 0.845 -0.846 0.391 -0.837 0.167 -0.67 -0.314 0.732 -0.444 -0.419 0.11 0.435 1 0.153 -0.056 -0.359 -0.395 -0.786 -0.114 0.574 -0.079 -0.63 0.405 0.178 0.643 -1 0.33 0.163 0.058 -0.1 -0.154 0.124 0.507 -1 -0.8 -0.751 0.764 0.643 -0.817 -0.361 4
0.692 0.566 -0.519 0.776 -0.166 0.294 -0.632 -0.626 -0.806 0.466 0.782 -0.064 0.167 -0.466 -0.314 0.858 -0.32 -0.64 0.278 0.56 0.823 0.096 -0.056 -0.359 -0.518 -0.786 -0.281 0.567 0.081 -0.228 0.073 0.218 -0.641 0.319 0.216 0.68 -0.872 -0.127 0.594 0.546 -0.388 0.731 -0.337 0.61 0.727 0.267 -0.019 -0.9 4
0.594 0.445 -0.519 0.776 -0.166 0.239 -0.646 -0.626 -0.806 0.305 0.782 0.012 -1 -0.159 0.686 -0.894 -0.317 -0.564 -0.15 0.063 0.903 0.29 0.794 -1 -0.228 0.448 0.422 0.423 -0.738 -0.193 0.484 -0.888 -0.325 0.285 -0.244 -0.72 0.596 0.251 -0.085 0.553 -0.167 0.528 1 0.571 0.775 -0.013 0.055 -0.195 4
0.859 0.659 -0.489 0.63 -0.225 0.527 -0.543 -0.606 -0.845 0.747 1 -0.124 0.01 -0.767 -0.711 -0.212 0.396 -0.306 0.131 -0.07 1 0.923 -0.62 -0.736 0.82 -0.363 -0.731 0.07 -0.72 0.176 0.354 -0.753 -0.385 -0.002 -0.231 -0.667 0.929 0.088 -0.211 0.68 0.008 0.496 0.986 0.719 0.841 0.066 0.12 -0.331 4
0.341 -0.617 -0.492 0.902 0.962 0.268 -0.808 -0.543 -0.641 -0.786 -1 0.443 -0.033 -0.596 -0.781 -0.212 0.396 -0.306 0.274 -0.038 0.993 0.824 -0.811 -0.736 1 -0.363 -0.731 0.07 -0.65 0.6 -0.477 0.174 0.723 0.815 0.492 0.56 -0.512 -0.782 -0.847 0.502 -0.421 -0.799 -0.542 -0.269 -0.234 0.692 1 0.674 4
0.562 0.657 -0.116 0.166 0.33 -0.466 0.022 -1 -0.735 -1 -0.569 -0.244 -0.851 -0.833 -0.638 -0.032 0.943 0.979 0.425 0.915 -0.754 -0.698 -0.2 -0.254 -0.087 0.112 0.19 0.811 0.081 -0.141 0.004 0.129 -0.685 0.186 0.357 0.577 -0.701 -0.196 0.403 0.546 -0.447 0.731 -0.338 0.614 0.727 0.387 -0.078 -0.9 4
0.783 0.644 -0.31 0.63 -0.329 0.361 -0.358 -0.419 -0.6 0.747 1 0.04 -1 -0.196 0.779 -0.404 -0.13 -0.401 0.058 0.185 0.992 0.249 0.379 -0.917 -0.246 0.567 0.427 0.228 -0.862 0.159 0.674 -0.874 -0.682 0.285 -0.383 -0.832 1 0.097 -0.085 0.68 -0.015 0.497 0.8 0.571 0.9 0.04 -0.051 -0.214 13
0.579 0.614 -0.602 0.673 -0.318 0.367 -0.685 -0.419 -0.8 0.747 0.786 -0.173 -0.851 -0.833 -0.638 -0.068 0.943 0.979 0.425 0.915 -0.81 -0.698 -0.2 -0.297 -0.087 -0.044 0.19 0.995 -0.137 -0.145 0.397 -0.311 -0.18 0.39 0.076 -0.825 0.629 -0.368 -0.973 -0.065 -0.431 0.049 -0.378 0.855 -0.235 -0.272 -0.021 -0.891 4
-0.592 -0.012 0.355 0.989 -0.593 -1 -0.536 0.062 0.334 1 -0.733 -0.173 -0.337 -0.671 -0.682 -0.146 0.214 -0.845 0.196 0.258 0.919 0.774 -0.887 -0.99 0.815 -0.71 -0.507 -0.104 -0.543 -0.718 0.663 0.545 0.722 -0.829 0.166 0.043 0.001 -0.189 -0.31 -0.003 0.457 -0.903 -1 -0.534 0.764 0.575 -1 -0.298 130.2225
0.832 0.784 0.072 0.165 0.548 -0.195 0.163 -0.905 -0.538 -0.818 -0.725 -0.59 0.167 -0.498 -0.314 0.858 -0.601 -0.419 0.11 0.563 0.956 0.067 -0.056 -0.374 -0.256 -0.786 -0.281 0.753 0.277 0.868 -0.961 -0.466 0.08 0.849 0.326 0.819 -0.251 0.295 -1 -0.052 0.765 0.562 -0.04 0.097 0.268 -0.44 0.747 0.45 7
-0.522 0.721 0.873 0.281 -0.384 0.16 -0.306 -0.014 0.845 -0.846 0.391 -0.837 -0.64 -1 -0.625 -0.327 -0.442 0.649 -0.724 -0.643 -0.422 0.084 0.386 -0.42 -0.373 0.183 -0.79 -0.408 -0.72 0.075 0.55 -0.874 -0.502 0.102 -0.322 -0.853 0.929 0.097 -0.085 0.68 -0.088 0.496 0.986 0.488 0.733 -0.018 0.054 -0.21 4
0.832 0.667 0.072 0.165 0.548 -0.179 0.014 -1 -0.583 -0.666 -0.575 -0.452 0.167 -0.466 -0.314 0.858 -0.32 -0.679 0.278 0.56 0.823 0.215 -0.056 -0.359 -0.635 -0.786 -0.281 0.567 -0.079 -0.63 0.405 0.178 0.643 -1 0.33 0.163 0.058 -0.211 -0.154 0.124 0.687 -1 -0.8 -0.751 0.764 0.722 -0.817 -0.459 4
0.832 0.667 -0.052 0.185 0.548 -0.195 0.163 -0.875 -0.583 -0.761 -0.575 -0.485 -0.64 -1 -0.625 -0.327 -0.467 0.524 -0.724 -0.444 -0.528 0.284 0.386 -0.42 -0.373 0.183 -0.79 -0.408 -0.72 0.064 0.354 -0.799 -0.205 -0.148 -0.208 -0.662 0.929 0.361 -0.262 0.68 0.02 0.497 0.941 0.338 1 -0.081 0.143 -0.438 4
0.746 0.565 -0.413 0.647 -0.411 0.333 -0.527 -0.629 -1 0.535 0.731 -0.019 -1 -0.797 -0.521 -0.3 0.943 0.856 0.264 1 -0.628 -0.837 -0.2 -0.254 -0.012 -0.205 0.296 0.521 0.497 0.673 -1 -0.678 0.339 1 -0.13 0.93 -0.228 0.343 -0.814 0.234 0.937 0.342 0.209 0.344 0.585 -0.737 0.961 0.162 7
-0.203 0.816 -0.554 0.223 -0.02 0.735 -0.524 -0.042 0.562 0.197 -0.779 0.888 -0.75 -0.912 -0.452 0.113 0.652 0.858 0.425 1 -0.754 -0.767 -0.345 -0.353 0.169 -0.087 0.37 0.827 -0.073 0.544 -0.133 0.433 -0.232 0.982 0.103 -0.546 -0.627 0.524 -0.607 -0.288 -0.103 0.269 -0.908 0.383 0.511 -0.933 0.049 -0.065 4
0.537 -0.291 0.559 0.561 -0.496 0.291 -0.686 0.881 -0.924 -0.106 0.571 -0.53 -0.64 -1 -0.625 -0.384 -0.442 0.649 -0.524 -0.668 -0.528 0.125 0.386 -0.42 -0.363 0.183 -0.605 -0.261 0.433 0.682 -0.775 -0.518 0.047 0.981 -0.116 0.802 -0.27 0.291 -0.905 -0.06 1 0.514 0.206 0.441 0.384 -0.737 0.763 0.525 10
0.659 0.571 -0.418 0.604 -0.451 0.194 -0.494 -0.151 -0.848 0.161 0.934 -0.055 -0.599 -1 -0.835 -0.213 -0.556 1 -0.755 -0.573 -0.382 0.307 0.283 -0.115 -0.2 0.15 -0.82 -0.464 0.826 0.2 -0.09 0.841 0.251 0.103 -0.789 -0.476 0.061 0.597 -0.738 -0.3 -0.37 -0.274 0.047 -0.125 -0.416 -0.05 -0.363 -0.334 116.5373
-0.136 0.946 -0.49 0.379 -0.196 1 -0.621 0.253 0.562 0.197 -0.779 0.888 -0.874 -0.227 -0.477 -0.406 -0.105 -0.52 0.44 0.321 0.992 1 -0.651 -0.956 0.815 -0.516 -0.599 0.151 0.486 0.682 -0.64 -0.518 -0.034 1 -0.158 0.802 -0.279 0.291 -0.905 -0.06 0.869 0.571 0.022 0.368 0.384 -0.737 0.809 0.29 7
0.832 0.784 0.072 0.306 0.548 -0.195 0.169 -0.905 -0.586 -0.887 -0.691 -0.562 0.719 -0.977 0.195 0.845 0.073 0.462 -0.571 0.842 0.602 0.558 -1 -0.815 -0.052 0.695 0.83 -0.015 -0.72 0.241 0.364 -0.776 -0.205 -0.002 -0.383 -0.7 0.808 0.135 -0.248 0.528 -0.209 0.496 0.941 0.63 1 -0.081 -0.031 -0.316 7
0.692 0.568 -0.519 0.778 -0.341 0.21 -0.632 -0.794 -0.784 0.421 0.612 0.028 -1 -1 -0.398 0.228 0.867 0.7 0.489 1 -0.529 -1 -0.337 -0.189 -0.195 -0.163 0.648 0.593 -0.135 0.417 -0.133 0.433 -0.296 1 -0.04 -0.591 -0.63 0.492 -0.609 -0.12 -0.149 0.333 -0.632 0.337 0.17 -0.712 0.049 0.1 44.12853
0.506 -0.176 0.557 0.561 -0.496 0.182 -0.529 1 -0.892 -0.234 0.444 -0.703 0.137 -0.359 -0.474 0.756 -0.704 -0.135 -0.011 0.499 0.492 0.157 -0.091 -0.279 -0.826 -0.914 -0.224 0.438 0.401 0.495 -0.976 -0.612 -0.315 0.871 -0.36 1 -0.319 0.456 -0.784 0.235 0.893 0.413 0.206 0.356 0.4 -0.619 0.604 0.162 4
-0.284 0.819 0.924 0.838 0.339 0.188 -0.328 -0.44 0.823 1 0.596 -0.917 0.668 -1 0.195 0.839 0.169 0.428 -0.488 0.737 0.925 0.424 -1 -0.686 0.038 0.702 0.794 -0.015 0.142 -0.228 0.245 0.218 -0.641 0.221 0.216 0.68 -1 -0.296 0.594 0.658 -0.388 0.731 -0.337 0.61 0.617 0.12 -0.019 -1 4
0.506 -0.176 0.376 0.561 -0.547 0.182 -0.529 1 -0.892 -0.271 0.444 -0.703 -1 -0.196 0.839 -0.52 -0.13 -0.221 0.099 0.28 0.992 0.249 0.348 -0.883 -0.228 0.599 0.374 0.228 0.142 -0.228 0.063 0.218 -0.641 0.108 0.216 0.68 -1 -0.223 0.697 0.658 -0.388 0.731 -0.192 0.61 0.617 0.088 -0.019 -1 4
-0.504 0.842 0.752 0.351 -0.261 -0.107 -0.358 -0.049 0.807 -0.846 0.391 -0.891 0.294 -0.498 -0.474 0.756 -0.704 -0.135 -0.011 0.499 0.492 0.157 -0.091 -0.438 -0.826 -0.914 -0.417 0.438 -0.798 -0.093 0.579 -0.874 -0.449 0.285 -0.303 -0.503 1 0.23 -0.071 0.68 -0.015 0.69 0.715 0.501 0.956 0.04 0.049 -0.214 4
-0.721 -0.013 0.297 0.798 -0.742 -1 -0.649 0.062 0.413 1 -0.733 -0.243 -0.898 -0.797 -0.521 -0.032 0.943 0.979 0.425 0.915 -0.754 -0.698 -0.2 -0.254 -0.087 -0.087 0.37 0.687 0.596 0.711 -1 0.355 -0.407 -0.869 0.225 -0.386 0.463 0.693 -0.268 -0.102 -0.007 0.384 -0.748 -0.041 0.966 0.936 0.717 -0.137 4
-0.142 0.989 -0.475 -0.067 0.066 0.986 -0.578 -0.046 0.207 0.509 -0.878 1 -0.68 -0.919 -1 -0.317 -0.354 0.93 -0.422 -0.469 -0.297 0.159 0.406 -0.11 -0.279 0.433 -0.829 -0.322 -0.05 -0.188 0.245 0.218 -0.641 0.359 0.216 0.68 -1 -0.127 0.594 0.658 -0.388 0.731 -0.337 0.61 0.804 0.12 -0.019 -0.9 4
-0.522 0.842 0.734 0.351 -0.261 0.065 -0.238 -0.091 0.997 -0.846 0.391 -0.893 -0.64 -1 -0.625 -0.384 -0.505 0.649 -0.524 -0.668 -0.497 0.125 0.386 -0.42 -0.363 0.235 -0.771 -0.261 0.081 -0.221 0.073 0.198 -0.511 0.319 0.26 0.789 -0.872 -0.127 0.646 0.546 -0.388 0.882 -0.688 0.625 0.806 0.437 0.077 -0.889 4
0.341 -0.771 -0.492 0.902 0.962 0.282 -0.998 -0.543 -0.581 -0.972 -1 0.396 -0.647 -1 -0.963 -0.384 -0.431 0.483 -0.524 -0.943 -0.528 0.01 0.483 -0.187 -0.176 0.059 -0.653 -0.14 -0.72 -0.096 0.57 -0.874 -0.385 -0.082 -0.383 -0.673 0.929 0.185 -0.085 0.68 -0.194 0.356 0.861 0.63 0.993 -0.179 -0.244 -0.272 4
0.656 0.667 0.072 0.165 0.48 -0.321 -0.017 -0.905 -0.849 -0.761 -0.609 -0.626 -1 -0.196 0.839 -0.425 -0.261 -0.393 0.034 0.227 1 0.249 0.429 -1 -0.228 0.738 0.39 0.264 -0.833 -0.127 0.55 -0.893 -0.59 0.285 -0.383 -0.585 0.927 0.164 -0.059 0.802 -0.015 0.393 0.974 0.619 0.601 -0.101 0.15 -0.21 4
0.746 0.47 -0.413 0.63 -0.329 0.181 -0.465 -0.419 -0.875 0.747 0.85 -0.07 0.022 -0.179 -0.709 0.908 -0.783 -0.372 -0.261 0.669 1 0.454 -0.092 0.181 -0.784 -0.733 -0.404 0.277 0.497 0.682 -1 -0.518 -0.03 0.973 -0.195 0.891 -0.094 0.147 -0.814 0.151 0.846 0.312 0.308 0.31 0.469 -0.58 0.854 -0.056 6
0.692 0.566 -0.519 0.776 -0.166 0.294 -0.632 -0.626 -0.806 0.466 0.782 -0.064 0.137 -0.359 -0.474 0.756 -0.704 -0.135 -0.011 0.499 0.492 0.157 -0.091 -0.279 -0.826 -0.914 -0.224 0.438 0.691 0.835 -0.651 -0.285 -0.19 0.843 0.205 0.534 -0.235 0.4 -0.794 -0.227 0.526 0.642 0.229 0.351 0.273 -0.538 0.57 -0.048 4
-0.772 0.399 0.393 -0.333 0.884 -0.877 -0.889 0.778 -0.546 -0.354 -1 0.664 -0.784 -0.894 -0.66 -0.096 0.938 0.854 0.529 0.865 -0.852 -0.597 -0.235 -0.179 0.064 0.004 0.392 0.485 -0.72 -0.02 0.55 -1 -0.502 0.285 -0.244 -0.72 0.765 0.113 -0.216 0.553 -0.342 0.528 0.974 0.571 0.775 -0.013 0.055 -0.195 7
0.471 -0.617 -0.472 0.902 1 0.276 -0.958 -0.602 -0.641 -0.817 -1 0.44 0.167 -0.466 -0.314 0.858 -0.32 -0.64 0.278 0.56 0.823 0.096 -0.056 -0.359 -0.518 -0.786 -0.281 0.567 -0.073 0.544 -0.133 0.433 -0.281 0.982 -0.007 -0.546 -0.627 0.491 -0.607 -0.432 -0.103 0.269 -0.736 0.383 0.316 -0.871 0.049 -0.065 202.2023
0.562 0.847 -0.116 0.244 0.363 -0.383 -0.073 -1 -0.549 -0.823 -0.569 -0.315 -0.745 -0.526 -0.631 -0.096 0.979 0.923 0.446 0.915 -0.786 -0.56 -0.253 -0.243 0.06 0.001 0.432 0.556 -0.079 -0.63 0.405 0.178 0.643 -1 0.33 0.163 0.058 -0.1 -0.154 0.124 0.507 -1 -0.8 -0.751 0.764 0.643 -0.817 -0.361 12
0.469 -0.617 -0.53 0.902 0.973 0.373 -0.842 -0.543 -0.697 -0.642 -0.848 0.277 -1 -0.196 0.839 -0.425 -0.261 -0.401 0.211 0.185 0.825 0.249 0.379 -0.737 -0.228 0.567 0.39 0.074 0.499 0.641 -0.894 -0.595 -0.361 0.832 -0.36 1 -0.319 0.456 -0.884 0.235 0.893 0.413 0.206 0.356 0.4 -0.619 0.604 0.162 7
0.015 0.989 -0.583 -0.243 -0.018 0.986 -0.578 0.02 0.279 0.428 -0.723 1 -1 -0.982 -0.496 0.133 0.946 0.885 0.112 0.806 -0.543 -0.871 -0.24 -0.444 -0.406 0.01 0.784 0.562 0.483 0.495 -0.976 -0.474 -0.315 0.871 -0.183 1 -0.516 0.343 -0.819 0.207 0.793 0.43 0.306 0.572 0.4 -0.619 0.604 0.178 5
0.562 0.847 -0.116 0.244 0.363 -0.466 -0.073 -1 -0.549 -0.92 -0.569 -0.244 -0.721 -0.821 -0.977 -0.201 -0.116 0.394 0.519 -0.426 0.197 0.034 -0.327 -0.332 0.362 -0.149 -0.206 -0.851 0.081 -0.141 -0.035 0.218 -0.685 0.186 0.216 0.68 -0.701 -0.252 0.594 0.546 -0.388 0.731 -0.338 0.506 0.727 0.387 -0.078 -0.9 4
-0.522 0.842 0.734 0.351 -0.261 0.065 -0.238 -0.091 0.845 -0.846 0.391 -0.837 -0.647 -1 -0.963 -0.384 -0.431 0.483 -0.524 -0.943 -0.528 0.01 0.483 -0.187 -0.176 0.059 -0.653 -0.14 0.081 -0.221 0.073 0.198 -0.511 0.319 0.26 0.68 -0.872 -0.127 0.646 0.546 -0.388 0.882 -0.688 0.61 0.806 0.437 -0.019 -0.889 4
-0.492 0.351 -0.294 -0.631 -0.487 -0.639 -1 0.185 -0.554 0.23 0.195 -0.891 -0.826 -1 -0.782 -0.384 -0.623 0.483 -0.524 -0.668 -0.353 0.205 0.459 -0.42 -0.176 -0.081 -0.653 -0.34 -0.476 0.6 -0.413 0.254 0.738 0.888 0.313 0.56 -0.415 -0.848 -0.788 0.61 -0.304 -0.618 -0.542 -0.049 -0.16 0.679 1 0.801 4
-0.712 0.899 1 0.191 0.123 -0.044 -0.258 0.084 0.691 -0.835 0.226 -1 -0.882 -0.266 0.709 -0.562 -0.32 -0.732 -0.069 0.328 0.938 0.452 0.23 -0.864 -0.079 0.354 0.334 0.116 0.142 -0.228 0.245 0.133 -0.756 0.221 0.216 0.68 -1 -0.212 0.594 0.658 -0.388 0.731 -0.337 0.61 0.617 0.181 -0.019 -1 4
-0.806 0.351 -0.605 -0.755 -0.204 -0.341 -0.912 -0.07 -0.437 0.258 0.236 -0.811 -1 -1 -0.398 0.228 0.867 0.7 0.489 1 -0.529 -1 -0.337 -0.189 -0.195 -0.163 0.648 0.593 -0.72 -0.026 0.674 -0.874 -0.545 0.285 -0.383 -0.667 0.929 0.097 -0.085 0.68 -0.015 0.528 0.8 0.571 0.956 0.04 -0.051 -0.214 7
0.783 0.644 -0.31 0.63 -0.329 0.361 -0.35 -0.419 -0.786 0.747 0.926 0.04 -1 -0.196 0.839 -0.425 -0.13 -0.401 0.058 0.185 0.992 0.249 0.379 -0.917 -0.228 0.567 0.427 0.228 0.486 0.682 -0.775 -0.518 -0.036 0.981 -0.116 0.802 -0.27 0.291 -0.905 -0.06 1 0.571 0.109 0.441 0.384 -0.737 0.763 0.369 5
0.506 -0.176 0.557 0.561 -0.496 0.182 -0.529 1 -0.892 -0.234 0.444 -0.703 0.137 -0.359 -0.474 0.756 -0.704 -0.135 -0.011 0.499 0.492 0.157 -0.091 -0.279 -0.826 -0.914 -0.224 0.438 0.142 -0.228 0.245 0.218 -0.641 0.221 0.216 0.68 -1 -0.296 0.594 0.658 -0.388 0.731 -0.337 0.61 0.617 0.12 -0.019 -1 4
0.692 0.692 -0.519 0.776 -0.166 0.294 -0.632 -0.794 -0.806 0.466 0.718 0.015 0.022 -0.179 -0.709 0.908 -0.783 -0.372 -0.261 0.669 1 0.454 -0.092 0.181 -0.784 -0.733 -0.404 0.277 -0.276 0.346 -0.705 0.233 1 0.684 0.491 0.573 -0.33 -0.986 -0.727 0.603 -0.498 -0.991 -0.517 -0.324 -0.295 1 0.96 0.748 4
0.692 0.566 -0.519 0.776 -0.166 0.294 -0.632 -0.626 -0.806 0.466 0.782 -0.064 0.137 -0.359 -0.474 0.756 -0.704 -0.135 -0.011 0.499 0.492 0.157 -0.091 -0.279 -0.826 -0.914 -0.224 0.438 -0.835 -0.232 0.439 -1 -0.385 -0.012 -0.383 -0.673 0.829 0.185 0.004 0.549 -0.307 0.356 0.861 0.63 1 -0.179 -0.28 -0.272 4
0.887 0.602 -0.413 0.63 -0.329 0.35 -0.534 -0.419 -0.8 0.675 0.85 -0.015 0.137 -0.359 -0.474 0.756 -0.704 -0.135 -0.011 0.499 0.492 0.157 -0.091 -0.279 -0.826 -0.914 -0.224 0.438 0.151 -0.229 0.383 0.198 -1 -0.121 0.173 0.822 -0.94 -0.127 0.478 0.589 -0.513 0.544 -0.378 0.836 0.809 0.001 -0.134 -0.996 4
0.55 0.578 -0.636 0.776 -0.159 0.294 -0.632 -0.991 -0.806 0.362 0.718 0.015 -1 -0.196 0.839 -0.425 -0.261 -0.401 0.058 0.185 1 0.249 0.54 -0.917 -0.228 0.567 0.39 0.16 -0.72 -0.026 0.55 -0.874 -0.502 0.285 -0.492 -0.72 0.929 0.097 -0.085 0.68 -0.015 0.528 0.974 0.571 0.775 -0.018 0.055 -0.21 4
0.783 0.644 -0.31 0.63 -0.329 0.368 -0.391 -0.312 -0.786 0.893 0.926 0.045 -1 -0.196 0.839 -0.528 -0.13 -0.506 0.058 0.185 0.861 0.359 0.342 -0.917 -0.228 0.567 0.278 0.36 -0.882 -0.026 0.674 -0.756 -0.676 0.285 -0.383 -0.667 0.819 0.097 -0.085 0.68 -0.015 0.528 0.8 0.571 1 -0.154 -0.051 -0.214 4
-0.706 0.399 0.393 -0.333 0.884 -0.877 -0.889 0.616 -0.713 -0.354 -1 0.664 -0.784 -0.758 -0.66 -0.096 0.938 0.868 0.529 0.865 -0.852 -0.657 -0.227 -0.179 0.064 0.004 0.348 0.485 -0.72 -0.096 0.57 -0.874 -0.385 -0.082 -0.383 -0.673 0.929 0.185 -0.085 0.68 -0.194 0.356 0.861 0.63 0.993 -0.179 -0.244 -0.272 7
0.832 0.784 0.072 0.165 0.548 -0.195 0.163 -0.905 -0.538 -0.818 -0.725 -0.59 -0.586 -0.805 -0.464 0.181 0.961 0.823 0.529 1 -0.49 -0.537 -0.326 -0.326 0.064 -0.375 0.289 0.556 0.399 0.938 -0.701 0.031 -0.582 -0.862 0.139 -0.576 0.434 0.775 -0.155 -0.232 -0.098 0.201 -0.631 -0.234 1 1 0.298 -0.145 6
0.832 0.784 0.072 0.165 0.548 -0.195 0.163 -0.905 -0.538 -0.818 -0.725 -0.59 0.167 -0.498 -0.314 0.858 -0.601 -0.419 0.11 0.563 0.956 0.067 -0.056 -0.374 -0.256 -0.786 -0.281 0.753 0.399 0.938 -0.701 0.031 -0.582 -0.862 0.139 -0.576 0.434 0.775 -0.155 -0.232 -0.098 0.201 -0.631 -0.234 1 1 0.298 -0.145 7
0.783 0.644 -0.229 0.51 -0.329 0.361 -0.35 -0.252 -0.786 0.747 0.908 0.134 -1 -0.202 0.839 -0.425 -0.13 -0.401 -0.001 0.27 1 0.249 0.366 -0.917 -0.228 0.485 0.427 0.068 -0.72 0.126 0.595 -0.874 -0.545 0.483 -0.383 -0.528 0.929 -0.077 -0.252 0.68 0.106 0.528 0.926 0.571 0.948 0.04 -0.051 -0.35 4
0.562 0.847 -0.116 0.244 0.363 -0.383 -0.073 -1 -0.549 -0.823 -0.569 -0.315 0.167 -0.466 -0.314 0.858 -0.32 -0.64 0.278 0.56 0.823 0.096 -0.056 -0.359 -0.518 -0.786 -0.281 0.567 -0.079 -0.63 0.405 0.178 0.643 -1 0.33 0.163 0.058 -0.1 -0.154 0.124 0.507 -1 -0.8 -0.751 0.764 0.643 -0.817 -0.361 4
-0.378 -0.675 -1 -0.069 0.378 0.422 -0.665 -0.407 -0.347 0.114 1 0.377 -1 -0.231 0.839 -0.425 -0.394 -0.567 0.194 0.252 1 0.2 0.349 -0.727 -0.16 0.567 0.39 0.228 -0.72 0.046 0.391 -0.685 -0.385 -0.276 -0.349 -0.863 0.734 -0.035 -0.102 0.572 -0.105 0.325 1 0.448 0.951 -0.124 -0.162 0.119 5
0.692 0.643 -0.47 0.776 -0.269 0.113 -0.632 -0.626 -0.93 0.255 0.782 -0.042 -0.715 -0.196 0.841 -0.52 -0.281 -0.689 0.058 0.444 0.987 0.286 0.308 -0.871 -0.457 0.462 0.336 -0.013 0.497 0.549 -1 -0.518 0.133 1 -0.183 1 -0.125 0.43 -0.814 0.234 0.937 0.175 0.215 0.495 0.28 -0.774 0.961 0.162 114.346
0.436 0.017 0.645 0.561 -0.496 0.291 -0.508 0.94 -0.924 -0.239 0.349 -0.703 -0.517 -0.571 -0.496 -0.359 -0.105 -0.684 0.256 0.419 1 0.82 -0.651 -0.956 0.619 -0.516 -0.517 0.151 0.298 0.619 -0.976 -0.612 -0.315 0.989 -0.36 0.876 -0.319 0.343 -0.784 0.235 0.893 0.133 0.263 0.46 0.4 -0.759 0.694 0.191 6
-0.645 0.399 0.393 -0.333 0.884 -0.877 -0.889 0.57 -0.661 -0.354 -1 0.859 -0.784 -0.758 -0.66 -0.096 0.938 0.868 0.529 0.865 -0.852 -0.751 -0.227 -0.179 0.012 0.004 0.348 0.626 -0.72 -0.024 0.57 -0.882 -0.516 -0.082 -0.358 -0.673 0.929 0.293 -0.047 0.664 -0.121 0.356 0.861 0.63 0.993 -0.179 -0.244 -0.419 4
0.746 0.616 -0.459 0.74 -0.451 0.107 -0.61 -0.075 -0.848 0.156 0.914 -0.055 -1 -0.632 -0.479 -0.032 0.943 0.979 0.425 0.915 -0.754 -0.557 -0.188 -0.21 -0.087 0.034 0.37 0.687 -0.013 0.313 -0.046 0.433 -0.368 1 -0.007 -0.633 -1 0.476 -0.683 -0.314 0.113 0.162 -0.778 0.447 0.094 -0.74 -0.058 0.1 7
0.595 0.659 -0.413 0.574 -0.268 0.281 -0.402 -0.24 -0.898 0.333 0.914 -0.035 0.232 -0.155 -0.518 0.823 -0.596 -0.374 -0.38 0.727 0.938 0.674 -0.133 0.181 -0.814 -0.873 -0.313 0.242 0.596 0.711 -1 0.355 -0.407 -0.869 0.225 -0.386 0.463 0.693 -0.268 -0.102 -0.007 0.384 -0.748 -0.041 0.966 0.936 0.717 -0.137 7
-0.142 0.989 -0.583 -0.067 -0.047 0.986 -0.708 0.018 0.207 0.428 -0.649 1 -1 -0.159 0.686 -0.894 -0.376 -0.5 -0.073 -0.126 0.88 0.368 0.641 -0.905 -0.382 0.382 0.591 0.423 0.151 -0.01 0.399 0 -1 0.098 0.122 0.801 -1 -0.127 0.507 0.579 -0.357 0.544 -0.402 0.96 0.606 0.048 -0.178 -0.996 4
-0.142 0.989 -0.583 -0.067 -0.047 0.992 -0.708 0.018 0.207 0.293 -0.479 1 -0.891 -0.121 0.639 -0.894 -0.268 -0.5 -0.181 -0.126 0.735 0.374 0.743 -0.905 -0.254 0.382 0.591 0.549 0.151 -0.01 0.399 0.045 -1 0.098 0.122 0.82 -1 -0.127 0.66 0.518 -0.357 0.544 -0.402 0.96 0.799 -0.026 -0.178 -0.996 4
-0.49 -0.082 0.576 0.95 -0.796 -0.861 -0.19 -0.127 0.457 1 -0.654 -0.412 -0.861 -0.196 0.839 -0.425 -0.261 -0.241 0.058 0.185 0.992 0.077 0.379 -1 -0.228 0.567 0.541 0.228 0.081 -0.221 0.073 0.198 -0.668 0.319 0.26 0.671 -0.872 -0.127 0.646 0.39 -0.388 0.882 -0.654 0.6 0.727 0.248 -0.019 -0.707 4
0.55 0.692 -0.519 0.776 -0.159 0.294 -0.632 -0.991 -0.806 0.362 0.718 0.015 -1 -0.152 0.788 -0.912 -0.317 -0.643 -0.144 -0.13 0.818 0.619 0.612 -1 -0.294 0.382 0.236 0.495 -0.72 0.064 0.354 -0.799 -0.205 -0.148 -0.208 -0.662 0.929 0.361 -0.262 0.68 0.02 0.497 0.941 0.338 1 -0.081 0.143 -0.438 4
0.832 0.667 -0.052 0.185 0.548 -0.195 0.163 -0.875 -0.583 -0.761 -0.575 -0.485 -0.64 -1 -0.625 -0.327 -0.467 0.524 -0.724 -0.444 -0.528 0.284 0.386 -0.42 -0.373 0.183 -0.79 -0.408 -0.29 -0.141 0.397 -0.311 -0.133 0.367 0.394 -0.825 0.531 -0.363 -0.973 0.038 -0.47 -0.016 -0.378 0.954 -0.372 -0.272 -0.327 -0.947 4
0.859 0.644 -0.413 0.63 -0.337 0.361 -0.457 -0.479 -0.766 0.747 0.926 -0.124 -0.914 -0.196 0.839 -0.425 -0.368 -0.401 -0.014 0.185 0.992 0.383 0.353 -0.815 -0.228 0.623 0.39 0.381 -0.72 -0.096 0.57 -0.874 -0.385 -0.082 -0.383 -0.673 0.929 0.185 -0.085 0.68 -0.194 0.356 0.861 0.63 0.993 -0.179 -0.244 -0.272 4
-0.721 -0.013 0.297 0.798 -0.742 -1 -0.649 0.062 0.413 1 -0.733 -0.243 -0.755 -1 -1 -0.414 0.007 0.358 0.84 -0.384 0.223 -0.086 -0.612 0.185 0.461 -0.337 -0.446 -0.65 0.486 0.682 -0.775 -0.518 -0.036 0.981 -0.116 0.802 -0.27 0.291 -0.905 -0.06 1 0.571 0.109 0.441 0.384 -0.737 0.763 0.369 4
0.692 0.568 -0.519 0.778 -0.341 0.21 -0.632 -0.794 -0.784 0.421 0.612 0.028 0.719 -0.977 0.195 0.845 0.073 0.462 -0.571 0.842 0.602 0.558 -1 -0.815 -0.052 0.695 0.83 -0.015 -0.72 0.241 0.364 -0.776 -0.205 -0.002 -0.383 -0.7 0.808 0.135 -0.248 0.528 -0.209 0.496 0.941 0.63 1 -0.081 -0.031 -0.316 4
-0.142 1 -0.59 -0.067 0.066 0.986 -0.578 -0.046 0.207 0.443 -0.914 0.92 -0.68 -0.919 -1 -0.195 -0.354 0.93 -0.245 -0.469 -0.297 0.132 0.585 -0.11 -0.326 0.433 -0.829 -0.346 -0.371 0.379 -0.621 0.178 1 0.862 0.746 0.675 -0.477 -0.914 -0.532 0.603 -0.421 -0.8 -0.448 0.003 -0.295 1 0.85 0.904 4
0.281 -0.452 -0.441 1 1 0.592 -1 -0.619 -0.717 -0.631 -0.826 0.307 -0.898 -0.797 -0.521 -0.032 1 0.979 0.425 0.915 -0.697 -0.698 -0.2 -0.254 -0.087 -0.087 0.37 0.687 -0.702 -0.718 0.51 0.545 0.722 -0.889 0.166 0.061 0.058 -0.189 -0.024 -0.138 0.444 -0.903 -1 -0.534 0.619 0.711 -1 -0.298 4
0.341 -0.617 -0.492 0.902 0.978 0.268 -0.808 -0.694 -0.724 -0.786 -0.92 0.443 0.167 -0.466 -0.314 0.858 -0.32 -0.64 0.278 0.56 0.823 0.096 -0.056 -0.359 -0.518 -0.786 -0.281 0.567 0.149 0.758 -0.921 0.191 -0.381 -0.939 0.012 -0.492 0.176 0.464 -0.366 -0.232 0.085 0.196 -0.663 -0.346 0.916 0.834 0.834 -0.137 4
-0.669 0.439 -0.277 -0.631 -0.484 -0.469 -0.912 0.185 -0.408 0.23 0.195 -0.891 0.604 -1 0.195 0.784 0.009 0.519 -0.32 0.842 0.589 0.558 -1 -0.848 -0.389 0.801 0.918 -0.015 -0.543 -0.718 0.51 0.545 0.722 -0.889 0.166 0.061 0.058 -0.189 -0.131 -0.003 0.457 -0.903 -1 -0.534 0.764 0.711 -1 -0.298 4
0.746 0.757 -0.413 0.489 -0.297 0.333 -0.297 -0.648 -0.984 0.348 0.731 -0.031 -0.784 -0.716 -0.521 -0.096 0.979 0.842 0.529 0.915 -0.786 -0.56 -0.326 -0.179 0.064 0.04 0.239 0.556 -0.05 -0.188 0.245 0.218 -0.641 0.359 0.216 0.68 -1 -0.127 0.594 0.658 -0.388 0.731 -0.337 0.61 0.804 0.12 -0.019 -0.9 4
-0.284 0.808 1 0.834 0.281 0.188 -0.513 -0.276 0.795 1 0.768 -0.91 -0.784 -0.758 -0.66 -0.096 0.938 0.868 0.529 0.865 -0.852 -0.657 -0.227 -0.179 0.064 0.004 0.348 0.485 0.208 -0.249 -0.075 0.397 -0.535 0.105 0.257 -0.117 -0.268 0.299 0.648 0.828 0.61 -0.22 1 0.502 0.398 -0.364 0.496 0.25 4
-0.706 0.399 0.393 -0.333 0.884 -0.877 -0.889 0.616 -0.713 -0.354 -1 0.664 -1 -0.399 0.898 -0.316 -0.122 -0.657 -0.378 0.316 0.884 0.421 0.151 -0.773 -0.22 0.325 0.093 0.178 -0.72 -0.02 0.55 -0.874 -0.502 0.285 -0.244 -0.72 0.765 0.097 -0.085 0.553 -0.167 0.528 0.974 0.571 0.775 -0.013 0.055 -0.195 4
0.692 0.568 -0.519 0.778 -0.341 0.21 -0.632 -0.794 -0.784 0.421 0.612 0.028 0.719 -0.977 0.195 0.845 0.073 0.462 -0.571 0.842 0.602 0.558 -1 -0.815 -0.052 0.695 0.83 -0.015 -0.72 0.241 0.364 -0.776 -0.205 -0.002 -0.383 -0.7 0.808 0.135 -0.248 0.528 -0.209 0.496 0.941 0.63 1 -0.081 -0.031 -0.316 4
0.832 0.822 0.072 0.165 0.548 -0.195 0.163 -0.905 -0.538 -0.818 -0.638 -0.511 0.167 -0.498 -0.314 0.858 -0.601 -0.557 0.11 0.563 0.956 0.084 -0.015 -0.374 -0.256 -0.786 -0.281 0.753 0.081 -0.228 0.073 0.1 -0.641 0.409 0.32 0.776 -0.872 -0.117 0.655 0.546 -0.341 0.7 -0.286 0.61 0.727 0.267 0.01 -0.9 4
0.55 0.692 -0.519 0.776 -0.159 0.294 -0.632 -0.991 -0.806 0.362 0.718 0.015 -0.914 -0.196 0.839 -0.425 -0.368 -0.401 -0.014 0.185 0.992 0.383 0.353 -0.815 -0.228 0.623 0.39 0.381 -0.72 0.075 0.55 -0.874 -0.502 0.102 -0.383 -0.853 0.929 0.097 -0.085 0.68 -0.088 0.496 0.986 0.488 0.823 -0.018 -0.05 -0.21 4
-0.611 -0.013 0.557 0.798 -0.742 -1 -0.536 0.062 0.393 0.891 -0.683 -0.214 -1 -0.679 -0.578 -0.178 0.943 0.979 0.425 0.986 -0.545 -0.803 -0.2 -0.254 -0.087 -0.087 0.37 0.687 0.497 0.865 -1 -0.384 -0.03 0.777 -0.183 1 -0.25 0.343 -0.814 0.217 0.932 0.312 0.209 0.495 0.4 -0.737 0.961 0.253 7
-0.611 -0.013 0.557 0.798 -0.742 -1 -0.536 0.062 0.393 0.891 -0.683 -0.214 -0.914 -0.196 0.839 -0.425 -0.368 -0.401 -0.014 0.185 0.992 0.383 0.353 -0.815 -0.228 0.623 0.39 0.381 -0.72 0.075 0.55 -0.874 -0.502 0.102 -0.383 -0.853 0.929 0.097 -0.085 0.68 -0.088 0.496 0.986 0.488 0.823 -0.018 -0.05 -0.21 4
-0.311 -0.12 -0.701 0.263 0.845 0.493 -0.515 -0.604 -0.348 -0.08 0.78 0.371 -1 -0.76 -0.638 -0.105 0.943 0.979 0.425 0.915 -0.754 -0.594 -0.093 -0.336 -0.087 0.073 0.19 0.884 0.521 0.682 -0.651 -0.518 -0.036 0.981 -0.116 0.914 -0.27 0.291 -0.905 -0.06 0.827 0.729 0.109 0.602 0.384 -0.546 0.763 0.406 4
-0.592 -0.012 0.355 0.95 -0.593 -1 -0.536 0.062 0.334 1 -0.733 -0.173 -1 -0.126 0.626 -0.894 -0.317 -0.537 -0.073 -0.133 0.712 0.501 0.449 -1 -0.228 0.266 0.422 0.346 -0.543 -0.718 0.663 0.545 0.722 -0.896 0.166 0.083 -0.188 -0.348 -0.31 -0.003 0.457 -0.903 -0.834 -0.578 0.764 0.575 -1 -0.298 4
-0.261 -0.105 -0.765 0.109 0.845 0.493 -0.515 -0.604 -0.484 -0.033 0.878 0.39 -0.337 -0.671 -0.682 -0.146 0.214 -0.845 0.196 0.258 0.919 0.774 -0.887 -0.99 0.815 -0.71 -0.507 -0.104 0.596 0.711 -1 0.227 -0.407 -0.791 0.03 -0.386 0.463 0.693 -0.379 -0.232 -0.069 0.235 -0.748 -0.041 1 0.936 0.717 -0.137 4
-0.489 0.062 0.47 0.798 -0.77 -0.761 -0.424 -0.031 0.561 0.965 -0.654 -0.371 -1 -0.196 0.839 -0.51 -0.21 -0.401 0.058 0.185 1 0.249 0.445 -0.917 -0.228 0.567 0.496 0.228 0.092 -0.281 0.326 0.028 -0.753 0.12 0.122 0.627 -1 -0.127 0.469 0.579 -0.556 0.377 -0.402 0.836 0.606 0.185 -0.178 -1 4
0.887 0.602 -0.413 0.63 -0.329 0.35 -0.534 -0.419 -0.8 0.675 0.85 -0.015 -0.689 -0.196 0.986 -0.562 -0.281 -0.616 0.058 0.497 0.992 0.249 0.205 -0.941 -0.409 0.462 0.325 0.166 -0.835 -0.232 0.439 -1 -0.385 -0.012 -0.383 -0.673 0.829 0.185 0.004 0.549 -0.307 0.356 0.861 0.63 1 -0.179 -0.28 -0.272 7
0.692 0.566 -0.519 0.776 -0.166 0.294 -0.632 -0.626 -0.806 0.466 0.782 -0.064 0.167 -0.67 -0.314 0.732 -0.444 -0.419 0.11 0.435 1 0.153 -0.056 -0.359 -0.395 -0.786 -0.114 0.574 -0.72 0.075 0.55 -0.874 -0.385 0.102 -0.236 -0.673 0.929 0.07 -0.085 0.68 -0.194 0.496 1 0.63 0.959 -0.097 -0.05 -0.272 7
-0.611 -0.013 0.471 0.726 -0.702 -0.98 -0.536 0.062 0.403 0.835 -0.888 -0.173 0.167 -0.466 -0.314 0.746 -0.436 -0.64 0.278 0.56 0.823 0.096 -0.056 -0.359 -0.575 -0.714 -0.281 0.567 0.094 -0.228 0.073 0.218 -0.642 0.319 0.115 0.68 -1 -0.127 0.594 0.546 -0.388 0.652 -0.337 0.61 0.727 0.267 0.054 -0.776 4
1 0.572 -0.634 0.912 -0.235 0.408 -0.497 -0.635 -0.587 0.642 0.822 -0.135 0.269 -0.236 -0.312 0.919 -0.704 -0.246 0.177 0.499 0.657 0.327 -0.087 -0.126 -0.476 -1 -0.153 0.438 0.586 0.835 -0.456 -0.285 -0.248 0.984 0.341 0.679 -0.104 0.4 -0.735 -0.227 0.526 0.642 0.229 0.535 0.273 -0.724 0.57 -0.048 6
0.746 0.565 -0.413 0.647 -0.219 0.333 -0.527 -0.629 -1 0.535 0.731 -0.019 -0.901 -0.194 0.834 -0.453 -0.282 -0.564 0.058 0.338 0.992 0.511 0.379 -0.941 -0.271 0.382 0.325 0.013 0.657 0.637 -0.846 0.363 -0.483 -0.646 0.046 -0.477 0.541 0.956 -0.379 -0.303 -0.13 0.264 -0.589 -0.309 0.857 0.789 0.666 -0.324 4
-0.678 -0.082 0.471 0.798 -0.796 -1 -0.401 0.089 0.457 1 -0.654 -0.183 -0.851 -0.833 -0.638 -0.032 0.943 0.979 0.425 0.915 -0.754 -0.698 -0.2 -0.254 -0.087 0.112 0.19 0.811 0.401 0.495 -1 -0.612 -0.382 0.799 -0.36 0.791 -0.14 0.246 -0.942 0.209 0.934 0.312 0.206 0.338 0.34 -0.619 0.53 0.162 16
0.341 -0.617 -0.492 0.902 0.978 0.268 -0.808 -0.694 -0.724 -0.786 -0.92 0.443 0.167 -0.466 -0.314 0.858 -0.32 -0.64 0.278 0.56 0.823 0.096 -0.056 -0.359 -0.518 -0.786 -0.281 0.567 -0.543 -0.718 0.51 0.545 0.722 -0.889 0.166 0.061 0.058 -0.189 -0.131 -0.003 0.457 -0.903 -1 -0.534 0.764 0.711 -1 -0.298 4
0.692 0.566 -0.519 0.776 -0.166 0.294 -0.632 -0.626 -0.806 0.466 0.782 -0.064 0.137 -0.359 -0.474 0.756 -0.704 -0.135 -0.011 0.499 0.492 0.157 -0.091 -0.279 -0.826 -0.914 -0.224 0.438 0.081 -0.228 0.073 0.218 -0.641 0.319 0.216 0.68 -0.872 -0.127 0.594 0.546 -0.388 0.731 -0.337 0.61 0.727 0.267 -0.019 -0.9 4
0.052 0.946 -0.554 0.378 -0.196 0.891 -0.621 0.253 0.562 0.197 -0.779 0.888 -1 -0.159 0.686 -0.894 -0.317 -0.564 -0.073 0.063 0.88 0.442 0.641 -1 -0.228 0.382 0.422 0.423 -0.72 0.241 0.354 -0.874 -0.205 -0.002 -0.383 -0.854 0.929 0.192 -0.262 0.68 -0.09 0.496 0.941 0.63 1 -0.097 0.143 -0.463 4
0.55 0.692 -0.519 0.776 -0.159 0.294 -0.632 -0.991 -0.806 0.362 0.718 0.015 -0.643 -0.773 -0.821 0.081 -0.484 0.872 -0.806 -0.324 -0.464 0.361 0.252 -0.178 -0.279 0.139 -0.832 -0.461 -0.363 -0.367 0.405 0.591 0.86 -0.911 0.078 0.089 0.009 -0.1 -0.131 0.187 0.41 -0.836 -0.819 -0.709 0.764 0.775 -0.984 -0.261 4
0.341 -0.771 -0.492 0.902 0.962 0.282 -0.998 -0.543 -0.581 -0.972 -1 0.396 -0.721 -0.821 -0.977 -0.201 -0.116 0.394 0.519 -0.426 0.197 0.034 -0.327 -0.332 0.362 -0.149 -0.206 -0.851 -0.72 0.344 0.354 -0.874 -0.385 -0.002 -0.231 -0.621 0.929 0.088 -0.085 0.68 -0.09 0.496 0.986 0.63 1 0.077 0.143 -0.331 4
-0.04 0.989 -0.475 -0.067 0.066 0.986 -0.578 -0.046 0.207 0.509 -0.878 1 -0.68 -0.975 -1 -0.317 -0.464 1 -0.267 -0.469 -0.308 0.159 0.406 0.022 -0.279 0.433 -0.829 -0.322 -0.332 0.457 -0.521 0.178 1 0.942 0.746 0.573 -0.595 -0.87 -0.727 0.603 -0.421 -0.734 -0.448 -0.147 -0.295 1 0.85 1 4
-0.737 -0.013 0.602 0.603 -0.698 -1 -0.649 0.196 0.226 1 -0.733 -0.046 -1 -0.152 0.788 -0.912 -0.375 -0.473 -0.08 -0.082 0.818 0.619 0.707 -1 -0.294 0.417 0.041 0.352 0.691 0.835 -0.651 -0.277 -0.286 0.843 0.205 0.534 -0.185 0.4 -0.794 -0.227 0.526 0.642 0.15 0.397 0.193 -0.613 0.47 -0.048 4
-0.806 0.351 -0.605 -0.755 -0.204 -0.341 -0.912 -0.07 -0.437 0.258 0.236 -0.811 -1 -1 -0.398 0.228 0.867 0.7 0.489 1 -0.529 -1 -0.337 -0.189 -0.195 -0.163 0.648 0.593 0.486 0.682 -0.775 -0.518 -0.036 0.981 -0.116 0.802 -0.27 0.291 -0.905 -0.06 1 0.571 0.109 0.441 0.384 -0.737 0.763 0.369 4
-0.142 0.989 -0.475 -0.134 0.066 0.986 -0.578 -0.046 0.207 0.509 -0.848 1 -0.898 -0.632 -0.521 -0.032 0.943 0.879 0.443 0.915 -0.738 -0.698 -0.188 -0.39 -0.087 -0.224 0.37 0.687 0.433 0.707 -0.775 -0.519 0.047 0.793 -0.116 0.802 -0.27 0.263 -0.905 -0.06 1 0.514 0.206 0.476 0.384 -0.883 0.763 0.525 7
0.55 0.569 -0.654 0.776 -0.122 0.294 -0.632 -0.991 -0.806 0.362 0.718 0.015 -1 -1 -0.398 0.361 0.754 0.55 0.474 1 -0.617 -1 -0.244 -0.189 -0.195 -0.343 0.648 0.7 -0.72 0.075 0.452 -0.874 -0.502 0.102 -0.383 -0.853 0.929 0.097 -0.085 0.68 -0.222 0.587 0.986 0.403 0.823 -0.018 -0.05 -0.21 7
0.783 0.644 -0.413 0.63 -0.329 0.463 -0.57 -0.352 -0.689 0.747 0.926 -0.3 -1 -1 -0.351 0.181 0.867 0.7 0.489 1 -0.529 -1 -0.337 0.006 -0.195 -0.163 0.648 0.593 -0.358 -0.161 0.397 -0.329 -0.274 0.322 0.634 -0.932 0.382 -0.363 -1 -0.117 -0.47 0.144 -0.378 0.739 -0.467 -0.272 -0.15 -1 4
0.506 -0.176 0.557 0.561 -0.496 0.182 -0.529 1 -0.892 -0.234 0.444 -0.703 -0.603 -0.833 -0.821 0.081 -0.464 0.971 -0.845 -0.342 -0.626 0.361 0.266 -0.149 -0.239 0.323 -0.746 -0.461 0.142 -0.228 0.245 0.218 -0.641 0.221 0.216 0.68 -1 -0.296 0.594 0.658 -0.388 0.731 -0.337 0.61 0.617 0.12 -0.019 -1 4
-0.85 0.35 -0.081 -0.593 -0.144 -0.3 -1 0.237 -0.529 0.297 0.543 -0.867 0.137 -0.359 -0.474 0.756 -0.704 -0.135 -0.011 0.499 0.492 0.157 -0.091 -0.279 -0.826 -0.914 -0.224 0.438 0.497 0.682 -1 -0.489 0.166 0.975 -0.183 0.836 -0.25 0.343 -0.814 0.234 0.937 0.312 0.209 0.344 0.585 -0.737 0.961 0.162 5
0.746 0.47 -0.413 0.63 -0.329 0.181 -0.465 -0.419 -0.875 0.747 0.85 -0.07 0.137 -0.359 -0.474 0.756 -0.704 -0.135 -0.011 0.499 0.492 0.157 -0.091 -0.279 -0.826 -0.914 -0.224 0.438 0.399 0.938 -0.701 0.031 -0.582 -0.862 0.139 -0.576 0.434 0.775 -0.155 -0.232 -0.098 0.201 -0.631 -0.234 1 1 0.298 -0.145 7
0.887 0.602 -0.413 0.63 -0.329 0.35 -0.534 -0.419 -0.8 0.675 0.85 -0.015 -0.64 -1 -0.745 -0.384 -0.442 0.649 -0.524 -0.668 -0.58 -0.001 0.415 -0.42 -0.288 0.282 -0.739 -0.388 -0.835 -0.232 0.439 -1 -0.385 -0.012 -0.383 -0.673 0.829 0.185 0.004 0.549 -0.307 0.356 0.861 0.63 1 -0.179 -0.28 -0.272 4
0.688 0.438 -0.64 0.493 -0.615 0.262 -0.457 -0.225 -0.803 0.331 0.853 -0.076 -0.664 -0.196 0.986 -0.589 -0.281 -0.745 0.058 0.346 0.992 0.404 0.308 -1 -0.459 0.462 0.057 0.166 -0.65 0.104 0.33 -0.941 -0.494 0.004 -0.483 -0.944 0.964 0.204 -0.203 0.488 -0.235 0.325 0.941 0.63 1 -0.124 0.096 -0.236 4
0.692 0.445 -0.519 0.776 -0.166 0.239 -0.632 -0.626 -0.806 0.305 0.782 -0.042 -0.586 -0.805 -0.464 0.181 0.961 0.823 0.529 1 -0.49 -0.537 -0.326 -0.326 0.064 -0.375 0.289 0.556 -0.72 0.344 0.354 -0.874 -0.385 -0.002 -0.231 -0.621 0.929 0.088 -0.085 0.68 -0.09 0.496 0.986 0.63 1 0.077 0.143 -0.331 12
0.67 0.655 0.072 0.165 0.548 -0.25 0.163 -0.905 -0.441 -0.818 -0.725 -0.59 0.167 -0.498 -0.314 0.858 -0.665 -0.419 0.282 0.563 0.956 -0.12 -0.056 -0.374 -0.256 -0.591 -0.085 0.831 0.277 0.868 -0.961 -0.466 0.08 0.759 0.177 0.819 -0.251 0.295 -0.998 -0.052 0.886 0.43 -0.04 0.097 0.268 -0.631 0.645 0.45 7
0.052 1 -0.554 0.223 -0.02 0.784 -0.524 0.253 0.562 0.197 -0.779 0.888 -0.56 -0.894 -1 -0.317 -0.353 0.735 -0.6 -0.469 -0.111 0.124 0.406 0.093 -0.279 0.433 -0.929 -0.322 0.045 -0.231 0.376 0.166 -0.892 0.12 -0.076 0.594 -1 0.172 0.726 0.613 -0.648 0.196 -0.295 0.652 0.494 0.015 -0.283 -0.797 4
0.832 0.784 0.072 0.165 0.548 -0.195 0.163 -0.905 -0.538 -0.818 -0.725 -0.59 0.167 -0.498 -0.314 0.858 -0.601 -0.419 0.11 0.563 0.956 0.067 -0.056 -0.374 -0.256 -0.786 -0.281 0.753 -0.72 0.046 0.391 -0.685 -0.385 -0.276 -0.349 -0.863 0.734 -0.035 -0.102 0.572 -0.105 0.325 1 0.448 0.951 -0.124 -0.162 0.119 7
-0.378 -0.675 -1 -0.069 0.378 0.422 -0.665 -0.407 -0.347 0.114 1 0.377 -1 -0.231 0.839 -0.425 -0.394 -0.567 0.194 0.252 1 0.2 0.349 -0.727 -0.16 0.567 0.39 0.228 0.277 0.868 -0.961 -0.466 0.08 0.849 0.326 0.819 -0.251 0.295 -1 -0.052 0.765 0.562 -0.04 0.097 0.268 -0.44 0.747 0.45 6
0.692 0.566 -0.519 0.776 -0.166 0.294 -0.632 -0.626 -0.806 0.466 0.782 -0.064 -0.133 -0.522 -0.25 0.86 -0.262 -0.544 0.308 0.365 0.832 0.148 -0.285 -0.558 -0.578 -0.949 -0.17 0.514 0.081 -0.228 0.073 0.218 -0.641 0.319 0.216 0.68 -0.872 -0.127 0.594 0.546 -0.388 0.731 -0.337 0.61 0.727 0.267 -0.019 -0.9 4
-0.048 0.923 -0.554 0.378 -0.196 0.891 -0.621 0.253 0.661 0.355 -0.779 0.888 -0.689 -0.196 0.986 -0.562 -0.281 -0.616 0.058 0.497 0.992 0.249 0.205 -0.941 -0.409 0.462 0.325 0.166 0.045 -0.069 0.245 0 -0.998 0.167 0.039 0.521 -1 -0.031 0.453 0.579 -0.384 0.202 -0.585 0.551 0.494 0.055 -0.283 -0.797 4
0.471 -0.617 -0.472 0.902 1 0.276 -0.958 -0.602 -0.641 -0.817 -1 0.44 -0.826 -1 -0.782 -0.386 -0.433 0.483 -0.524 -0.809 -0.244 0.086 0.588 -0.42 -0.176 0.223 -0.534 -0.611 -0.05 -0.188 0.245 0.218 -0.641 0.359 0.216 0.68 -1 -0.127 0.594 0.658 -0.388 0.731 -0.337 0.61 0.804 0.12 -0.019 -0.9 4
-0.669 0.439 -0.277 -0.631 -0.484 -0.469 -0.912 0.185 -0.408 0.23 0.195 -0.891 0.604 -1 0.195 0.784 0.009 0.519 -0.32 0.842 0.589 0.558 -1 -0.848 -0.389 0.801 0.918 -0.015 0.657 0.758 -0.846 0.355 -0.483 -0.617 0.046 -0.559 0.541 0.841 -0.485 -0.303 -0.13 0.264 -0.747 -0.29 0.857 0.789 0.542 -0.324 4
0.052 0.946 -0.664 0.378 -0.196 0.908 -0.621 0.253 0.562 0.197 -0.779 0.888 0.061 -0.438 -0.474 0.756 -0.598 -0.068 0.069 0.457 0.492 0.157 -0.056 -0.159 -0.699 -1 -0.224 0.438 -0.72 0.075 0.55 -0.874 -0.502 0.102 -0.383 -0.853 0.929 0.097 -0.085 0.68 -0.088 0.496 0.986 0.488 0.823 -0.018 -0.05 -0.21 7
0.746 0.571 -0.458 0.682 -0.451 0.107 -0.494 -0.151 -0.848 0.289 0.914 0.094 0.028 -0.172 -0.709 0.908 -0.746 -0.473 -0.38 0.781 0.807 0.382 -0.092 0.181 -0.814 -0.601 -0.399 0.126 -0.536 -0.718 0.558 0.557 0.774 -0.829 0.249 -0.126 0.016 -0.156 -0.31 -0.136 0.271 -0.767 -1 -0.713 0.716 0.575 -1 -0.298 4
-0.284 0.819 0.924 0.838 0.339 0.188 -0.328 -0.44 0.823 1 0.596 -0.917 0.668 -1 0.195 0.839 0.169 0.428 -0.488 0.737 0.925 0.424 -1 -0.686 0.038 0.702 0.794 -0.015 0.401 0.495 -0.976 -0.612 -0.315 0.871 -0.36 1 -0.319 0.456 -0.784 0.235 0.893 0.413 0.206 0.356 0.4 -0.619 0.604 0.162 4
0.446 -0.176 0.746 0.628 -0.618 0.291 -0.551 0.941 -0.607 -0.239 0.434 -0.703 -1 -0.399 0.898 -0.316 -0.122 -0.657 -0.378 0.316 0.884 0.421 0.151 -0.773 -0.22 0.325 0.093 0.178 0.092 -0.239 0.279 -0.078 -0.862 0.12 0.169 0.491 -0.839 -0.127 0.475 0.381 -0.388 0.63 -0.402 0.836 0.606 -0.148 -0.178 -0.996 4
0.887 0.602 -0.413 0.63 -0.329 0.35 -0.534 -0.419 -0.8 0.675 0.85 -0.015 -0.64 -1 -0.745 -0.275 -0.442 0.649 -0.326 -0.668 -0.767 -0.001 0.415 -0.275 -0.288 0.408 -0.618 -0.388 -0.835 -0.232 0.439 -1 -0.385 -0.012 -0.383 -0.673 0.829 0.185 0.004 0.549 -0.307 0.356 0.861 0.63 1 -0.179 -0.28 -0.272 4
0.746 0.47 -0.514 0.63 -0.329 0.181 -0.465 -0.419 -0.875 0.747 0.85 -0.07 -0.689 -0.196 0.986 -0.562 -0.281 -0.616 0.058 0.497 0.992 0.249 0.205 -0.941 -0.409 0.462 0.325 0.166 0.399 0.938 -0.701 0.176 -0.582 -0.862 0.139 -0.576 0.434 0.644 -0.155 -0.232 -0.098 0.201 -0.631 -0.234 0.934 1 0.298 -0.145 4
0.341 -0.617 -0.492 0.902 0.978 0.268 -0.808 -0.694 -0.724 -0.786 -0.92 0.443 0.167 -0.466 -0.314 0.858 -0.32 -0.64 0.278 0.56 0.823 0.096 -0.056 -0.359 -0.518 -0.786 -0.281 0.567 -0.543 -0.718 0.51 0.545 0.722 -0.889 0.166 0.061 0.058 -0.189 -0.131 -0.003 0.457 -0.903 -1 -0.534 0.764 0.711 -1 -0.298 4
-0.522 0.842 0.734 0.351 -0.261 0.065 -0.238 -0.091 0.845 -0.846 0.391 -0.837 -0.664 -0.196 0.986 -0.675 -0.281 -0.689 0.058 0.444 0.992 0.249 0.495 -0.941 -0.457 0.462 0.257 0.166 -0.65 0.691 -0.477 0.174 0.723 0.787 0.381 0.56 -0.512 -0.782 -0.847 0.598 -0.421 -0.762 -0.542 -0.269 -0.234 0.692 1 0.674 4
0.052 0.882 -0.452 0.255 0.144 0.891 -0.473 0.11 0.609 0.335 -0.779 0.947 0.668 -1 0.195 0.839 0.169 0.428 -0.488 0.737 0.925 0.424 -1 -0.686 0.038 0.702 0.794 -0.015 -0.65 0.761 -0.556 0.254 0.612 0.813 0.345 0.56 -0.448 -0.954 -0.788 0.61 -0.174 -1 -0.542 -0.25 -0.301 0.837 0.895 0.801 4
-0.548 -0.229 -0.972 -0.069 0.702 0.289 -0.672 -0.449 -0.388 -0.003 1 0.404 -0.784 -0.349 -0.432 -0.114 0.979 0.948 0.446 0.915 -0.786 -0.708 -0.253 -0.144 0.064 -0.097 0.554 0.556 0.081 -0.221 0.253 0.198 -0.641 0.319 0.26 0.68 -0.798 -0.127 0.646 0.546 -0.388 0.691 -0.704 0.61 0.727 0.437 -0.019 -0.828 4
0.783 0.644 -0.31 0.63 -0.329 0.361 -0.35 -0.419 -0.786 0.747 0.926 0.04 -1 -0.196 0.839 -0.425 -0.13 -0.401 0.058 0.185 0.992 0.249 0.379 -0.917 -0.228 0.567 0.427 0.228 -0.073 0.544 -0.133 0.433 -0.281 1 -0.007 -0.546 -0.506 0.535 -0.607 -0.432 -0.103 0.41 -0.868 0.383 0.316 -0.816 0.049 -0.065 46.37
-0.85 0.35 -0.08 -0.631 -0.214 -0.055 -1 0.237 -0.521 0.281 0.543 -0.867 -0.75 -0.891 -0.286 0.147 0.775 0.735 0.425 1 -0.754 -0.767 -0.345 -0.353 0.169 0.089 0.354 0.656 -0.72 -0.026 0.674 -0.874 -0.545 0.285 -0.383 -0.667 0.929 0.097 -0.085 0.68 -0.015 0.528 0.8 0.571 0.956 0.04 -0.051 -0.214 7
0.281 -0.531 -0.608 1 1 0.592 -1 -0.619 -0.717 -0.631 -0.826 0.307 -0.664 -0.196 0.986 -0.589 -0.281 -0.725 0.058 0.444 0.992 0.114 0.308 -0.941 -0.294 0.521 0.257 0.099 0.081 -0.221 0.073 0.034 -0.641 0.167 0.26 0.68 -0.872 -0.127 0.646 0.546 -0.388 0.882 -0.529 0.61 0.727 0.437 -0.019 -0.8 4
0.281 -0.456 -0.608 1 1 0.388 -0.644 -0.75 -0.541 -0.63 -1 0.146 -1 -0.159 0.686 -0.894 -0.317 -0.564 -0.22 0.063 0.903 0.442 0.641 -1 -0.228 0.385 0.422 0.423 -0.72 -0.02 0.55 -0.874 -0.502 0.285 -0.244 -0.72 0.765 0.097 -0.085 0.553 -0.167 0.528 0.974 0.571 0.775 -0.013 0.055 -0.195 4
-0.125 0.998 -0.736 0.223 -0.02 1 -0.524 0.068 0.562 0.197 -0.779 1 -0.721 -0.821 -0.977 -0.143 -0.116 0.394 0.519 -0.426 0.197 0.034 -0.229 -0.411 0.186 -0.149 -0.206 -0.851 -0.135 0.417 -0.133 0.433 -0.296 0.964 -0.04 -0.591 -0.746 0.376 -0.609 -0.243 -0.149 0.333 -0.632 0.337 0.17 -0.712 0.049 0.1 4
-0.492 0.351 -0.294 -0.631 -0.487 -0.639 -1 0.185 -0.554 0.23 0.195 -0.891 -0.882 -0.266 0.709 -0.562 -0.32 -0.732 -0.069 0.328 0.938 0.452 0.23 -0.864 -0.079 0.354 0.334 0.116 0.433 0.682 -0.775 -0.518 0.047 0.981 -0.116 0.802 -0.27 0.291 -0.905 -0.06 1 0.514 0.206 0.441 0.384 -0.737 0.763 0.525 4
-0.378 -0.675 -1 -0.069 0.378 0.422 -0.665 -0.407 -0.347 0.114 1 0.377 -0.7 -0.187 0.738 -0.255 -0.08 -0.401 0.006 0.285 0.865 0.122 0.369 -1 -0.228 0.35 -0.005 0.41 -0.72 0.046 0.391 -0.685 -0.385 -0.276 -0.349 -0.863 0.734 -0.035 -0.102 0.572 -0.105 0.325 1 0.448 0.951 -0.124 -0.162 0.119 4
-0.806 0.351 -0.605 -0.755 -0.204 -0.341 -0.912 -0.07 -0.437 0.258 0.236 -0.811 -1 -0.231 0.839 -0.425 -0.394 -0.567 0.194 0.252 1 0.2 0.349 -0.727 -0.16 0.567 0.39 0.228 0.568 0.627 -0.848 -0.518 -0.023 0.981 0.176 1 -0.182 0.321 -0.905 -0.014 0.871 0.571 0.064 0.495 0.381 -0.903 0.601 0.254 7
0.341 -0.617 -0.492 0.902 0.978 0.268 -0.808 -0.694 -0.724 -0.786 -0.92 0.443 0.167 -0.466 -0.314 0.858 -0.32 -0.64 0.278 0.56 0.823 0.096 -0.056 -0.359 -0.518 -0.786 -0.281 0.567 -0.543 -0.718 0.51 0.545 0.722 -0.889 0.166 0.061 0.058 -0.189 -0.131 -0.003 0.457 -0.903 -1 -0.534 0.764 0.711 -1 -0.298 4
-0.678 -0.082 0.471 0.798 -0.796 -1 -0.347 -0.031 0.457 1 -0.654 -0.265 -0.912 -0.289 0.671 -0.601 -0.128 -0.564 0.058 0.238 0.992 0.484 0.432 -0.941 -0.096 0.315 0.325 0.013 0.045 -0.304 0.375 0.198 -0.802 0.317 -0.207 0.641 -1 0.032 0.375 0.791 -0.474 0.241 -0.572 0.796 0.496 0.292 -0.283 -0.695 4
0.281 -0.456 -0.608 1 1 0.534 -0.775 -0.75 -0.541 -0.444 -1 0.307 -0.825 -0.511 -0.432 -0.025 0.953 0.806 0.446 0.915 -0.786 -0.56 -0.25 -0.144 0.064 -0.097 0.432 0.556 -0.65 0.516 -0.556 0.075 0.738 0.761 0.345 0.56 -0.592 -0.954 -0.788 0.61 -0.304 -0.937 -0.542 -0.25 -0.234 0.837 1 0.801 4
0.692 0.566 -0.519 0.776 -0.048 0.294 -0.502 -0.468 -0.806 0.466 0.782 -0.116 -1 -0.022 0.885 -0.894 -0.294 -0.564 -0.22 0.063 0.732 0.472 0.644 -0.8 -0.208 0.385 0.267 0.423 -0.201 -0.523 0.806 0.435 -0.796 0.227 0.343 -0.773 0.344 -0.392 -0.528 0.11 -0.025 0.244 0.723 -0.156 0.003 0.067 -0.366 -0.66 4
-0.669 0.351 -0.277 -0.494 -0.311 -0.469 -0.912 0.338 -0.408 0.23 0.034 -0.987 -0.755 -1 -1 -0.414 0.117 0.513 0.991 -0.384 0.075 -0.086 -0.612 0.185 0.423 -0.337 -0.471 -0.491 0.534 0.495 -0.887 -0.612 -0.382 0.799 -0.36 0.636 -0.049 0.246 -0.942 0.209 0.934 0.351 0.393 0.249 0.34 -0.619 0.438 0.162 7
-0.688 -0.082 0.471 0.798 -0.605 -1 -0.401 0.053 0.457 1 -0.654 -0.183 -0.647 -1 -0.904 -0.233 -0.431 0.403 -0.524 -0.945 -0.528 0.134 0.483 -0.703 -0.176 0.196 -0.575 -0.022 0.461 0.6 -1 -0.728 -0.504 0.871 -0.36 0.767 -0.208 0.246 -0.952 0.037 0.717 0.312 0.206 0.356 0.347 -0.558 0.638 0.233 4
0.783 0.644 -0.31 0.63 -0.329 0.361 -0.35 -0.419 -0.786 0.747 0.926 0.04 0.137 -0.359 -0.474 0.756 -0.704 -0.135 -0.011 0.499 0.492 0.157 -0.091 -0.279 -0.826 -0.914 -0.224 0.438 -0.72 -0.026 0.674 -0.874 -0.545 0.285 -0.383 -0.667 0.929 0.097 -0.085 0.68 -0.015 0.528 0.8 0.571 0.956 0.04 -0.051 -0.214 5
0.692 0.566 -0.519 0.776 -0.166 0.294 -0.632 -0.626 -0.806 0.466 0.782 -0.064 -1 -0.196 0.839 -0.425 -0.13 -0.401 0.058 0.185 0.992 0.249 0.379 -0.917 -0.228 0.567 0.427 0.228 0.151 -0.229 0.383 0.198 -1 -0.121 0.173 0.822 -0.94 -0.127 0.478 0.589 -0.513 0.544 -0.378 0.836 0.809 0.001 -0.134 -0.996 4
0.341 -0.617 -0.492 0.902 0.978 0.268 -0.808 -0.694 -0.724 -0.786 -0.92 0.443 -0.033 -0.596 -0.781 -0.212 0.396 -0.306 0.274 -0.038 0.993 0.824 -0.811 -0.736 1 -0.363 -0.731 0.07 -0.65 0.6 -0.477 0.174 0.723 0.815 0.492 0.56 -0.512 -0.782 -0.847 0.502 -0.421 -0.799 -0.542 -0.269 -0.234 0.692 1 0.674 4
0.341 -0.617 -0.492 0.902 0.962 0.268 -0.808 -0.543 -0.641 -0.786 -1 0.443 0.167 -0.466 -0.314 0.858 -0.32 -0.64 0.278 0.56 0.823 0.096 -0.056 -0.359 -0.518 -0.786 -0.281 0.567 -0.543 -0.718 0.51 0.545 0.722 -0.889 0.166 0.061 0.058 -0.189 -0.131 -0.003 0.457 -0.903 -1 -0.534 0.764 0.711 -1 -0.298 4
0.231 -0.419 -0.459 0.902 1 0.268 -0.86 -0.461 -0.641 -0.667 -1 0.443 -0.882 -0.266 0.709 -0.562 -0.381 -0.762 -0.164 0.328 0.938 0.156 -0.027 -0.742 -0.067 0.208 0.334 0.279 0.081 -0.141 0.098 0.218 -0.641 0.319 0.216 0.68 -0.701 -0.127 0.594 0.546 -0.388 0.731 -0.337 0.657 0.727 0.387 -0.078 -0.9 4
0.015 0.989 -0.583 -0.243 -0.018 0.986 -0.578 0.02 0.279 0.428 -0.723 1 -0.937 -0.984 -0.977 -0.201 0.12 0.478 0.691 -0.596 0.197 -0.051 -0.327 -0.14 0.418 -0.165 -0.386 -0.851 -0.754 -0.346 0.55 -0.874 -0.434 0.283 -0.383 -0.695 0.857 0.009 -0.085 0.68 -0.021 0.681 0.974 0.571 0.682 0.077 0.055 -0.242 4
0.226 -0.617 -0.492 0.902 1 0.268 -0.851 -0.694 -0.724 -0.786 -0.92 0.443 0.013 -0.466 -0.314 0.858 -0.329 -0.64 0.278 0.56 0.823 0.096 0.101 -0.414 -0.518 -0.786 -0.41 0.567 -0.543 -0.872 0.323 0.545 0.548 -0.889 0.166 0.061 -0.052 -0.189 -0.131 -0.003 0.457 -0.734 -0.887 -0.463 0.629 0.711 -1 -0.109 4
-0.611 -0.013 0.471 0.603 -0.698 -1 -0.649 0.174 0.334 1 -0.733 -0.046 -0.784 -0.955 -0.676 -0.096 0.938 0.868 0.529 0.908 -0.795 -0.659 -0.379 -0.335 0.064 -0.095 0.376 0.536 0.081 -0.141 -0.035 0.218 -0.685 0.186 0.216 0.68 -0.701 -0.252 0.594 0.546 -0.388 0.731 -0.338 0.506 0.727 0.387 -0.078 -0.9 4
0.688 0.438 -0.64 0.493 -0.615 0.178 -0.457 -0.225 -0.803 0.331 1 -0.076 -0.912 -0.289 0.671 -0.601 -0.128 -0.564 0.058 0.238 0.992 0.484 0.432 -0.941 -0.096 0.315 0.325 0.013 -0.65 0.231 0.204 -0.941 -0.494 0.004 -0.383 -0.944 0.816 0.204 -0.203 0.488 -0.227 0.325 0.941 0.63 1 -0.124 0.06 -0.236 4
-0.678 -0.082 0.471 0.798 -0.796 -1 -0.347 -0.031 0.457 1 -0.654 -0.265 0.167 -0.498 -0.314 0.858 -0.601 -0.419 0.11 0.563 0.956 0.067 -0.056 -0.374 -0.256 -0.786 -0.281 0.753 0.045 -0.304 0.375 0.198 -0.802 0.317 -0.207 0.641 -1 0.032 0.375 0.791 -0.474 0.241 -0.572 0.796 0.496 0.292 -0.283 -0.695 4
0.052 1 -0.554 0.223 -0.02 0.891 -0.524 0.253 0.562 0.197 -0.779 0.888 -0.721 -0.821 -0.977 -0.201 -0.116 0.394 0.519 -0.426 0.197 0.034 -0.327 -0.332 0.362 -0.149 -0.206 -0.851 0.433 0.682 -0.775 -0.518 0.047 0.981 -0.116 0.802 -0.27 0.291 -0.905 -0.06 1 0.514 0.206 0.441 0.384 -0.737 0.763 0.525 4
-0.125 1 -0.554 0.223 -0.02 0.891 -0.524 0.068 0.562 0.197 -0.779 0.888 -0.594 -0.927 -0.773 0.322 -0.611 1 -0.806 -0.342 -0.496 0.272 0.386 -0.271 -0.279 0.157 -0.746 -0.514 0.208 -0.249 -0.075 0.397 -0.535 0.105 0.257 -0.117 -0.268 0.299 0.648 0.828 0.61 -0.22 1 0.502 0.398 -0.364 0.496 0.25 7
0.383 -0.801 -0.725 0.902 0.934 0.373 -0.872 -0.585 -0.624 -0.783 -1 0.208 0.232 -0.155 -0.518 0.823 -0.596 -0.374 -0.38 0.727 0.938 0.674 -0.133 0.181 -0.814 -0.873 -0.313 0.242 -0.371 0.379 -0.521 0.178 1 0.862 0.746 0.573 -0.595 -0.87 -0.727 0.603 -0.421 -0.734 -0.448 -0.147 -0.295 1 0.85 1 4
0.595 0.659 -0.413 0.574 -0.268 0.281 -0.48 -0.24 -0.898 0.333 0.914 -0.035 -0.732 -1 -0.84 -0.016 -0.741 0.952 -0.755 -0.526 -0.56 0.307 0.403 -0.115 -0.373 0.009 -0.82 -0.464 0.142 -0.228 0.157 0.247 -0.429 0.314 0.386 0.68 -1 -0.296 0.594 0.758 -0.553 0.731 -0.112 0.422 0.617 0.12 -0.138 -1 4
0.832 0.667 0.072 0.165 0.548 -0.195 0.163 -0.905 -0.583 -0.761 -0.575 -0.452 -0.64 -1 -0.625 -0.327 -0.442 0.649 -0.724 -0.643 -0.528 0.284 0.386 -0.42 -0.373 0.183 -0.79 -0.408 -0.72 0.075 0.55 -0.874 -0.502 0.102 -0.383 -0.853 0.929 0.097 -0.085 0.68 -0.088 0.496 0.986 0.488 0.823 -0.018 -0.05 -0.21 4
0.832 0.667 0.072 0.165 0.548 -0.195 0.163 -0.905 -0.583 -0.761 -0.575 -0.452 -1 -0.152 0.788 -0.912 -0.317 -0.643 -0.08 0.054 0.818 0.619 0.612 -1 -0.294 0.417 0.236 0.495 -0.72 0.075 0.55 -0.874 -0.502 0.102 -0.383 -0.853 0.929 0.097 -0.085 0.68 -0.088 0.496 0.986 0.488 0.823 -0.018 -0.05 -0.21 4
0.506 -0.176 0.557 0.561 -0.496 0.182 -0.529 1 -0.892 -0.234 0.444 -0.703 0.137 -0.359 -0.474 0.756 -0.704 -0.135 -0.011 0.499 0.492 0.157 -0.091 -0.279 -0.826 -0.914 -0.224 0.438 0.142 -0.228 0.245 0.218 -0.641 0.221 0.216 0.68 -1 -0.296 0.594 0.658 -0.388 0.731 -0.337 0.61 0.617 0.12 -0.019 -1 4
0.015 0.989 -0.583 -0.243 -0.018 0.986 -0.578 0.02 0.279 0.428 -0.723 1 -0.937 -0.984 -0.977 -0.201 0.12 0.478 0.691 -0.596 0.197 -0.051 -0.327 -0.14 0.418 -0.165 -0.386 -0.851 0.081 -0.141 0.098 0.218 -0.641 0.319 0.216 0.68 -0.701 -0.127 0.594 0.546 -0.388 0.731 -0.337 0.657 0.727 0.387 -0.078 -0.9 4
0.692 0.566 -0.519 0.776 -0.166 0.294 -0.632 -0.626 -0.806 0.466 0.782 -0.064 -0.517 -0.571 -0.496 -0.359 -0.105 -0.684 0.256 0.419 1 0.82 -0.651 -0.956 0.619 -0.516 -0.517 0.151 0.081 -0.228 0.073 0.218 -0.641 0.319 0.216 0.68 -0.872 -0.127 0.594 0.546 -0.388 0.731 -0.337 0.61 0.727 0.267 -0.019 -0.9 4
0.436 0.017 0.645 0.561 -0.433 0.291 -0.508 0.94 -0.924 -0.239 0.299 -0.727 -0.689 -0.196 0.986 -0.562 -0.177 -0.616 0.058 0.497 0.992 0.081 0.205 -0.941 -0.409 0.462 0.325 0.134 0.298 0.619 -0.976 -0.612 -0.315 0.979 -0.36 0.876 -0.319 0.343 -0.784 0.235 0.893 0.133 0.263 0.46 0.4 -0.822 0.86 0.191 13
0.341 -0.771 -0.492 0.902 0.962 0.282 -0.998 -0.543 -0.581 -0.972 -1 0.396 -0.721 -0.821 -0.977 -0.201 -0.116 0.394 0.519 -0.426 0.197 0.034 -0.327 -0.332 0.362 -0.149 -0.206 -0.851 -0.72 0.344 0.354 -0.874 -0.385 -0.002 -0.231 -0.621 0.929 0.088 -0.085 0.68 -0.09 0.496 0.986 0.63 1 0.077 0.143 -0.331 4
0.688 0.368 -0.64 0.493 -0.48 0.178 -0.457 -0.225 -0.76 0.331 1 -0.076 -0.436 -0.805 -0.447 0.181 0.961 0.775 0.529 1 -0.49 -0.537 -0.381 -0.326 0.064 -0.375 0.289 0.556 -0.65 0.231 0.375 -1 -0.494 0.004 -0.507 -0.944 0.816 0.204 -0.203 0.488 -0.227 0.343 0.941 0.63 1 -0.011 0.06 -0.115 7
