0.771 0.937 0.372 0.920 0.044 0.303 0.698 0.173 -0.441 0.311 0.626 -0.148 0.979 0.594 0.066 0.082 -0.444 0.119 0.599 0.219 0.912 -0.386 -0.840 -0.419
0.771 0.937 0.372 0.920 0.044 0.303 0.698 0.173 -0.441 0.311 0.626 -0.148 0.979 0.594 0.066 0.082 -0.444 0.119 0.599 0.219 0.912 -0.386 -0.840 -0.419
0.771 0.937 0.372 0.920 0.044 0.303 0.698 0.173 -0.441 0.311 0.626 -0.148 0.979 0.594 0.066 0.082 -0.444 0.119 0.599 0.219 0.912 -0.386 -0.840 -0.419
0.771 0.937 0.372 0.920 0.044 0.303 0.698 0.173 -0.441 0.311 0.626 -0.148 0.979 0.594 0.066 0.082 -0.444 0.119 0.599 0.219 0.912 -0.386 -0.840 -0.419
0.771 0.937 0.372 0.920 0.044 0.303 0.698 0.173 -0.441 0.311 0.626 -0.148 0.979 0.594 0.066 0.082 -0.444 0.119 0.599 0.219 0.912 -0.386 -0.840 -0.419
0.771 0.937 0.372 0.920 0.044 0.303 0.698 0.173 -0.441 0.311 0.626 -0.148 0.979 0.594 0.066 0.082 -0.444 0.119 0.599 0.219 0.912 -0.386 -0.840 -0.419
0.771 0.937 0.372 0.920 0.044 0.303 0.698 0.173 -0.441 0.311 0.626 -0.148 0.979 0.594 0.066 0.082 -0.444 0.119 0.599 0.219 0.912 -0.386 -0.840 -0.419
0.771 0.937 0.372 0.920 0.044 0.303 0.698 0.173 -0.441 0.311 0.626 -0.148 0.979 0.594 0.066 0.082 -0.444 0.119 0.599 0.219 0.912 -0.386 -0.840 -0.419
0.771 0.937 0.372 0.920 0.044 0.303 0.698 0.173 -0.441 0.311 0.626 -0.148 0.979 0.594 0.066 0.082 -0.444 0.119 0.599 0.219 0.912 -0.386 -0.840 -0.419
0.771 0.937 0.372 0.920 0.044 0.303 0.698 0.173 -0.441 0.311 0.626 -0.148 0.979 0.594 0.066 0.082 -0.444 0.119 0.599 0.219 0.912 -0.386 -0.840 -0.419
0.771 0.937 0.372 0.920 0.044 0.303 0.698 0.173 -0.441 0.311 0.626 -0.148 0.979 0.594 0.066 0.082 -0.444 0.119 0.599 0.219 0.912 -0.386 -0.840 -0.419
0.771 0.937 0.372 0.920 0.044 0.303 0.698 0.173 -0.441 0.311 0.626 -0.148 0.979 0.594 0.066 0.082 -0.444 0.119 0.599 0.219 0.912 -0.386 -0.840 -0.419
0.771 0.937 0.372 0.920 0.044 0.303 0.698 0.173 -0.441 0.311 0.626 -0.148 0.979 0.594 0.066 0.082 -0.444 0.119 0.599 0.219 0.912 -0.386 -0.840 -0.419
0.771 0.937 0.372 0.920 0.044 0.303 0.698 0.173 -0.441 0.311 0.626 -0.148 0.979 0.594 0.066 0.082 -0.444 0.119 0.599 0.219 0.912 -0.386 -0.840 -0.419
0.771 0.937 0.372 0.920 0.044 0.303 0.698 0.173 -0.441 0.311 0.626 -0.148 0.979 0.594 0.066 0.082 -0.444 0.119 0.599 0.219 0.912 -0.386 -0.840 -0.419
0.771 0.937 0.372 0.920 0.044 0.303 0.698 0.173 -0.441 0.311 0.626 -0.148 0.979 0.594 0.066 0.082 -0.444 0.119 0.599 0.219 0.912 -0.386 -0.840 -0.419
0.771 0.937 0.372 0.920 0.044 0.303 0.698 0.173 -0.441 0.311 0.626 -0.148 0.979 0.594 0.066 0.082 -0.444 0.119 0.599 0.219 0.912 -0.386 -0.840 -0.419
0.771 0.937 0.372 0.920 0.044 0.303 0.698 0.173 -0.441 0.311 0.626 -0.148 0.979 0.594 0.066 0.082 -0.444 0.119 0.599 0.219 0.912 -0.386 -0.840 -0.419
0.771 0.937 0.372 0.920 0.044 0.303 0.698 0.173 -0.441 0.311 0.626 -0.148 0.979 0.594 0.066 0.082 -0.444 0.119 0.599 0.219 0.912 -0.386 -0.840 -0.419
0.771 0.937 0.372 0.920 0.044 0.303 0.698 0.173 -0.441 0.311 0.626 -0.148 0.979 0.594 0.066 0.082 -0.444 0.119 0.599 0.219 0.912 -0.386 -0.840 -0.419
0.771 0.937 0.372 0.920 0.044 0.303 0.698 0.173 -0.441 0.311 0.626 -0.148 0.979 0.594 0.066 0.082 -0.444 0.119 0.599 0.219 0.912 -0.386 -0.840 -0.419
0.771 0.937 0.372 0.920 0.044 0.303 0.698 0.173 -0.441 0.311 0.626 -0.148 0.979 0.594 0.066 0.082 -0.444 0.119 0.599 0.219 0.912 -0.386 -0.840 -0.419
0.771 0.937 0.372 0.920 0.044 0.303 0.698 0.173 -0.441 0.311 0.626 -0.148 0.979 0.594 0.066 0.082 -0.444 0.119 0.599 0.219 0.912 -0.386 -0.840 -0.419
0.771 0.937 0.372 0.920 0.044 0.303 0.698 0.173 -0.441 0.311 0.626 -0.148 0.979 0.594 0.066 0.082 -0.444 0.119 0.599 0.219 0.912 -0.386 -0.840 -0.419
0.771 0.937 0.372 0.920 0.044 0.303 0.698 0.173 -0.441 0.311 0.626 -0.148 0.979 0.594 0.066 0.082 -0.444 0.119 0.599 0.219 0.912 -0.386 -0.840 -0.419
0.771 0.937 0.372 0.920 0.044 0.303 0.698 0.173 -0.441 0.311 0.626 -0.148 0.979 0.594 0.066 0.082 -0.444 0.119 0.599 0.219 0.912 -0.386 -0.840 -0.419
0.771 0.937 0.372 0.920 0.044 0.303 0.698 0.173 -0.441 0.311 0.626 -0.148 0.979 0.594 0.066 0.082 -0.444 0.119 0.599 0.219 0.912 -0.386 -0.840 -0.419
0.771 0.937 0.372 0.920 0.044 0.303 0.698 0.173 -0.441 0.311 0.626 -0.148 0.979 0.594 0.066 0.082 -0.444 0.119 0.599 0.219 0.912 -0.386 -0.840 -0.419
0.771 0.937 0.372 0.920 0.044 0.303 0.698 0.173 -0.441 0.311 0.626 -0.148 0.979 0.594 0.066 0.082 -0.444 0.119 0.599 0.219 0.912 -0.386 -0.840 -0.419
0.771 0.937 0.372 0.920 0.044 0.303 0.698 0.173 -0.441 0.311 0.626 -0.148 0.979 0.594 0.066 0.082 -0.444 0.119 0.599 0.219 0.912 -0.386 -0.840 -0.419
0.771 0.937 0.372 0.920 0.044 0.303 0.698 0.173 -0.441 0.311 0.626 -0.148 0.979 0.594 0.066 0.082 -0.444 0.119 0.599 0.219 0.912 -0.386 -0.840 -0.419
0.771 0.937 0.372 0.920 0.044 0.303 0.698 0.173 -0.441 0.311 0.626 -0.148 0.979 0.594 0.066 0.082 -0.444 0.119 0.599 0.219 0.912 -0.386 -0.840 -0.419
0.771 0.937 0.372 0.920 0.044 0.303 0.698 0.173 -0.441 0.311 0.626 -0.148 0.979 0.594 0.066 0.082 -0.444 0.119 0.599 0.219 0.912 -0.386 -0.840 -0.419
0.771 0.937 0.372 0.920 0.044 0.303 0.698 0.173 -0.441 0.311 0.626 -0.148 0.979 0.594 0.066 0.082 -0.444 0.119 0.599 0.219 0.912 -0.386 -0.840 -0.419
0.771 0.937 0.372 0.920 0.044 0.303 0.698 0.173 -0.441 0.311 0.626 -0.148 0.979 0.594 0.066 0.082 -0.444 0.119 0.599 0.219 0.912 -0.386 -0.840 -0.419
0.771 0.937 0.372 0.920 0.044 0.303 0.698 0.173 -0.441 0.311 0.626 -0.148 0.979 0.594 0.066 0.082 -0.444 0.119 0.599 0.219 0.912 -0.386 -0.840 -0.419
0.771 0.937 0.372 0.920 0.044 0.303 0.698 0.173 -0.441 0.311 0.626 -0.148 0.979 0.594 0.066 0.082 -0.444 0.119 0.599 0.219 0.912 -0.386 -0.840 -0.419
0.771 0.937 0.372 0.920 0.044 0.303 0.698 0.173 -0.441 0.311 0.626 -0.148 0.979 0.594 0.066 0.082 -0.444 0.119 0.599 0.219 0.912 -0.386 -0.840 -0.419
0.771 0.937 0.372 0.920 0.044 0.303 0.698 0.173 -0.441 0.311 0.626 -0.148 0.979 0.594 0.066 0.082 -0.444 0.119 0.599 0.219 0.912 -0.386 -0.840 -0.419
0.771 0.937 0.372 0.920 0.044 0.303 0.698 0.173 -0.441 0.311 0.626 -0.148 0.979 0.594 0.066 0.082 -0.444 0.119 0.599 0.219 0.912 -0.386 -0.840 -0.419
0.771 0.937 0.372 0.920 0.044 0.303 0.698 0.173 -0.441 0.311 0.626 -0.148 0.979 0.594 0.066 0.082 -0.444 0.119 0.599 0.219 0.912 -0.386 -0.840 -0.419
0.771 0.937 0.372 0.920 0.044 0.303 0.698 0.173 -0.441 0.311 0.626 -0.148 0.979 0.594 0.066 0.082 -0.444 0.119 0.599 0.219 0.912 -0.386 -0.840 -0.419
0.771 0.937 0.372 0.920 0.044 0.303 0.698 0.173 -0.441 0.311 0.626 -0.148 0.979 0.594 0.066 0.082 -0.444 0.119 0.599 0.219 0.912 -0.386 -0.840 -0.419
0.771 0.937 0.372 0.920 0.044 0.303 0.698 0.173 -0.441 0.311 0.626 -0.148 0.979 0.594 0.066 0.082 -0.444 0.119 0.599 0.219 0.912 -0.386 -0.840 -0.419
0.771 0.937 0.372 0.920 0.044 0.303 0.698 0.173 -0.441 0.311 0.626 -0.148 0.979 0.594 0.066 0.082 -0.444 0.119 0.599 0.219 0.912 -0.386 -0.840 -0.419
0.771 0.937 0.372 0.920 0.044 0.303 0.698 0.173 -0.441 0.311 0.626 -0.148 0.979 0.594 0.066 0.082 -0.444 0.119 0.599 0.219 0.912 -0.386 -0.840 -0.419
0.771 0.937 0.372 0.920 0.044 0.303 0.698 0.173 -0.441 0.311 0.626 -0.148 0.979 0.594 0.066 0.082 -0.444 0.119 0.599 0.219 0.912 -0.386 -0.840 -0.419
0.771 0.937 0.372 0.920 0.044 0.303 0.698 0.173 -0.441 0.311 0.626 -0.148 0.979 0.594 0.066 0.082 -0.444 0.119 0.599 0.219 0.912 -0.386 -0.840 -0.419
0.771 0.937 0.372 0.920 0.044 0.303 0.698 0.173 -0.441 0.311 0.626 -0.148 0.979 0.594 0.066 0.082 -0.444 0.119 0.599 0.219 0.912 -0.386 -0.840 -0.419
0.771 0.937 0.372 0.920 0.044 0.303 0.698 0.173 -0.441 0.311 0.626 -0.148 0.979 0.594 0.066 0.082 -0.444 0.119 0.599 0.219 0.912 -0.386 -0.840 -0.419
0.771 0.937 0.372 0.920 0.044 0.303 0.698 0.173 -0.441 0.311 0.626 -0.148 0.979 0.594 0.066 0.082 -0.444 0.119 0.599 0.219 0.912 -0.386 -0.840 -0.419
0.771 0.937 0.372 0.920 0.044 0.303 0.698 0.173 -0.441 0.311 0.626 -0.148 0.979 0.594 0.066 0.082 -0.444 0.119 0.599 0.219 0.912 -0.386 -0.840 -0.419
0.771 0.937 0.372 0.920 0.044 0.303 0.698 0.173 -0.441 0.311 0.626 -0.148 0.979 0.594 0.066 0.082 -0.444 0.119 0.599 0.219 0.912 -0.386 -0.840 -0.419
0.771 0.937 0.372 0.920 0.044 0.303 0.698 0.173 -0.441 0.311 0.626 -0.148 0.979 0.594 0.066 0.082 -0.444 0.119 0.599 0.219 0.912 -0.386 -0.840 -0.419
0.771 0.937 0.372 0.920 0.044 0.303 0.698 0.173 -0.441 0.311 0.626 -0.148 0.979 0.594 0.066 0.082 -0.444 0.119 0.599 0.219 0.912 -0.386 -0.840 -0.419
0.771 0.937 0.372 0.920 0.044 0.303 0.698 0.173 -0.441 0.311 0.626 -0.148 0.979 0.594 0.066 0.082 -0.444 0.119 0.599 0.219 0.912 -0.386 -0.840 -0.419
0.771 0.937 0.372 0.920 0.044 0.303 0.698 0.173 -0.441 0.311 0.626 -0.148 0.979 0.594 0.066 0.082 -0.444 0.119 0.599 0.219 0.912 -0.386 -0.840 -0.419
0.771 0.937 0.372 0.920 0.044 0.303 0.698 0.173 -0.441 0.311 0.626 -0.148 0.979 0.594 0.066 0.082 -0.444 0.119 0.599 0.219 0.912 -0.386 -0.840 -0.419
0.771 0.937 0.372 0.920 0.044 0.303 0.698 0.173 -0.441 0.311 0.626 -0.148 0.979 0.594 0.066 0.082 -0.444 0.119 0.599 0.219 0.912 -0.386 -0.840 -0.419
0.771 0.937 0.372 0.920 0.044 0.303 0.698 0.173 -0.441 0.311 0.626 -0.148 0.979 0.594 0.066 0.082 -0.444 0.119 0.599 0.219 0.912 -0.386 -0.840 -0.419
0.771 0.937 0.372 0.920 0.044 0.303 0.698 0.173 -0.441 0.311 0.626 -0.148 0.979 0.594 0.066 0.082 -0.444 0.119 0.599 0.219 0.912 -0.386 -0.840 -0.419
0.771 0.937 0.372 0.920 0.044 0.303 0.698 0.173 -0.441 0.311 0.626 -0.148 0.979 0.594 0.066 0.082 -0.444 0.119 0.599 0.219 0.912 -0.386 -0.840 -0.419
0.771 0.937 0.372 0.920 0.044 0.303 0.698 0.173 -0.441 0.311 0.626 -0.148 0.979 0.594 0.066 0.082 -0.444 0.119 0.599 0.219 0.912 -0.386 -0.840 -0.419
0.771 0.937 0.372 0.920 0.044 0.303 0.698 0.173 -0.441 0.311 0.626 -0.148 0.979 0.594 0.066 0.082 -0.444 0.119 0.599 0.219 0.912 -0.386 -0.840 -0.419
0.771 0.937 0.372 0.920 0.044 0.303 0.698 0.173 -0.441 0.311 0.626 -0.148 0.979 0.594 0.066 0.082 -0.444 0.119 0.599 0.219 0.912 -0.386 -0.840 -0.419
0.771 0.937 0.372 0.920 0.044 0.303 0.698 0.173 -0.441 0.311 0.626 -0.148 0.979 0.594 0.066 0.082 -0.444 0.119 0.599 0.219 0.912 -0.386 -0.840 -0.419
0.950 0.634 0.094 0.920 0.044 0.303 0.698 0.173 -0.441 0.311 0.626 -0.148 -0.332 0.473 0.042 -0.615 -0.613 0.396 0.885 0.756 0.984 0.435 -0.559 0.979
0.771 0.937 0.372 -0.792 -0.299 -0.211 0.018 -0.924 -0.223 -0.025 0.709 -0.863 0.979 0.594 0.066 0.082 -0.444 0.119 0.599 0.219 0.912 -0.386 -0.840 -0.419
0.771 0.937 0.372 0.920 0.044 0.303 0.698 0.173 -0.441 0.311 0.626 -0.148 0.979 0.594 0.066 0.082 -0.444 0.119 0.599 0.219 0.912 -0.386 -0.840 -0.419
0.771 0.937 0.372 0.920 0.044 0.303 0.698 0.173 -0.441 0.311 0.626 -0.148 0.979 0.594 0.066 0.082 -0.444 0.119 0.599 0.219 0.912 -0.386 -0.840 -0.419
0.771 0.937 0.372 0.920 0.044 0.303 0.698 0.173 -0.441 0.311 0.626 -0.148 0.979 0.594 0.066 0.082 -0.444 0.119 0.599 0.219 0.912 -0.386 -0.840 -0.419
0.771 0.937 0.372 0.920 0.044 0.303 0.698 0.173 -0.441 0.311 0.626 -0.148 0.979 0.594 0.066 0.082 -0.444 0.119 0.599 0.219 0.912 -0.386 -0.840 -0.419
0.771 0.937 0.372 0.920 0.044 0.303 0.698 0.173 -0.441 0.311 0.626 -0.148 0.979 0.594 0.066 0.082 -0.444 0.119 0.599 0.219 0.912 -0.386 -0.840 -0.419
0.114 0.519 -0.945 -0.293 0.303 0.866 0.552 -0.066 0.777 -0.818 -0.791 0.412 -0.006 0.571 -0.648 -0.159 -0.553 -0.165 -0.607 0.915 -0.081 0.852 -0.482 0.056
0.771 0.937 0.372 0.920 0.044 0.303 0.698 0.173 -0.441 0.311 0.626 -0.148 0.979 0.594 0.066 0.082 -0.444 0.119 0.599 0.219 0.912 -0.386 -0.840 -0.419
0.771 0.937 0.372 0.920 0.044 0.303 0.698 0.173 -0.441 0.311 0.626 -0.148 0.979 0.594 0.066 0.082 -0.444 0.119 0.599 0.219 0.912 -0.386 -0.840 -0.419
0.771 0.937 0.372 0.920 0.044 0.303 0.698 0.173 -0.441 0.311 0.626 -0.148 0.979 0.594 0.066 0.082 -0.444 0.119 0.599 0.219 0.912 -0.386 -0.840 -0.419
0.771 0.937 0.372 0.920 0.044 0.303 0.698 0.173 -0.441 0.311 0.626 -0.148 0.979 0.594 0.066 0.082 -0.444 0.119 0.599 0.219 0.912 -0.386 -0.840 -0.419
0.771 0.937 0.372 0.920 0.044 0.303 0.698 0.173 -0.441 0.311 0.626 -0.148 0.979 0.594 0.066 0.082 -0.444 0.119 0.599 0.219 0.912 -0.386 -0.840 -0.419
0.771 0.937 0.372 0.920 0.044 0.303 0.698 0.173 -0.441 0.311 0.626 -0.148 0.979 0.594 0.066 0.082 -0.444 0.119 0.599 0.219 0.912 -0.386 -0.840 -0.419
0.771 0.937 0.372 0.920 0.044 0.303 0.698 0.173 -0.441 0.311 0.626 -0.148 0.979 0.594 0.066 0.082 -0.444 0.119 0.599 0.219 0.912 -0.386 -0.840 -0.419
0.771 0.937 0.372 0.920 0.044 0.303 0.698 0.173 -0.441 0.311 0.626 -0.148 0.979 0.594 0.066 0.082 -0.444 0.119 0.599 0.219 0.912 -0.386 -0.840 -0.419
0.771 0.937 0.372 0.920 0.044 0.303 0.698 0.173 -0.441 0.311 0.626 -0.148 0.979 0.594 0.066 0.082 -0.444 0.119 0.599 0.219 0.912 -0.386 -0.840 -0.419
0.771 0.937 0.372 0.920 0.044 0.303 0.698 0.173 -0.441 0.311 0.626 -0.148 0.979 0.594 0.066 0.082 -0.444 0.119 0.599 0.219 0.912 -0.386 -0.840 -0.419
0.771 0.937 0.372 0.920 0.044 0.303 0.698 0.173 -0.441 0.311 0.626 -0.148 0.979 0.594 0.066 0.082 -0.444 0.119 0.599 0.219 0.912 -0.386 -0.840 -0.419
0.771 0.937 0.372 0.920 0.044 0.303 0.698 0.173 -0.441 0.311 0.626 -0.148 0.979 0.594 0.066 0.082 -0.444 0.119 0.599 0.219 0.912 -0.386 -0.840 -0.419
0.771 0.937 0.372 0.920 0.044 0.303 0.698 0.173 -0.441 0.311 0.626 -0.148 0.979 0.594 0.066 0.082 -0.444 0.119 0.599 0.219 0.912 -0.386 -0.840 -0.419
0.771 0.937 0.372 0.920 0.044 0.303 0.698 0.173 -0.441 0.311 0.626 -0.148 0.979 0.594 0.066 0.082 -0.444 0.119 0.599 0.219 0.912 -0.386 -0.840 -0.419
0.771 0.937 0.372 0.920 0.044 0.303 0.698 0.173 -0.441 0.311 0.626 -0.148 0.979 0.594 0.066 0.082 -0.444 0.119 0.599 0.219 0.912 -0.386 -0.840 -0.419
0.771 0.937 0.372 0.920 0.044 0.303 0.698 0.173 -0.441 0.311 0.626 -0.148 0.979 0.594 0.066 0.082 -0.444 0.119 0.599 0.219 0.912 -0.386 -0.840 -0.419
0.956 0.645 0.395 0.539 0.638 0.462 0.660 -0.816 0.301 -0.303 -0.834 -0.848 -0.294 -0.571 -0.619 -0.708 0.567 0.314 -0.543 0.525 -0.013 0.077 0.386 -0.371
0.771 0.937 0.372 0.920 0.044 0.303 0.698 0.173 -0.441 0.311 0.626 -0.148 0.979 0.594 0.066 0.082 -0.444 0.119 0.599 0.219 0.912 -0.386 -0.840 -0.419
0.771 0.937 0.372 0.920 0.044 0.303 0.698 0.173 -0.441 0.311 0.626 -0.148 0.979 0.594 0.066 0.082 -0.444 0.119 0.599 0.219 0.912 -0.386 -0.840 -0.419
0.771 0.937 0.372 0.920 0.044 0.303 0.698 0.173 -0.441 0.311 0.626 -0.148 0.979 0.594 0.066 0.082 -0.444 0.119 0.599 0.219 0.912 -0.386 -0.840 -0.419
0.771 0.937 0.372 0.920 0.044 0.303 0.698 0.173 -0.441 0.311 0.626 -0.148 0.979 0.594 0.066 0.082 -0.444 0.119 0.599 0.219 0.912 -0.386 -0.840 -0.419
0.771 0.937 0.372 0.920 0.044 0.303 0.698 0.173 -0.441 0.311 0.626 -0.148 0.979 0.594 0.066 0.082 -0.444 0.119 0.599 0.219 0.912 -0.386 -0.840 -0.419
0.771 0.937 0.372 0.920 0.044 0.303 0.698 0.173 -0.441 0.311 0.626 -0.148 0.979 0.594 0.066 0.082 -0.444 0.119 0.599 0.219 0.912 -0.386 -0.840 -0.419
0.771 0.937 0.372 0.920 0.044 0.303 0.698 0.173 -0.441 0.311 0.626 -0.148 0.979 0.594 0.066 0.082 -0.444 0.119 0.599 0.219 0.912 -0.386 -0.840 -0.419
0.771 0.937 0.372 0.920 0.044 0.303 0.698 0.173 -0.441 0.311 0.626 -0.148 0.979 0.594 0.066 0.082 -0.444 0.119 0.599 0.219 0.912 -0.386 -0.840 -0.419
0.771 0.937 0.372 0.920 0.044 0.303 0.698 0.173 -0.441 0.311 0.626 -0.148 0.979 0.594 0.066 0.082 -0.444 0.119 0.599 0.219 0.912 -0.386 -0.840 -0.419
0.771 0.937 0.372 0.920 0.044 0.303 0.698 0.173 -0.441 0.311 0.626 -0.148 0.979 0.594 0.066 0.082 -0.444 0.119 0.599 0.219 0.912 -0.386 -0.840 -0.419
0.771 0.937 0.372 0.920 0.044 0.303 0.698 0.173 -0.441 0.311 0.626 -0.148 0.979 0.594 0.066 0.082 -0.444 0.119 0.599 0.219 0.912 -0.386 -0.840 -0.419
0.771 0.937 0.372 0.920 0.044 0.303 0.698 0.173 -0.441 0.311 0.626 -0.148 0.979 0.594 0.066 0.082 -0.444 0.119 0.599 0.219 0.912 -0.386 -0.840 -0.419
0.771 0.937 0.372 0.920 0.044 0.303 0.698 0.173 -0.441 0.311 0.626 -0.148 0.979 0.594 0.066 0.082 -0.444 0.119 0.599 0.219 0.912 -0.386 -0.840 -0.419
0.091 0.186 -0.805 0.227 -0.183 -0.732 -0.806 -0.189 0.461 -0.131 -0.901 -0.706 -0.387 -0.302 -0.953 0.761 -0.672 0.059 0.937 -0.916 0.589 0.371 -0.121 0.308
-0.126 -0.018 0.704 0.318 -0.447 -0.471 0.681 0.963 0.196 -0.263 -0.723 -0.083 -0.534 0.371 0.396 -0.151 0.778 0.197 -0.515 -0.681 0.729 0.365 0.754 -0.787
-0.489 0.047 -0.714 0.418 -0.549 -0.850 0.053 0.286 -0.311 0.349 0.361 0.986 0.009 0.754 -0.262 -0.132 0.083 -0.056 0.074 -0.575 0.421 -0.546 -0.677 -0.057
-0.225 -0.696 0.316 -0.143 -0.210 -0.050 0.555 -0.058 -0.797 -0.887 -0.483 -0.048 0.607 0.761 0.570 0.305 0.231 0.759 0.690 0.555 0.523 0.612 0.311 0.657
0.246 0.925 0.578 0.671 -0.325 0.904 0.798 0.576 0.314 -0.195 0.391 0.237 -0.051 -0.523 -0.224 -0.032 0.577 0.774 -0.702 0.049 0.732 0.511 0.716 -0.606
-0.088 -0.260 0.547 -0.111 0.172 0.465 0.830 0.697 -0.476 -0.017 0.511 0.167 -0.317 -0.830 -0.374 0.262 -0.181 0.608 0.985 0.126 0.112 0.931 0.768 0.781
-0.500 -0.576 -0.086 -0.158 0.293 0.051 -0.353 -0.459 -0.324 -0.860 -0.289 -0.115 -0.396 -0.211 -0.848 -0.730 0.849 0.066 -0.834 -0.224 0.070 0.970 0.362 0.762
0.133 -0.623 -0.169 0.645 0.155 0.027 0.753 0.911 0.636 0.270 -0.851 -0.817 0.411 0.094 -0.842 -0.379 -0.044 -0.666 0.680 -0.487 0.295 -0.200 0.438 0.475
-0.441 -0.408 -0.743 -0.555 0.320 0.212 0.558 -0.330 -0.153 -0.121 0.507 0.406 -0.930 0.873 -0.925 0.012 0.942 0.389 -0.056 -0.900 0.562 -0.349 -0.885 -0.115
0.443 0.151 -0.786 -0.534 -0.622 -0.398 0.486 -0.488 0.697 -0.145 0.386 0.970 0.387 0.614 0.810 -0.392 0.539 0.382 -0.313 -0.736 0.118 -0.927 -0.432 -0.761
-0.960 -0.472 0.615 0.669 0.234 -0.443 -0.663 0.169 -0.100 0.129 0.007 0.489 -0.196 0.837 -0.778 0.642 0.299 -0.249 -0.748 0.682 0.590 0.828 -0.981 -0.588
-0.303 -0.735 -0.916 0.392 0.521 0.884 0.769 -0.146 -0.840 0.642 0.720 -0.544 -0.062 -0.079 0.955 0.418 0.067 0.119 0.139 0.258 -0.200 1.000 -0.204 -0.586
0.357 -0.158 -0.048 -0.804 0.845 -0.029 0.208 0.525 -0.141 -0.725 -0.946 0.405 -0.580 -0.721 0.539 0.173 -0.661 0.252 0.577 -0.976 0.181 0.590 -0.495 -0.547
0.474 0.240 -0.130 -0.638 0.503 -0.390 -0.454 -0.403 -0.112 -0.222 0.164 -0.051 0.421 0.563 -0.464 0.804 -0.260 0.279 -0.287 -0.437 -0.288 0.303 -0.291 -0.552
-0.599 -0.408 -0.412 0.333 0.515 -0.363 -0.565 0.125 -0.422 0.234 0.885 0.242 0.127 0.982 0.945 0.554 -0.347 0.721 0.056 0.151 -0.369 0.340 0.989 -0.534
-0.427 -0.191 0.622 -0.727 -0.645 -0.217 -0.328 0.583 -0.388 -0.663 -0.878 0.289 0.014 0.627 0.902 0.364 -0.344 0.768 -0.932 0.970 0.492 -0.434 0.272 -0.178
0.092 0.041 0.356 -0.572 0.218 0.091 0.134 -0.762 -0.911 -0.127 -0.873 -0.874 0.988 0.213 0.937 -0.296 0.985 -0.400 -0.498 -0.990 0.737 0.668 -0.912 -0.515
-0.871 -0.174 -0.230 0.716 -0.497 0.687 -0.008 -0.786 -0.984 0.953 -0.319 -0.314 0.368 0.834 -0.532 -0.280 -0.202 0.164 0.689 -0.588 -0.472 -0.910 0.330 -0.587
0.055 -0.916 0.543 0.639 0.421 0.229 -0.782 -0.213 0.614 0.192 0.045 0.650 0.664 -0.788 0.891 0.460 -0.703 -0.889 -0.109 -0.400 0.213 0.101 -0.598 0.014
0.056 -0.797 -0.707 -0.070 0.954 -0.556 -0.500 0.832 0.602 0.258 0.116 -0.410 -0.197 -0.318 -0.120 -0.872 -0.851 -0.614 0.604 0.472 0.386 -0.987 -0.816 0.864
-0.452 -0.618 -0.727 -0.406 0.030 0.343 -0.699 0.809 0.751 0.692 0.167 -0.036 -0.760 -0.827 -0.414 -0.589 0.356 0.894 0.339 0.710 -0.171 0.057 0.674 -0.261
-0.695 0.015 -0.019 -0.522 0.776 -0.158 -0.639 0.227 0.957 -0.078 0.043 -0.530 0.768 -0.631 -0.481 -0.066 -0.929 -0.687 -0.070 -0.012 -0.745 0.989 0.964 -0.756
0.902 0.470 -0.279 -0.165 -0.685 0.352 0.466 -0.504 0.987 -0.661 -0.321 0.007 -0.395 0.450 0.715 -0.634 -0.350 -0.929 -0.259 0.414 -0.371 -0.083 0.909 -0.699
-0.023 -0.330 0.493 0.562 -0.189 -0.262 0.838 -0.749 0.529 0.293 -0.338 0.987 0.608 -0.561 0.004 0.997 -0.235 -0.620 -0.206 -0.323 -0.064 0.128 -0.038 0.985
-0.750 -0.971 -0.088 0.393 -0.590 0.717 -0.952 0.057 0.374 -0.539 -0.322 0.025 -0.989 -0.703 0.226 -0.623 0.529 0.954 0.892 -0.339 -0.227 -0.240 0.124 0.655
0.368 0.607 -0.213 -0.832 -0.391 0.239 -0.763 -0.756 0.679 -0.204 0.046 -0.560 -0.083 -0.602 -0.833 -0.622 -0.907 0.244 -0.950 0.453 -0.421 0.853 0.329 0.904
-0.918 -0.757 0.979 -0.058 -0.298 -0.636 0.502 0.357 -0.025 0.456 0.020 0.873 0.463 -0.355 -0.301 0.221 -0.472 0.852 0.292 -0.989 -0.708 0.372 -0.588 0.260
-0.913 -0.419 -0.051 -0.525 0.267 -0.549 -0.330 -0.865 -0.960 -0.593 -0.930 -0.649 -0.681 0.475 -0.732 0.198 -0.170 -0.489 -0.105 0.618 -0.411 -0.637 -0.490 -0.016
-0.653 0.429 -0.320 -0.401 0.606 -0.763 0.377 -0.993 0.206 -0.853 -0.840 0.942 0.275 0.401 0.439 0.792 0.579 0.142 0.862 0.950 -0.588 -0.576 -0.202 -0.956
-0.416 0.874 -0.676 -0.276 0.970 0.738 -0.739 0.845 -0.561 0.053 0.188 0.478 -0.534 -0.618 0.089 0.009 0.303 0.172 -0.544 -0.276 -0.674 0.762 0.266 -0.043
0.820 0.241 -0.847 -0.044 -0.244 0.878 0.214 0.657 0.559 -0.392 -0.526 -0.811 -0.536 0.466 -0.194 0.846 0.828 -0.659 -0.890 -0.622 -0.428 -0.129 -0.983 -0.347
0.899 0.139 -0.570 -0.396 0.516 0.477 0.091 -0.843 -0.602 -0.820 -0.397 -0.725 -0.615 0.637 0.493 0.630 0.813 -0.899 -0.303 -0.473 0.755 -0.518 -0.275 -0.409
0.870 -0.503 0.121 0.098 0.360 -0.867 -0.426 0.804 0.568 0.605 -0.476 0.052 0.169 0.712 0.251 0.899 -0.012 0.206 -0.489 -0.678 -0.997 -0.293 0.604 -0.812
0.448 0.273 0.606 -0.806 -0.859 0.685 0.070 -0.929 0.712 -0.239 -0.012 0.677 0.537 -0.615 -0.970 0.191 -0.983 -0.807 -0.123 0.016 -0.868 0.753 -0.847 0.795
0.986 0.766 -0.292 -0.386 0.681 0.769 -0.205 0.372 0.471 0.971 0.022 -0.270 0.470 -0.593 -0.262 0.609 -0.445 0.892 -0.324 -0.241 -0.935 -0.908 0.313 0.648
-0.132 -0.946 -0.454 -0.363 -0.320 0.813 -0.858 0.315 0.504 0.890 0.574 -0.402 0.014 0.147 -0.486 0.846 0.589 0.649 0.777 -0.584 0.533 0.037 -0.973 -0.886
-0.488 0.598 0.703 0.088 -0.616 0.398 0.274 0.703 0.187 0.264 -0.045 -0.343 0.900 -0.009 -0.409 -0.261 0.596 0.192 0.825 0.604 -0.160 0.007 0.129 -0.844
0.577 0.865 0.818 -0.407 0.945 -0.428 -0.842 0.755 0.414 0.174 -0.621 -0.879 0.809 0.237 -0.791 0.893 -0.974 0.174 0.148 -0.020 0.358 0.812 0.850 0.283
0.243 -0.875 0.742 0.207 -0.973 -0.337 0.772 0.568 0.951 0.206 -0.595 0.258 -0.608 -0.564 0.116 -0.108 -0.589 0.471 0.201 0.924 0.544 0.041 -0.678 0.843
0.413 0.053 -0.941 0.429 -0.072 -0.625 -0.120 0.666 -0.581 -0.924 -0.149 -0.183 -0.186 0.936 -0.488 0.669 -0.060 0.479 -0.266 -0.991 -0.640 0.731 0.057 -0.781
0.449 0.116 0.461 0.657 -0.361 -0.243 0.812 0.885 -0.041 -0.146 -0.899 -0.460 -0.930 0.104 -0.195 0.380 0.802 -0.812 -0.312 0.914 -0.202 0.963 0.731 -0.280
0.915 -0.855 -0.974 -0.382 0.699 0.942 0.794 0.963 -0.039 0.670 -0.733 0.243 0.619 -0.235 -0.044 0.169 0.586 0.276 -0.417 0.190 0.075 -0.227 -0.204 0.437
-0.965 -0.819 -0.781 -0.674 -0.569 -0.814 -0.837 -0.617 -0.423 0.566 -0.799 0.516 -0.173 -0.415 -0.803 -0.200 0.008 0.283 -0.126 -0.466 0.153 -0.665 -0.081 -0.696
0.188 -0.401 0.966 -0.291 -0.613 0.655 -0.361 -0.927 0.763 -0.169 0.755 0.018 0.995 -0.091 0.753 0.916 0.201 0.248 0.687 -0.143 -0.446 0.517 -0.085 -0.811
-0.626 0.068 -0.915 0.060 -0.478 -0.445 -0.723 -0.909 -0.513 -0.884 0.251 -0.105 0.801 -0.717 -0.387 -0.567 -0.228 0.667 -0.185 -0.349 -0.616 -0.703 -0.094 -0.345
-0.885 0.855 0.887 -0.150 0.395 0.272 -0.760 -0.027 -0.953 0.984 -0.340 0.136 0.874 0.138 -0.289 0.360 -0.215 0.261 -0.437 -0.698 -0.997 -0.015 -0.561 0.488
0.053 -0.651 -0.542 -0.454 -0.244 -0.549 0.520 -0.625 -0.232 -0.155 -0.834 0.430 0.981 0.069 -0.699 0.985 0.728 0.286 -0.155 -0.096 -0.273 0.050 0.031 0.455
0.501 -0.875 0.168 0.063 -0.505 0.691 -0.131 0.665 -0.841 -0.980 0.298 -0.075 -0.031 0.973 0.784 0.342 -0.946 -0.451 0.823 -0.408 0.670 -0.830 -0.375 0.870
0.552 -0.384 0.167 -0.237 0.188 0.323 0.779 -0.617 -0.725 -0.691 0.482 -0.868 -0.039 0.008 -0.646 -0.694 0.297 0.237 0.825 0.126 -0.115 0.789 0.938 0.039
0.152 -0.894 -0.859 0.058 -0.587 0.512 0.065 0.019 -0.175 0.891 0.987 -0.731 -0.155 -0.788 -0.023 -0.357 -0.336 -0.371 0.048 0.446 0.583 0.890 0.052 0.434
-0.093 -0.783 0.415 0.204 -0.561 0.616 -0.033 0.069 0.545 -0.125 -0.402 0.845 -0.830 -0.720 0.323 -0.443 -0.870 0.120 -0.269 -0.865 0.616 -0.097 0.822 -0.927
0.577 -0.950 -0.131 -0.286 0.135 0.072 -0.887 -0.870 -0.985 -0.277 0.225 -0.133 -0.732 0.887 0.792 -0.060 -0.528 -0.096 -0.308 0.160 0.497 -0.414 -0.801 -0.913
0.729 0.878 0.169 -0.460 0.517 -0.606 -0.894 -0.464 0.186 0.747 0.365 -0.902 -0.278 -0.573 -0.252 0.672 -0.570 -0.710 -0.887 0.279 0.061 -0.524 0.849 -0.043
-0.015 -0.921 -0.614 -0.234 -0.898 0.564 -0.795 -0.091 -0.979 -0.865 0.116 0.535 -0.396 0.480 -0.786 -0.355 -0.162 0.771 0.133 0.113 0.468 0.082 0.926 0.272
-0.710 -0.587 -0.966 -0.957 -0.081 -0.886 -0.104 -0.820 -0.116 -0.956 -0.928 -0.451 -0.638 -0.160 -0.122 -0.013 0.342 0.526 0.626 0.940 -0.025 -0.977 0.266 0.429
0.929 -0.763 0.627 -0.045 -0.042 -0.964 -0.221 -0.724 -0.981 -0.144 0.068 0.289 0.387 0.597 0.041 0.599 0.561 -0.193 0.659 0.606 0.379 -0.890 0.018 0.429
0.292 0.736 -0.239 0.819 -0.165 -0.583 0.754 -0.026 -0.932 -0.162 0.429 -0.164 0.777 -0.030 -0.262 0.679 -0.499 0.764 -0.475 0.788 -0.391 -0.098 -0.348 0.253
-0.524 -0.397 0.310 0.467 -0.129 -0.969 0.696 -0.262 0.469 -0.250 0.312 -0.694 -0.838 0.994 -0.083 -0.725 0.763 -0.458 0.221 -0.451 0.943 0.218 0.285 -0.959
0.087 0.709 0.037 -0.668 -0.182 0.606 0.926 -0.036 -0.905 -0.428 -0.256 -0.905 -0.506 0.044 0.286 -0.077 0.399 -0.750 0.340 -0.571 0.983 -0.746 -0.970 0.776
0.194 -0.654 -0.999 -0.042 0.947 -0.735 -0.600 -0.314 -0.084 0.098 -0.480 0.949 0.159 0.561 0.283 -0.045 0.747 0.180 -0.001 -0.564 0.121 0.876 0.772 -0.614
-0.200 0.568 -0.772 0.055 0.384 -0.973 -0.346 -0.720 -0.840 -0.142 0.040 -0.400 0.844 -0.647 0.305 0.145 -0.799 0.003 -0.729 -0.438 0.595 -0.930 0.389 -0.912
-0.369 0.528 0.837 0.063 -0.359 -0.904 -0.994 -0.970 -0.776 0.903 -0.885 -0.402 0.848 -0.562 -0.205 0.748 -0.588 0.684 0.229 -0.289 0.388 0.109 0.767 -0.752
0.646 -0.777 0.957 -0.490 0.035 -0.274 0.659 -0.540 0.414 0.505 0.334 0.903 -0.581 -0.052 0.655 -0.037 0.761 0.893 -0.900 -0.199 -0.109 0.233 0.734 -0.281
0.240 -0.089 0.664 -0.667 0.655 -0.370 -0.834 0.980 -0.616 0.463 -0.111 0.010 -0.215 0.772 -0.813 -0.360 -0.927 0.542 -0.785 -0.277 0.898 0.891 0.558 0.599
0.845 -0.731 -0.238 -0.844 -0.766 0.709 0.451 0.144 0.694 -0.914 0.040 -0.518 -0.562 0.614 0.875 0.316 0.267 0.272 0.260 -0.075 0.594 -0.455 0.195 0.202
0.381 0.304 0.134 0.008 0.907 0.528 -0.285 -0.476 0.846 0.925 -0.182 -0.052 0.359 -0.754 0.824 0.965 -0.426 0.155 -0.835 0.151 -0.330 -0.822 0.781 -0.609
0.173 0.679 -0.158 -0.575 0.819 -0.728 0.800 0.576 -0.647 0.137 -0.457 -0.284 0.550 -0.744 -0.303 -0.257 0.442 0.530 -0.748 -0.298 -0.812 -0.285 -0.227 -0.378
0.762 -0.794 0.588 -0.572 0.515 -0.341 0.057 -0.914 0.315 0.292 -0.223 0.620 0.466 -0.783 0.088 -0.142 -0.289 0.818 0.886 0.486 -0.204 -0.839 -0.525 0.241
-0.009 0.702 0.569 0.639 0.939 -0.586 -0.031 0.747 0.069 0.120 0.573 0.875 -0.028 -0.001 0.091 -0.249 -0.488 0.300 0.845 -0.094 -0.290 -0.885 -0.249 -0.934
-0.767 0.874 0.417 -0.328 -0.274 -0.702 -0.731 0.590 0.838 -0.418 0.134 0.656 -0.497 -0.004 0.338 0.994 0.937 0.145 -0.689 -0.948 -0.611 0.077 -0.085 0.986
-0.630 0.978 -0.386 0.415 0.015 0.469 0.072 0.324 -0.621 -0.212 -0.672 -0.913 0.821 -0.185 -0.573 0.171 0.493 0.436 0.292 -0.241 -0.394 0.691 -0.481 0.871
0.600 -0.493 -0.866 0.446 -0.955 -0.352 -0.348 -0.641 0.341 -0.506 -0.303 0.306 -0.827 -0.641 -0.159 -0.265 0.651 0.986 -0.026 0.261 0.125 -0.453 -0.299 -0.520
-0.721 0.958 0.086 0.299 -0.185 0.073 -0.719 0.979 -0.120 -0.786 0.508 0.027 -0.799 0.521 -0.466 0.465 -0.132 -0.635 -0.409 0.782 -0.984 0.452 -0.260 0.058
0.924 -0.371 -0.088 0.232 0.875 -0.887 -0.880 -0.794 0.590 -0.784 -0.646 -0.799 -0.508 0.949 0.580 -0.529 -0.496 0.255 0.430 -0.276 0.049 0.231 0.959 -0.769
0.088 0.142 -0.686 -0.712 0.255 0.804 0.560 -0.981 0.790 0.019 -0.565 0.401 -0.084 -0.196 0.785 0.659 -0.977 -0.834 -0.982 -0.803 -0.287 0.715 -0.389 -0.758
0.800 -0.286 -0.474 -0.694 -0.167 -0.873 0.592 0.634 0.741 -0.924 0.909 0.524 -0.009 0.475 -0.197 0.123 0.037 0.370 0.521 -0.008 -0.647 0.107 0.151 0.003
0.762 -0.484 -0.760 -0.378 -0.594 0.339 0.340 0.511 0.364 0.337 -0.433 0.568 0.988 0.633 -0.997 -0.447 0.981 0.584 0.152 -0.599 0.655 -0.206 0.243 -0.372
-0.004 -0.609 -0.649 0.515 -0.542 -0.533 0.236 -0.895 -0.602 -0.794 0.929 -0.490 -0.114 0.753 -0.554 -0.459 -0.542 0.688 -0.154 0.238 -0.126 0.472 0.924 0.440
0.122 -0.607 -0.341 0.868 0.954 -0.365 -0.769 -0.610 0.064 0.665 0.955 0.113 0.216 0.016 -0.202 0.694 0.590 -0.388 -0.406 -0.958 0.197 0.414 0.096 0.387
-0.205 -0.016 0.642 0.340 0.775 -0.088 0.956 -0.280 0.143 -0.915 0.844 -0.496 -0.488 -0.576 -0.160 -0.313 0.479 -0.018 -0.598 0.686 0.176 0.418 0.717 0.867
0.149 -0.843 -0.931 0.888 0.917 -0.582 0.467 -0.281 -0.618 0.460 -0.875 -0.984 -0.131 0.105 0.561 -0.528 -0.599 -0.202 -0.039 -0.598 -0.465 0.332 0.741 0.314
-0.077 -0.778 0.861 -0.903 0.208 0.028 -0.695 0.586 -0.733 0.379 -0.843 -0.866 -0.800 -0.044 0.435 0.102 0.573 -0.826 -0.932 0.294 -0.144 -0.642 0.449 0.380
0.381 0.468 -0.968 -0.328 -0.533 -0.928 -0.825 -0.596 0.530 0.480 -0.379 0.423 -0.668 -0.296 0.493 -0.644 0.122 -0.485 0.312 -0.916 0.177 0.882 -0.013 -0.515
0.660 -0.871 -0.835 0.137 0.635 -0.805 0.982 0.878 -0.355 -0.023 -0.181 0.650 -0.701 -0.917 0.296 -0.269 0.037 0.237 -0.618 0.965 -0.813 -0.479 0.473 0.417
-0.431 0.956 -0.572 0.429 0.748 0.777 -0.370 -0.748 -0.247 0.996 0.280 -0.346 -0.673 -0.442 -0.175 0.539 -0.784 -0.712 0.626 0.607 -0.729 -0.964 -0.273 -0.865
-0.497 -0.909 -0.871 0.692 -0.596 0.677 -0.413 0.152 0.875 -0.238 -0.628 -0.702 0.197 -0.693 0.528 0.012 -0.144 0.723 -0.712 0.383 -0.007 -0.836 -0.521 -0.526
-0.766 0.918 -0.273 0.737 -0.781 -0.684 -0.021 0.082 0.773 -0.135 0.890 -0.922 -0.970 0.754 -0.076 0.470 -0.638 -0.546 -0.568 -0.023 -0.134 -0.416 0.008 0.008
-0.675 0.426 0.207 0.790 0.310 -0.268 0.994 -0.882 0.206 -0.286 -0.112 0.824 0.617 -0.367 -0.562 -0.658 0.416 -0.864 -0.209 -0.791 0.040 0.312 -0.718 -0.180
0.924 0.324 -0.452 0.048 -0.890 0.738 -0.218 0.392 -0.838 -0.207 -0.244 0.233 0.508 0.034 0.640 0.514 0.633 0.588 0.137 -0.280 -0.362 -0.339 0.862 0.005
-0.592 0.801 -0.998 -0.612 -0.052 0.497 0.026 0.684 -0.795 -0.997 -0.575 -0.085 0.020 -0.496 0.209 0.704 -0.252 0.663 0.199 -0.801 -0.199 -0.734 -0.346 -0.228
0.041 0.667 -0.093 -0.489 -0.446 0.500 0.977 0.035 0.715 -0.582 0.881 0.696 -0.366 -0.354 -0.153 0.709 0.317 -0.002 -0.561 -0.584 0.929 0.590 -0.550 -0.375
0.284 0.378 -0.579 -0.585 -0.118 -0.936 -0.282 0.025 0.298 -0.473 0.028 0.414 -0.388 -0.714 -0.333 -0.653 -0.543 -0.177 0.977 0.216 0.185 -0.712 0.658 0.133
-0.446 -0.983 0.529 -0.291 0.128 -0.563 0.511 -0.576 -0.665 0.378 -0.287 -0.515 0.076 -0.117 0.707 0.400 -1.000 0.569 -0.629 0.792 0.729 0.071 0.337 0.065
-0.985 0.436 0.533 -0.374 -0.381 0.105 -0.404 0.011 -0.484 -0.313 0.340 0.322 -0.358 0.372 0.765 0.450 -0.107 -0.551 -0.484 -0.138 -0.448 0.755 -0.965 0.512
-0.551 0.400 -0.828 0.284 -0.946 0.982 -0.244 0.497 -0.898 -0.819 -0.195 0.925 -0.506 -0.308 0.823 -0.943 -0.551 -0.334 -0.262 0.038 0.546 0.931 0.937 -0.090
-0.771 -0.915 0.480 -0.892 0.690 0.193 -0.729 0.703 0.302 0.162 -0.725 0.176 -0.246 0.039 0.284 -0.959 0.657 -0.116 -0.984 0.673 0.679 -0.721 -0.384 0.618
0.334 0.822 -0.805 -0.333 0.500 0.711 0.622 0.943 -0.226 -0.812 -0.817 0.838 0.198 0.274 0.333 0.470 -0.922 0.346 0.804 0.145 -0.148 -0.875 0.001 -0.086
0.101 0.907 -0.895 -0.058 0.631 -0.713 0.550 0.215 0.901 -0.814 -0.399 -0.127 0.148 0.649 0.218 -0.529 -0.042 -0.955 -0.553 -0.669 -0.880 -0.444 0.768 -0.043
-0.174 0.718 -0.573 0.416 -0.817 0.595 -0.955 -0.074 0.091 0.171 0.767 0.579 -0.463 -0.569 0.722 -0.328 0.294 0.853 -0.492 -0.885 0.834 0.717 -0.751 0.260
0.784 -0.352 0.827 0.766 -0.916 0.480 0.523 0.550 0.778 -0.591 -0.142 0.080 0.718 -0.587 0.858 -0.983 -0.478 0.132 -0.362 -0.506 -0.877 0.093 -0.280 -0.678
0.592 0.509 0.124 -0.878 0.530 0.627 -0.849 -0.058 -0.228 -0.340 -0.575 0.650 0.402 -0.445 0.177 -0.151 0.596 -0.849 0.654 0.289 0.069 -0.334 -0.619 -0.016
-0.184 -0.460 0.669 -0.818 0.853 -0.032 0.842 0.413 -0.636 -0.274 -0.134 0.798 -0.807 -0.106 0.138 0.315 0.717 0.728 -0.238 -0.512 0.554 0.674 -0.307 0.335
0.333 -0.718 -0.781 -0.238 -0.033 0.544 -0.806 -0.287 -0.324 -0.134 -0.307 0.816 0.284 -0.022 0.392 0.465 -0.185 -0.523 0.025 -0.330 0.941 0.284 0.651 0.272
-0.413 0.531 0.335 0.827 0.803 -0.103 0.061 0.616 0.410 -0.762 -0.233 0.501 -0.511 -0.618 0.990 -0.531 0.326 -0.254 -0.936 0.585 0.432 0.864 -0.973 -0.754
-0.646 0.740 0.240 0.812 -0.239 0.801 -0.888 0.828 -0.472 0.628 0.913 -0.720 0.705 0.918 -0.844 -0.123 -0.401 -0.144 0.629 -0.411 0.900 -0.834 -0.948 0.789
-0.625 -0.308 0.677 -0.617 0.657 0.798 -0.428 -0.585 0.566 0.183 0.924 -0.955 0.693 -0.680 0.990 0.748 -0.198 -0.842 -0.283 -0.299 -0.243 0.051 -0.180 0.713
-0.649 -0.510 0.592 0.266 -0.996 -0.119 0.717 0.186 0.391 -0.435 -0.892 0.255 0.732 0.110 -0.603 -0.598 0.211 0.374 0.912 -0.453 0.130 0.609 -0.354 0.916
0.932 -0.792 -0.488 0.685 -0.940 0.158 0.939 -0.703 0.974 -0.218 0.394 -0.172 0.854 0.031 -0.043 0.125 0.018 0.483 0.810 0.989 0.618 0.367 0.825 -0.379
-0.602 0.078 0.588 -0.728 0.237 -0.902 0.133 0.585 0.402 0.170 0.121 0.135 -0.253 -0.165 -0.152 0.554 0.645 0.295 0.949 -0.023 -0.687 -0.160 0.339 -0.689
-0.361 -0.613 -0.237 -0.608 0.855 0.598 0.083 0.350 0.835 -0.928 -0.687 -0.944 -0.666 -0.224 0.683 0.598 -0.598 0.947 -0.000 0.685 0.406 -0.208 -0.787 -0.992
0.285 -0.585 -0.661 -0.417 0.340 0.246 -0.153 0.211 -0.125 -0.155 -0.935 0.151 -0.490 -0.282 -0.214 -0.117 -0.118 0.426 0.167 -0.935 -0.396 -0.193 0.306 0.033
-0.024 -0.774 0.049 0.084 -0.309 -0.027 -0.884 -0.300 0.402 -0.180 -0.604 0.810 0.067 0.151 0.417 0.084 0.924 -0.643 0.734 -0.501 -0.455 0.699 0.125 -0.592
-0.396 0.676 -0.864 -0.345 -0.673 -0.878 -0.336 0.934 0.535 0.455 -0.783 -0.872 -0.231 0.012 0.398 0.954 -0.051 0.542 -0.823 0.189 0.818 0.098 -0.055 -0.235
0.578 -0.499 -0.104 0.887 -0.801 0.484 -0.116 -0.635 0.859 0.951 -0.818 -0.390 -0.129 0.600 0.262 -0.679 -0.575 0.938 0.677 0.414 0.000 -0.822 0.001 -0.261
0.664 0.460 0.557 -0.258 0.144 0.987 0.090 0.683 0.713 -0.654 -0.486 0.137 -0.444 0.073 -0.782 -0.065 -0.667 0.396 0.892 -0.683 -0.643 -0.185 -0.844 -0.181
-0.905 -0.476 -0.995 -0.781 -0.729 -0.118 0.411 0.536 0.474 -0.286 0.124 0.650 -0.128 0.704 -0.228 0.186 0.188 -0.374 -0.284 0.820 -0.762 -0.152 -0.165 -0.324
0.453 -0.610 0.170 -0.512 -0.897 -0.901 -0.274 -0.678 0.742 -0.274 -0.804 -0.504 0.759 -0.297 0.166 0.571 -0.663 -0.028 -0.095 -0.114 -0.158 -0.001 0.124 0.850
-0.324 -0.635 -0.086 0.104 -0.395 0.156 -0.328 0.184 0.908 0.060 0.959 -0.864 0.425 0.001 0.140 -0.394 0.378 0.698 0.330 0.608 0.934 -0.100 0.293 -0.476
0.901 -0.331 -0.144 -0.061 0.401 -0.279 -0.770 -0.848 0.767 0.755 0.795 0.455 -0.892 -0.735 -0.618 0.039 0.603 -0.687 0.988 0.194 0.457 -0.095 -0.131 -0.787
0.857 0.799 -0.069 0.381 0.849 0.024 -0.585 0.017 -0.833 0.679 0.600 0.296 0.572 -0.798 -0.271 -0.226 -0.036 0.694 -0.113 0.159 0.700 0.651 -0.959 0.627
0.285 0.915 0.977 -0.312 0.088 0.048 -0.047 0.102 0.802 0.249 -0.377 0.270 -0.075 0.445 0.201 0.788 0.658 -0.839 0.588 -0.988 0.790 -0.291 0.494 0.650
-0.803 0.128 0.878 -0.693 0.666 -0.640 -0.308 -0.969 0.395 0.764 -0.553 0.109 0.503 0.539 0.351 -0.223 -0.119 -0.093 0.012 0.246 0.580 0.954 0.544 0.523
-0.870 0.611 0.583 -0.765 0.410 -0.762 0.502 0.482 0.335 -0.778 0.969 0.369 0.689 -0.510 0.493 0.674 -0.501 -0.610 -0.128 -0.976 0.635 -0.421 -0.691 -0.000
-0.315 0.943 0.997 -0.856 0.323 -0.508 0.261 0.524 -0.559 -0.363 0.618 -0.503 0.245 -0.562 0.349 -0.900 0.950 -0.750 0.104 0.712 -0.791 0.665 0.173 -0.618
0.179 -0.665 -0.929 -0.328 0.728 -0.069 -0.607 0.376 0.203 0.748 0.838 -0.119 -0.775 0.632 -0.837 -0.024 0.244 -0.646 -0.649 -0.234 0.186 0.748 0.087 0.729
-0.095 0.586 0.286 0.027 -0.612 -0.928 0.444 -0.407 0.352 0.065 -0.760 0.017 -0.664 0.879 -0.311 0.217 -0.198 0.472 -0.308 0.707 0.396 0.795 -0.570 -0.151
-0.396 0.138 0.712 -0.447 -0.860 0.032 -0.941 -0.731 0.945 0.797 -0.962 -0.038 0.111 -0.605 0.918 0.468 -0.375 0.051 -0.014 -0.529 -0.981 -0.453 0.243 0.775
0.449 -0.579 0.944 0.014 0.889 0.787 -0.897 0.710 -0.297 -0.673 -0.764 -0.718 -0.829 0.938 -0.351 -0.163 0.261 0.483 0.038 0.958 -0.698 0.436 -0.778 0.518
0.670 -0.484 -0.578 0.943 -0.269 -0.151 -0.494 0.512 -0.626 -0.419 -0.673 -0.132 -0.911 0.139 -0.540 0.655 0.157 -0.941 -0.728 0.437 -0.052 -0.440 -0.495 -0.533
0.463 0.151 0.015 0.455 -0.011 -0.720 -0.393 0.503 -0.578 0.601 -0.360 0.789 0.947 -0.238 -0.137 0.980 -0.023 0.087 -0.974 -0.363 0.736 0.153 0.155 0.055
0.853 -0.401 -0.351 -0.934 -0.856 0.222 0.385 0.194 0.925 0.489 -0.987 0.400 -0.953 -0.020 0.980 -0.141 0.949 -0.923 -0.463 0.942 -0.371 -0.854 -0.909 0.244
0.534 -0.010 0.490 0.710 -0.338 -0.338 -0.588 -0.431 0.639 -0.180 -0.416 0.857 -0.402 0.496 -0.168 -0.932 0.809 -0.291 0.123 0.470 0.556 -0.716 0.642 -0.509
0.772 -0.202 -0.143 -0.799 0.518 0.815 -0.276 -0.701 0.794 -0.145 0.883 -0.870 0.208 -0.270 0.963 -0.319 -0.593 -0.475 0.761 -0.337 -0.282 0.969 0.943 0.489
0.616 -0.440 -0.970 -0.220 0.645 0.173 0.091 0.650 -0.361 -0.030 -0.367 -0.925 0.529 0.052 -0.787 -0.337 0.241 -0.542 0.961 0.131 0.011 0.003 -0.890 0.144
0.404 0.715 0.695 -0.829 -0.470 0.444 -0.911 -0.574 -0.560 0.494 -0.608 0.973 -0.553 0.594 -0.973 0.453 0.918 -0.077 -0.441 -0.144 -0.654 0.879 0.736 -0.583
-0.944 -0.137 0.529 0.697 0.916 -0.635 0.401 0.520 0.962 0.094 -0.851 0.101 -0.079 0.766 0.352 -0.922 0.398 -0.918 -0.993 -0.180 -0.306 -0.115 -0.842 -0.613
-0.447 0.314 0.611 -0.479 0.637 0.802 -0.460 -0.495 -0.336 0.590 -0.338 0.461 -0.183 0.082 -0.069 0.650 -0.027 -0.582 -0.283 -0.429 0.082 0.468 -0.678 0.153
0.191 -0.694 0.217 0.227 0.456 0.582 -0.098 -0.981 0.262 0.411 0.896 0.603 0.299 -0.750 0.335 -0.865 -0.976 0.645 -0.001 -0.757 -0.539 0.474 -0.392 0.285
-0.957 0.863 -0.908 -0.991 -0.869 -0.542 -0.403 0.070 -0.379 0.502 0.725 -0.302 -0.772 0.266 -0.156 0.276 -0.345 -0.424 0.475 -0.359 -0.243 -0.512 0.985 0.732
0.341 -0.751 0.264 0.774 0.843 0.626 -0.992 0.356 0.020 0.120 0.390 0.105 -0.458 0.617 -0.091 0.302 0.428 0.363 0.768 0.929 -0.333 -0.907 0.146 -0.719
-0.478 -0.324 -0.066 0.967 0.112 0.572 -0.379 0.608 0.357 0.543 0.493 0.304 0.451 0.659 0.251 0.781 0.716 0.665 0.017 0.436 0.257 0.344 0.111 0.222
0.198 -0.784 -0.366 -0.615 -0.314 -0.435 -0.820 0.693 -0.642 -0.641 -0.351 -0.454 0.223 0.924 0.671 -0.740 0.892 -0.248 0.690 -0.792 0.425 -0.763 0.949 0.815
0.156 -0.574 0.944 0.963 0.811 -0.195 -0.819 -0.657 0.858 -0.737 0.376 -0.031 -0.101 0.726 -0.203 0.521 0.151 0.823 0.037 -0.962 0.513 -0.514 -0.463 0.123
-0.143 -0.092 -0.140 -0.940 -0.375 0.714 -0.831 -0.709 0.521 -0.949 0.658 0.582 -0.707 -0.960 0.006 0.120 -0.664 0.778 -0.194 0.904 -0.740 -0.008 0.228 0.698
0.723 -0.989 -0.754 -0.805 0.876 0.296 -0.049 0.635 -0.625 -0.089 0.850 -0.262 -0.375 0.964 -0.376 0.232 -0.633 0.142 -0.856 -0.378 -0.226 -0.114 -0.980 -0.548
0.529 0.335 -0.383 0.461 0.166 -0.014 0.077 0.051 0.600 -0.948 -0.936 -0.225 -0.718 0.006 -0.643 -0.188 -0.318 0.103 0.540 0.894 -0.767 -0.295 0.416 0.354
-0.991 -0.171 -0.537 0.733 0.434 0.658 -0.723 0.054 0.551 0.789 0.247 -0.759 -0.098 0.219 0.412 0.316 0.753 -0.615 -0.815 0.313 0.279 -0.125 -0.115 -0.321
0.189 -0.823 0.983 0.376 -0.772 -0.216 0.098 0.416 0.590 0.091 0.953 -0.162 -0.879 0.403 0.781 -0.574 0.713 -0.625 0.465 -0.857 0.970 -0.042 -0.085 0.123
0.052 0.901 -0.212 -0.387 0.739 -0.675 -0.611 -0.969 -0.358 0.829 -0.123 -0.623 -0.426 0.323 0.265 -0.889 0.351 0.106 -0.773 -0.360 -0.043 0.858 -0.614 -0.464
-0.201 -0.903 0.466 -0.144 0.854 -0.953 -0.695 -0.715 0.280 0.879 0.879 0.049 0.842 0.100 -0.356 -0.776 0.381 0.445 0.387 -0.941 -0.009 0.319 0.172 -0.181
-0.750 0.631 -0.509 0.891 0.409 -0.590 0.169 0.579 0.157 -0.801 -0.195 0.387 -0.843 0.731 0.294 -0.338 -0.252 0.972 0.279 -0.959 0.648 0.981 -0.285 -0.961
0.868 0.313 -0.390 -0.683 0.931 -0.217 -0.011 -0.166 0.727 -0.237 0.703 0.867 -0.320 0.208 -0.208 0.677 -0.359 0.830 0.050 -0.504 0.389 -0.706 0.704 -0.925
-0.614 -0.472 -0.992 0.720 -0.865 0.340 -0.666 -0.186 0.502 -0.181 0.086 0.500 0.479 -0.121 -0.195 -0.956 0.772 0.500 -0.065 0.345 -0.017 0.956 -0.270 0.075
0.547 0.846 0.344 -0.652 0.155 -0.134 -0.048 -0.562 0.326 -0.842 -0.022 -0.825 0.853 0.834 0.565 0.321 -0.326 -0.782 0.010 0.266 -0.951 0.415 0.077 -0.291
-0.095 0.660 0.012 -0.496 -0.662 -0.603 0.951 -0.995 0.205 -0.132 0.484 0.821 0.354 -0.440 0.139 0.936 0.419 0.121 0.544 0.644 -0.888 -0.232 -0.051 -0.331
0.240 -0.500 0.150 -0.265 -0.675 0.439 0.708 -0.144 -0.215 0.499 0.438 0.215 -0.043 0.747 0.457 0.024 0.617 -0.618 -0.008 0.960 0.829 0.818 0.913 0.484
-0.634 -0.257 0.143 0.306 -0.440 0.650 0.771 -0.888 -0.820 -0.619 0.399 0.756 -0.161 -0.125 -0.729 0.692 -0.047 -0.905 -0.364 -0.387 0.318 0.417 -0.560 -0.436
0.062 -0.001 0.123 0.797 -0.163 0.959 -0.338 0.631 0.551 0.164 0.987 -0.400 -0.848 -0.200 0.501 -0.120 -0.547 0.720 -0.524 -0.470 0.850 -0.044 -0.275 -0.746
-0.184 0.001 -0.247 -0.706 -0.277 0.670 0.481 0.129 0.973 0.253 0.550 -0.606 0.045 -0.492 -0.870 -0.880 -0.797 0.867 0.070 0.543 0.275 0.110 0.939 0.680
-0.534 -0.423 0.127 0.359 -0.919 -0.993 -0.931 0.567 -0.131 0.991 0.133 0.643 -0.663 0.340 0.899 -0.064 -0.833 0.466 0.155 0.015 0.766 0.635 -0.693 -0.017
0.120 0.853 -0.560 -0.015 0.798 0.197 0.170 0.946 0.016 0.254 -0.589 -0.467 -0.291 0.005 -0.357 0.557 -0.238 -0.923 0.964 -0.692 0.948 0.904 -0.547 0.438
-0.586 -0.420 0.535 0.952 0.862 0.120 0.721 0.134 -0.044 0.382 -0.019 -0.602 -0.123 -0.442 0.244 -0.257 -0.402 -0.654 0.034 0.232 -0.581 0.008 0.945 0.361
-0.572 0.149 -0.673 -0.202 0.986 -0.019 -0.332 0.626 -0.752 0.158 -0.017 -0.768 0.652 0.429 0.596 0.260 -0.440 0.682 -0.314 0.500 -0.623 0.615 0.955 -0.532
0.687 0.322 -0.181 -0.907 -0.014 -0.517 -0.533 0.403 0.876 -0.621 0.870 0.687 -0.566 0.860 0.023 0.307 0.932 0.940 -0.026 -0.605 -0.656 0.850 0.233 -0.829
0.040 -0.270 0.861 0.462 -0.647 0.403 0.261 -0.640 0.897 -0.106 -0.658 0.071 0.559 0.282 -0.444 -0.169 0.907 -0.554 -0.988 -0.112 -0.134 -0.805 0.573 0.570
-0.771 -0.834 0.079 -0.839 0.832 0.443 -0.982 -0.594 0.933 0.263 -0.578 0.944 0.721 0.052 0.337 0.077 0.813 0.138 -0.269 -0.614 -0.928 0.543 -0.894 0.390
-0.012 -0.355 -0.884 0.192 -0.843 -0.723 -0.173 -0.371 -0.939 0.523 0.046 -0.060 0.977 -0.691 0.200 -0.708 0.390 0.047 0.536 -0.651 0.477 -0.356 -0.374 0.252
-0.897 -0.246 0.884 -0.667 0.659 0.877 -0.290 -0.866 0.603 -0.951 0.878 0.184 0.405 -0.848 0.778 -0.928 0.894 0.899 0.093 -0.027 -0.623 -0.120 0.328 0.779
0.206 -0.798 0.545 -0.916 0.681 -0.628 -0.496 -0.311 -0.080 -0.956 0.503 0.383 -0.181 0.231 -0.614 -0.663 -0.632 -0.615 0.529 0.543 0.213 -0.079 -0.426 0.489
0.822 -0.883 0.485 -0.967 0.327 -0.956 -0.222 -0.756 0.598 0.751 -0.601 0.864 0.002 0.856 -0.246 -0.429 0.003 -0.112 -0.220 -0.710 -0.788 -0.380 0.507 -0.006
0.259 -0.713 0.491 0.581 -0.433 -0.191 0.055 -0.854 0.594 -0.941 0.518 0.312 0.327 0.273 -0.199 0.380 -0.175 0.840 -0.759 -0.959 -0.077 0.177 0.813 0.208
0.433 0.969 0.728 0.249 0.069 0.659 0.309 -0.977 -0.614 0.920 -0.878 -0.552 0.056 -0.538 -0.498 -0.989 -0.795 0.363 0.064 -0.343 0.665 0.323 -0.574 -0.254
-0.837 0.823 0.223 0.857 0.325 0.552 0.871 -0.258 0.673 0.063 -0.396 0.384 -0.855 0.857 -0.813 -0.658 0.207 0.528 -0.970 -0.857 -0.839 0.487 -0.113 -0.029
0.908 0.369 0.977 0.941 -0.860 0.090 0.621 0.906 0.784 0.034 -0.451 0.287 -0.332 0.716 0.197 -0.278 0.312 0.039 -0.592 -0.455 0.973 0.135 0.072 -0.343
-0.578 0.371 0.484 -0.481 -0.631 -0.326 0.103 0.237 0.246 0.605 -0.180 -0.388 -0.954 -0.018 0.598 -0.511 0.146 0.965 0.158 0.487 -0.320 0.758 -0.994 -0.052
0.433 0.629 -0.032 -0.580 -0.490 -0.956 -0.968 0.481 -0.609 -0.200 -0.571 -0.877 0.681 0.536 -0.422 0.560 -0.217 -0.246 0.769 0.200 0.653 0.169 -0.826 -0.713
0.528 0.607 0.133 -0.407 0.800 0.909 -0.018 0.870 0.349 -0.527 0.247 0.848 -0.618 -0.895 -0.332 0.346 -0.143 -0.508 0.331 0.671 -0.627 0.792 -0.186 0.039
0.825 0.752 -0.914 -0.762 0.638 -0.064 -0.515 -0.137 -0.227 0.256 0.926 -0.745 0.470 -0.151 0.336 0.796 0.401 0.241 0.932 -0.928 0.443 0.647 0.775 -0.264
-0.495 0.987 -0.536 0.809 0.645 0.048 -0.058 -0.357 0.411 0.381 0.671 -0.307 -0.592 0.743 -0.540 -0.535 -0.320 0.276 0.531 0.565 -0.918 -0.699 0.544 0.650
-0.693 -0.676 -0.939 0.966 -0.685 0.650 -0.176 0.153 0.973 0.532 0.051 -0.195 -0.202 0.392 0.875 -0.381 -0.328 -0.857 0.175 0.736 -0.336 -0.551 -0.011 0.191
0.248 0.772 -0.348 -0.558 0.869 0.191 -0.269 0.246 -0.983 0.086 -0.104 -0.059 0.064 -0.459 0.671 0.020 0.819 -0.523 -0.821 0.616 0.899 -0.387 -0.337 -0.825
0.979 -0.357 0.119 -0.148 0.222 0.970 0.463 0.025 -0.802 -0.832 0.123 -0.314 -0.142 0.908 -0.886 -0.010 -0.810 0.997 -0.455 0.860 0.006 0.147 -0.327 0.799
-0.855 0.914 0.218 0.657 -0.589 0.658 -0.178 -0.790 -0.259 -0.254 0.214 0.836 -0.803 0.168 0.661 -0.648 -0.921 0.240 -0.164 -0.095 0.039 0.812 -0.384 -0.284
-0.315 -0.402 0.328 -0.875 -0.665 0.282 -0.931 -0.469 -0.994 -0.522 0.601 -0.272 -0.628 0.060 -0.597 -0.473 -0.939 -0.868 0.119 -0.372 -0.090 -0.372 -0.263 -0.950
0.355 -0.213 -0.677 -0.887 0.826 -0.308 -0.052 -0.073 -0.124 0.125 -0.074 -0.225 0.144 0.023 -0.044 0.199 -0.616 -0.907 0.877 0.276 -0.485 0.247 -0.519 0.015
-0.596 -0.135 -0.235 -0.931 0.288 -0.576 0.301 0.481 0.366 0.152 -0.650 -0.080 0.799 0.416 -0.265 -0.324 -0.781 -0.100 0.122 -0.435 0.188 0.949 0.691 0.731
-0.266 -0.920 0.476 0.178 0.853 -0.150 -0.966 -0.314 -0.552 0.904 0.695 0.315 -0.834 0.605 -0.917 -0.266 0.886 0.226 -0.438 0.573 -0.042 -0.776 0.171 -0.883
-0.980 -0.449 -0.441 -0.976 -0.434 0.613 0.450 -0.194 0.916 -0.063 -0.460 -0.248 -0.881 0.989 0.036 -0.509 0.160 0.195 0.065 -0.819 0.778 -0.035 -0.971 0.102
0.218 -0.395 0.651 -0.415 0.627 -0.798 -0.875 -0.702 0.420 0.831 0.699 0.222 0.799 -0.664 0.363 0.211 -0.217 -0.645 -0.723 0.602 -0.332 0.719 -0.930 0.455
0.404 -0.713 -0.874 -0.848 -0.228 -0.792 -0.401 0.252 -0.680 -0.395 -0.788 -0.682 -0.239 -0.266 0.885 0.500 0.492 -0.241 -0.566 0.717 0.930 0.312 -0.204 0.925
-0.074 -0.774 -0.974 0.656 -0.049 0.164 0.731 -0.004 -0.944 0.756 -0.652 0.170 0.618 -0.118 0.216 0.746 0.186 -0.754 -0.014 0.364 0.519 -0.131 -0.437 0.873
0.379 -0.912 -0.893 0.495 -0.361 -0.470 0.269 0.776 0.532 0.045 0.703 -0.419 -0.548 0.314 -0.702 -0.836 -0.008 0.124 -0.297 -0.538 -0.626 -0.324 0.685 -0.648
-0.656 -0.231 -0.777 -0.505 -0.189 0.533 -0.954 0.571 -0.005 0.962 0.818 0.195 0.989 -0.625 0.270 0.103 0.804 0.004 -0.052 -0.242 -0.234 0.944 -0.196 -0.073
-0.615 0.210 -0.087 -0.589 0.405 -0.241 0.443 0.842 0.238 0.065 -0.470 0.968 -0.579 0.062 -0.506 -0.951 0.117 0.831 0.479 -0.981 -0.211 0.745 0.207 -0.879
0.527 -0.993 -0.124 0.399 0.218 -0.052 0.692 0.303 0.872 0.533 -0.705 0.411 0.429 -0.844 0.851 0.120 -0.958 -0.848 -0.152 0.815 0.688 -0.133 0.641 0.142
-0.730 -0.584 0.084 0.967 0.440 0.306 0.124 -0.215 -0.280 0.420 0.671 -0.899 -0.993 0.646 -0.681 -0.414 0.515 -0.748 -0.620 -0.836 -0.920 0.760 -0.127 0.954
