311.200 13.8393 -0.0496 -0.0079 0.0127 -0.0720 -0.0308 -0.0196 -0.0257 -0.0381 0.0073 0.0349 0.0135 -0.0187 -0.0173 -0.0241 0.0495 0.0191 -0.0794 0.0298 -0.0225 -0.0043 -0.0155 0.0588 0.0600 0.0277
300.000 13.8272 -0.0212 -0.0164 -0.0232 0.0197 -0.0509 0.0881 -0.0076 -0.0242 -0.0176 0.0069 0.0262 -0.0968 -0.0171 -0.1471 -0.0021 0.0002 -0.0406 0.0005 -0.0590 -0.0199 0.0013 0.0410 0.0381 0.1017
300.000 13.7281 0.0184 0.0086 -0.1069 0.0141 -0.0573 0.0532 -0.0884 -0.0568 -0.0002 0.0130 0.0548 -0.0056 0.0174 -0.0206 0.0264 -0.0452 -0.0810 -0.0689 -0.0437 -0.0390 0.0799 -0.0464 0.0047 -0.0040
485.147 13.8101 -0.0770 -0.0103 -0.0806 -0.0266 0.0416 -0.0413 -0.0387 -0.0169 0.0546 -0.0106 0.0674 0.0557 0.0305 -0.0553 -0.0201 -0.0876 -0.0559 -0.0049 -0.0217 0.0419 0.0764 -0.0675 -0.0122 0.0296
1999.884 13.9408 -0.1846 0.0483 -0.0310 -0.0182 0.0236 -0.1215 0.0559 0.0741 -0.0192 0.0074 0.0245 -0.0118 -0.0554 -0.0516 -0.1058 -0.2043 0.0428 0.1120 -0.1204 0.0791 0.0341 0.0750 -0.0055 0.0611
6836.557 12.9562 -0.4361 0.2919 0.1711 0.1581 0.1837 -0.3032 0.1717 0.2302 0.0862 0.2248 -0.3677 -0.1738 -0.2762 -0.1432 -0.3508 -0.4176 0.1815 0.3371 -0.3848 0.1242 -0.0131 0.1361 0.0607 -0.0484
8335.798 12.8383 -0.4487 0.3557 0.1668 0.1778 0.2555 -0.2875 0.2045 0.2501 0.1441 0.2406 -0.4443 -0.1709 -0.3210 -0.1915 -0.3881 -0.3988 0.2050 0.2904 -0.4441 0.0947 -0.0329 0.1269 0.0519 -0.0997
8210.427 12.3157 -0.4285 0.4164 0.2719 0.2081 0.2709 -0.3779 0.2401 0.3392 0.1448 0.3251 -0.5147 -0.2558 -0.4390 -0.2017 -0.4412 -0.4449 0.1988 0.3166 -0.4978 0.0967 -0.1076 0.0825 0.0497 -0.0952
9217.339 12.2233 -0.4864 0.4203 0.2651 0.2324 0.2840 -0.3207 0.2551 0.3286 0.1762 0.2579 -0.5074 -0.2092 -0.3178 -0.2102 -0.4517 -0.4389 0.2104 0.4013 -0.4522 0.0650 -0.1027 0.1520 0.0882 -0.0969
9073.659 12.2510 -0.4611 0.4308 0.2917 0.2571 0.3081 -0.3486 0.2346 0.3640 0.1707 0.2985 -0.4807 -0.1986 -0.3900 -0.2249 -0.4191 -0.4219 0.2143 0.3852 -0.4663 0.0909 -0.0590 0.1355 0.0573 -0.0960
9253.708 12.2459 -0.5046 0.4903 0.2657 0.1799 0.2902 -0.3350 0.1696 0.3007 0.1500 0.3222 -0.5180 -0.2133 -0.3823 -0.2221 -0.4130 -0.4824 0.2145 0.3566 -0.4636 0.0937 -0.0550 0.1352 0.0881 -0.1082
8192.718 12.5305 -0.4491 0.3848 0.2259 0.2070 0.2627 -0.3219 0.2201 0.3458 0.1545 0.2769 -0.4541 -0.2183 -0.3190 -0.1908 -0.4146 -0.4196 0.1950 0.3395 -0.4294 0.0939 -0.0624 0.0974 0.0830 -0.1033
374.000 13.9359 -0.0151 -0.0050 0.0153 0.0316 -0.0573 -0.0019 -0.0378 -0.0033 -0.0026 -0.0103 -0.0027 -0.0365 -0.0796 0.0078 -0.0423 -0.0223 0.0066 -0.0037 0.0182 -0.0751 0.0027 -0.0293 0.0173 0.0461
448.000 13.8999 0.0758 -0.0220 0.0260 0.1029 -0.0204 -0.0101 0.0227 -0.0993 -0.0079 0.0188 -0.0771 -0.0627 0.0534 -0.0438 -0.0166 -0.0341 -0.0642 -0.0561 0.0695 -0.0357 0.1198 -0.0031 -0.0479 -0.0004
540.661 13.9706 0.0784 -0.0757 -0.0339 0.1394 -0.0725 -0.0492 -0.0352 -0.0758 -0.1092 0.0258 -0.0574 -0.0658 0.1197 0.0259 -0.0372 0.0019 -0.0703 0.0254 0.0946 0.0033 0.1585 -0.0198 -0.0671 -0.0093
893.432 13.7599 0.2021 -0.1519 -0.0823 0.1661 -0.0785 -0.0595 -0.0979 -0.1378 -0.1278 0.0224 -0.1667 -0.0973 0.2511 0.1267 0.0433 0.0016 -0.0587 0.0013 0.0968 0.0309 0.1659 -0.0725 -0.1470 -0.0740
1504.290 13.6517 0.2253 -0.2214 -0.2344 0.2024 -0.0543 -0.0783 -0.1262 -0.2184 -0.1288 0.0310 -0.1344 -0.1459 0.2319 0.1182 -0.0163 -0.0178 -0.0785 0.0212 0.1960 0.0599 0.2475 -0.0443 -0.2006 -0.0764
1838.006 13.4726 0.2579 -0.1956 -0.2147 0.2401 -0.0505 -0.1052 -0.1077 -0.1959 -0.2473 0.0701 -0.1926 -0.2208 0.2897 0.1405 0.0178 0.0535 -0.0748 0.0154 0.1659 0.0712 0.2188 -0.1131 -0.2085 -0.1465
1838.006 13.4346 0.2976 -0.2128 -0.2676 0.3200 -0.0238 -0.0902 -0.1547 -0.2494 -0.2024 0.0542 -0.1890 -0.2243 0.3094 0.1993 0.0095 0.0301 -0.0929 0.0431 0.1720 0.0826 0.2376 -0.0777 -0.1903 -0.0953
1838.006 13.4630 0.2679 -0.2100 -0.2485 0.3055 -0.0654 -0.0718 -0.1578 -0.2114 -0.2008 0.0680 -0.2044 -0.1819 0.2702 0.2001 0.0571 0.0426 -0.1492 0.0458 0.1685 0.0469 0.2523 -0.1392 -0.2288 -0.1530
1449.148 13.5090 0.2969 -0.2389 -0.2203 0.3152 -0.0532 -0.1656 -0.1157 -0.2432 -0.2514 0.0964 -0.2066 -0.2347 0.3159 0.1750 0.0187 0.0393 -0.1166 0.0439 0.1741 0.0742 0.2509 -0.1274 -0.2274 -0.1236
1764.006 13.4394 0.3005 -0.2026 -0.2194 0.3229 -0.1009 -0.0634 -0.1080 -0.1939 -0.2423 0.0874 -0.1672 -0.1979 0.2949 0.1550 0.0136 0.0424 -0.1482 0.0414 0.2270 0.0598 0.2714 -0.1116 -0.1680 -0.1397
1726.290 13.2355 0.3385 -0.2248 -0.2207 0.3239 -0.0890 -0.1036 -0.0769 -0.2712 -0.2521 0.1093 -0.2273 -0.2002 0.3519 0.1761 0.0264 0.0622 -0.1257 0.0029 0.1816 0.0735 0.2757 -0.0927 -0.2151 -0.1402
2029.864 13.4823 0.2406 -0.1994 -0.2466 0.2837 -0.1186 -0.1111 -0.1083 -0.2339 -0.2045 0.0473 -0.1969 -0.1851 0.2816 0.1300 0.0507 0.0047 -0.1468 0.0660 0.1274 0.0650 0.3009 -0.0931 -0.2018 -0.0855
1378.828 13.2332 0.3041 -0.2679 -0.2394 0.3092 -0.1032 -0.0816 -0.0797 -0.3179 -0.2904 0.0801 -0.1768 -0.2039 0.3001 0.2090 0.0388 0.0108 -0.1047 0.0614 0.2424 0.0877 0.2889 -0.1631 -0.2296 -0.1482
1375.148 13.5268 0.2643 -0.1920 -0.2057 0.2916 -0.0545 -0.0917 -0.1354 -0.1484 -0.2572 0.0694 -0.1750 -0.1627 0.2675 0.1772 -0.0210 0.0170 -0.1145 0.1037 0.1729 0.0644 0.2631 -0.1064 -0.2027 -0.1384
1562.523 13.4796 0.2539 -0.1744 -0.1864 0.2961 -0.0285 -0.0938 -0.0504 -0.1791 -0.2090 0.0523 -0.1140 -0.2051 0.3071 0.2033 0.0205 0.0569 -0.0645 0.0755 0.1806 0.0816 0.3178 -0.1159 -0.2583 -0.1110
1720.059 13.5056 0.2351 -0.0545 -0.1102 0.2620 -0.0594 0.0093 0.0018 -0.1522 -0.1731 0.0817 -0.0455 -0.1131 0.2455 0.1010 0.0226 0.0492 -0.1645 0.0130 0.1623 0.0603 0.2395 -0.1352 -0.2272 -0.0660
3165.395 13.3325 0.2361 0.0536 -0.0256 0.3019 0.0219 -0.0159 0.0599 -0.0250 -0.2062 0.0837 0.0442 -0.1315 0.3351 0.2256 0.0156 0.0182 -0.1112 0.0637 0.1583 0.0902 0.2608 -0.1360 -0.2469 -0.1209
4860.582 13.0792 0.3600 0.2036 0.0572 0.3227 -0.0124 0.0936 0.1440 -0.0605 -0.1703 0.0899 0.1339 -0.0946 0.3459 0.1985 0.0622 0.0221 -0.1504 0.0504 0.1710 0.0632 0.3312 -0.1044 -0.2995 -0.0992
6020.706 13.0202 0.2709 0.2987 0.1330 0.3643 -0.0014 0.1004 0.2571 0.0240 -0.1093 0.0921 0.1828 -0.0771 0.3226 0.2274 0.0240 0.0282 -0.1762 0.0284 0.1372 0.0727 0.2862 -0.1534 -0.2506 -0.1437
6362.013 12.8795 0.2141 0.3467 0.1609 0.3273 -0.0105 0.1161 0.2277 -0.0194 -0.1545 0.1556 0.2008 -0.0752 0.3223 0.2026 -0.0032 0.0101 -0.1714 0.0430 0.2505 0.0406 0.2694 -0.0815 -0.2560 -0.1356
6081.288 12.8995 0.2603 0.3559 0.1432 0.3254 -0.0170 0.0674 0.2209 0.0222 -0.1359 0.1327 0.2098 -0.1088 0.3141 0.1719 0.0618 0.0301 -0.1291 0.0790 0.2226 0.0644 0.3370 -0.1775 -0.2566 -0.1538
6273.531 12.8102 0.2606 0.2909 0.1431 0.3284 0.0195 0.0965 0.2388 0.0714 -0.1653 0.0538 0.2528 -0.0651 0.3352 0.1766 -0.0097 0.0293 -0.2081 0.0592 0.1677 0.0722 0.3040 -0.1348 -0.3165 -0.1239
5916.604 12.9375 0.2479 0.3054 0.1410 0.3103 -0.0083 0.1391 0.2682 0.0421 -0.1553 0.0811 0.1947 -0.0449 0.3441 0.2121 0.0340 -0.0266 -0.1633 0.0239 0.2151 0.0717 0.3198 -0.0969 -0.3132 -0.1455
