0.771 0.937 0.372 0.92 0.044 0.303 0.698 0.173 -0.441 0.311 0.626 -0.148 0.979 0.594 0.066 0.082 -0.444 0.119 0.599 0.219 0.912 -0.386 -0.84 -0.419 24.54272
0.771 0.937 0.372 0.92 0.044 0.303 0.698 0.173 -0.441 0.311 0.626 -0.148 0.979 0.594 0.066 0.082 -0.444 0.119 0.599 0.219 0.912 -0.386 -0.84 -0.419 22.49077
0.771 0.937 0.372 0.92 0.044 0.303 0.698 0.173 -0.441 0.311 0.626 -0.148 0.979 0.594 0.066 0.082 -0.444 0.119 0.599 0.219 0.912 -0.386 -0.84 -0.419 100
0.771 0.937 0.372 0.92 0.044 0.303 0.698 0.173 -0.441 0.311 0.626 -0.148 0.979 0.594 0.066 0.082 -0.444 0.119 0.599 0.219 0.912 -0.386 -0.84 -0.419 100
0.771 0.937 0.372 0.92 0.044 0.303 0.698 0.173 -0.441 0.311 0.626 -0.148 0.979 0.594 0.066 0.082 -0.444 0.119 0.599 0.219 0.912 -0.386 -0.84 -0.419 27.29715
0.771 0.937 0.372 0.92 0.044 0.303 0.698 0.173 -0.441 0.311 0.626 -0.148 0.979 0.594 0.066 0.082 -0.444 0.119 0.599 0.219 0.912 -0.386 -0.84 -0.419 75
0.771 0.937 0.372 0.92 0.044 0.303 0.698 0.173 -0.441 0.311 0.626 -0.148 0.979 0.594 0.066 0.082 -0.444 0.119 0.599 0.219 0.912 -0.386 -0.84 -0.419 75
0.771 0.937 0.372 0.92 0.044 0.303 0.698 0.173 -0.441 0.311 0.626 -0.148 0.979 0.594 0.066 0.082 -0.444 0.119 0.599 0.219 0.912 -0.386 -0.84 -0.419 26.4225
0.771 0.937 0.372 0.92 0.044 0.303 0.698 0.173 -0.441 0.311 0.626 -0.148 0.979 0.594 0.066 0.082 -0.444 0.119 0.599 0.219 0.912 -0.386 -0.84 -0.419 27.29715
0.771 0.937 0.372 0.92 0.044 0.303 0.698 0.173 -0.441 0.311 0.626 -0.148 0.979 0.594 0.066 0.082 -0.444 0.119 0.599 0.219 0.912 -0.386 -0.84 -0.419 100
0.771 0.937 0.372 0.92 0.044 0.303 0.698 0.173 -0.441 0.311 0.626 -0.148 0.979 0.594 0.066 0.082 -0.444 0.119 0.599 0.219 0.912 -0.386 -0.84 -0.419 28.12815
0.771 0.937 0.372 0.92 0.044 0.303 0.698 0.173 -0.441 0.311 0.626 -0.148 0.979 0.594 0.066 0.082 -0.444 0.119 0.599 0.219 0.912 -0.386 -0.84 -0.419 25.50433
0.771 0.937 0.372 0.92 0.044 0.303 0.698 0.173 -0.441 0.311 0.626 -0.148 0.979 0.594 0.066 0.082 -0.444 0.119 0.599 0.219 0.912 -0.386 -0.84 -0.419 25.50433
0.771 0.937 0.372 0.92 0.044 0.303 0.698 0.173 -0.441 0.311 0.626 -0.148 0.979 0.594 0.066 0.082 -0.444 0.119 0.599 0.219 0.912 -0.386 -0.84 -0.419 75
0.771 0.937 0.372 0.92 0.044 0.303 0.698 0.173 -0.441 0.311 0.626 -0.148 0.979 0.594 0.066 0.082 -0.444 0.119 0.599 0.219 0.912 -0.386 -0.84 -0.419 26.4225
0.771 0.937 0.372 0.92 0.044 0.303 0.698 0.173 -0.441 0.311 0.626 -0.148 0.979 0.594 0.066 0.082 -0.444 0.119 0.599 0.219 0.912 -0.386 -0.84 -0.419 28.12815
0.771 0.937 0.372 0.92 0.044 0.303 0.698 0.173 -0.441 0.311 0.626 -0.148 0.979 0.594 0.066 0.082 -0.444 0.119 0.599 0.219 0.912 -0.386 -0.84 -0.419 25.50433
0.771 0.937 0.372 0.92 0.044 0.303 0.698 0.173 -0.441 0.311 0.626 -0.148 0.979 0.594 0.066 0.082 -0.444 0.119 0.599 0.219 0.912 -0.386 -0.84 -0.419 26.4225
0.771 0.937 0.372 0.92 0.044 0.303 0.698 0.173 -0.441 0.311 0.626 -0.148 0.979 0.594 0.066 0.082 -0.444 0.119 0.599 0.219 0.912 -0.386 -0.84 -0.419 75
0.771 0.937 0.372 0.92 0.044 0.303 0.698 0.173 -0.441 0.311 0.626 -0.148 0.979 0.594 0.066 0.082 -0.444 0.119 0.599 0.219 0.912 -0.386 -0.84 -0.419 27.29715
0.771 0.937 0.372 0.92 0.044 0.303 0.698 0.173 -0.441 0.311 0.626 -0.148 0.979 0.594 0.066 0.082 -0.444 0.119 0.599 0.219 0.912 -0.386 -0.84 -0.419 25.50433
0.771 0.937 0.372 0.92 0.044 0.303 0.698 0.173 -0.441 0.311 0.626 -0.148 0.979 0.594 0.066 0.082 -0.444 0.119 0.599 0.219 0.912 -0.386 -0.84 -0.419 22.49077
0.771 0.937 0.372 0.92 0.044 0.303 0.698 0.173 -0.441 0.311 0.626 -0.148 0.979 0.594 0.066 0.082 -0.444 0.119 0.599 0.219 0.912 -0.386 -0.84 -0.419 100
0.771 0.937 0.372 0.92 0.044 0.303 0.698 0.173 -0.441 0.311 0.626 -0.148 0.979 0.594 0.066 0.082 -0.444 0.119 0.599 0.219 0.912 -0.386 -0.84 -0.419 75
0.771 0.937 0.372 0.92 0.044 0.303 0.698 0.173 -0.441 0.311 0.626 -0.148 0.979 0.594 0.066 0.082 -0.444 0.119 0.599 0.219 0.912 -0.386 -0.84 -0.419 100
0.771 0.937 0.372 0.92 0.044 0.303 0.698 0.173 -0.441 0.311 0.626 -0.148 0.979 0.594 0.066 0.082 -0.444 0.119 0.599 0.219 0.912 -0.386 -0.84 -0.419 24.54272
0.771 0.937 0.372 0.92 0.044 0.303 0.698 0.173 -0.441 0.311 0.626 -0.148 0.979 0.594 0.066 0.082 -0.444 0.119 0.599 0.219 0.912 -0.386 -0.84 -0.419 75
0.771 0.937 0.372 0.92 0.044 0.303 0.698 0.173 -0.441 0.311 0.626 -0.148 0.979 0.594 0.066 0.082 -0.444 0.119 0.599 0.219 0.912 -0.386 -0.84 -0.419 24.54272
0.771 0.937 0.372 0.92 0.044 0.303 0.698 0.173 -0.441 0.311 0.626 -0.148 0.979 0.594 0.066 0.082 -0.444 0.119 0.599 0.219 0.912 -0.386 -0.84 -0.419 22.49077
0.771 0.937 0.372 0.92 0.044 0.303 0.698 0.173 -0.441 0.311 0.626 -0.148 0.979 0.594 0.066 0.082 -0.444 0.119 0.599 0.219 0.912 -0.386 -0.84 -0.419 27.29715
-0.272 -0.061 -0.673 0.589 0.297 -0.343 0.528 0.022 0.557 -0.999 0.945 -0.814 0.227 -0.792 0.627 0.201 -0.892 0.631 -0.186 -0.636 -0.769 0.39 0.825 0.3 1
0.771 0.937 0.372 0.92 0.044 0.303 0.698 0.173 -0.441 0.311 0.626 -0.148 0.979 0.594 0.066 0.082 -0.444 0.119 0.599 0.219 0.912 -0.386 -0.84 -0.419 25.50433
0.771 0.937 0.372 0.92 0.044 0.303 0.698 0.173 -0.441 0.311 0.626 -0.148 0.979 0.594 0.066 0.082 -0.444 0.119 0.599 0.219 0.912 -0.386 -0.84 -0.419 75
0.771 0.937 0.372 0.92 0.044 0.303 0.698 0.173 -0.441 0.311 0.626 -0.148 0.979 0.594 0.066 0.082 -0.444 0.119 0.599 0.219 0.912 -0.386 -0.84 -0.419 100
0.771 0.937 0.372 0.92 0.044 0.303 0.698 0.173 -0.441 0.311 0.626 -0.148 0.979 0.594 0.066 0.082 -0.444 0.119 0.599 0.219 0.912 -0.386 -0.84 -0.419 75
0.771 0.937 0.372 0.92 0.044 0.303 0.698 0.173 -0.441 0.311 0.626 -0.148 0.979 0.594 0.066 0.082 -0.444 0.119 0.599 0.219 0.912 -0.386 -0.84 -0.419 24.54272
0.771 0.937 0.372 0.92 0.044 0.303 0.698 0.173 -0.441 0.311 0.626 -0.148 0.979 0.594 0.066 0.082 -0.444 0.119 0.599 0.219 0.912 -0.386 -0.84 -0.419 100
0.771 0.937 0.372 0.92 0.044 0.303 0.698 0.173 -0.441 0.311 0.626 -0.148 0.979 0.594 0.066 0.082 -0.444 0.119 0.599 0.219 0.912 -0.386 -0.84 -0.419 75
0.771 0.937 0.372 0.92 0.044 0.303 0.698 0.173 -0.441 0.311 0.626 -0.148 0.979 0.594 0.066 0.082 -0.444 0.119 0.599 0.219 0.912 -0.386 -0.84 -0.419 22.49077
0.771 0.937 0.372 0.92 0.044 0.303 0.698 0.173 -0.441 0.311 0.626 -0.148 0.979 0.594 0.066 0.082 -0.444 0.119 0.599 0.219 0.912 -0.386 -0.84 -0.419 75
0.771 0.937 0.372 0.92 0.044 0.303 0.698 0.173 -0.441 0.311 0.626 -0.148 0.979 0.594 0.066 0.082 -0.444 0.119 0.599 0.219 0.912 -0.386 -0.84 -0.419 75
0.771 0.937 0.372 0.92 0.044 0.303 0.698 0.173 -0.441 0.311 0.626 -0.148 0.979 0.594 0.066 0.082 -0.444 0.119 0.599 0.219 0.912 -0.386 -0.84 -0.419 28.12815
0.771 0.937 0.372 0.92 0.044 0.303 0.698 0.173 -0.441 0.311 0.626 -0.148 0.979 0.594 0.066 0.082 -0.444 0.119 0.599 0.219 0.912 -0.386 -0.84 -0.419 25.50433
0.771 0.937 0.372 0.92 0.044 0.303 0.698 0.173 -0.441 0.311 0.626 -0.148 0.979 0.594 0.066 0.082 -0.444 0.119 0.599 0.219 0.912 -0.386 -0.84 -0.419 28.12815
0.771 0.937 0.372 0.92 0.044 0.303 0.698 0.173 -0.441 0.311 0.626 -0.148 0.979 0.594 0.066 0.082 -0.444 0.119 0.599 0.219 0.912 -0.386 -0.84 -0.419 27.29715
0.771 0.937 0.372 0.92 0.044 0.303 0.698 0.173 -0.441 0.311 0.626 -0.148 0.979 0.594 0.066 0.082 -0.444 0.119 0.599 0.219 0.912 -0.386 -0.84 -0.419 75
0.771 0.937 0.372 0.92 0.044 0.303 0.698 0.173 -0.441 0.311 0.626 -0.148 0.979 0.594 0.066 0.082 -0.444 0.119 0.599 0.219 0.912 -0.386 -0.84 -0.419 100
0.771 0.937 0.372 0.92 0.044 0.303 0.698 0.173 -0.441 0.311 0.626 -0.148 0.979 0.594 0.066 0.082 -0.444 0.119 0.599 0.219 0.912 -0.386 -0.84 -0.419 23.53812
0.771 0.937 0.372 0.92 0.044 0.303 0.698 0.173 -0.441 0.311 0.626 -0.148 0.979 0.594 0.066 0.082 -0.444 0.119 0.599 0.219 0.912 -0.386 -0.84 -0.419 75
0.771 0.937 0.372 0.92 0.044 0.303 0.698 0.173 -0.441 0.311 0.626 -0.148 0.979 0.594 0.066 0.082 -0.444 0.119 0.599 0.219 0.912 -0.386 -0.84 -0.419 100
0.771 0.937 0.372 0.92 0.044 0.303 0.698 0.173 -0.441 0.311 0.626 -0.148 0.979 0.594 0.066 0.082 -0.444 0.119 0.599 0.219 0.912 -0.386 -0.84 -0.419 22.49077
0.771 0.937 0.372 0.92 0.044 0.303 0.698 0.173 -0.441 0.311 0.626 -0.148 0.979 0.594 0.066 0.082 -0.444 0.119 0.599 0.219 0.912 -0.386 -0.84 -0.419 75
0.771 0.937 0.372 0.92 0.044 0.303 0.698 0.173 -0.441 0.311 0.626 -0.148 0.979 0.594 0.066 0.082 -0.444 0.119 0.599 0.219 0.912 -0.386 -0.84 -0.419 24.54272
0.771 0.937 0.372 0.92 0.044 0.303 0.698 0.173 -0.441 0.311 0.626 -0.148 0.979 0.594 0.066 0.082 -0.444 0.119 0.599 0.219 0.912 -0.386 -0.84 -0.419 27.29715
0.771 0.937 0.372 0.92 0.044 0.303 0.698 0.173 -0.441 0.311 0.626 -0.148 0.979 0.594 0.066 0.082 -0.444 0.119 0.599 0.219 0.912 -0.386 -0.84 -0.419 28.12815
0.771 0.937 0.372 0.92 0.044 0.303 0.698 0.173 -0.441 0.311 0.626 -0.148 0.979 0.594 0.066 0.082 -0.444 0.119 0.599 0.219 0.912 -0.386 -0.84 -0.419 25.50433
0.771 0.937 0.372 0.92 0.044 0.303 0.698 0.173 -0.441 0.311 0.626 -0.148 0.979 0.594 0.066 0.082 -0.444 0.119 0.599 0.219 0.912 -0.386 -0.84 -0.419 75
0.771 0.937 0.372 0.92 0.044 0.303 0.698 0.173 -0.441 0.311 0.626 -0.148 0.979 0.594 0.066 0.082 -0.444 0.119 0.599 0.219 0.912 -0.386 -0.84 -0.419 75
0.771 0.937 0.372 0.92 0.044 0.303 0.698 0.173 -0.441 0.311 0.626 -0.148 0.979 0.594 0.066 0.082 -0.444 0.119 0.599 0.219 0.912 -0.386 -0.84 -0.419 75
0.771 0.937 0.372 0.92 0.044 0.303 0.698 0.173 -0.441 0.311 0.626 -0.148 0.979 0.594 0.066 0.082 -0.444 0.119 0.599 0.219 0.912 -0.386 -0.84 -0.419 100
0.771 0.937 0.372 0.92 0.044 0.303 0.698 0.173 -0.441 0.311 0.626 -0.148 0.979 0.594 0.066 0.082 -0.444 0.119 0.599 0.219 0.912 -0.386 -0.84 -0.419 23.53812
0.771 0.937 0.372 0.92 0.044 0.303 0.698 0.173 -0.441 0.311 0.626 -0.148 0.979 0.594 0.066 0.082 -0.444 0.119 0.599 0.219 0.912 -0.386 -0.84 -0.419 75
0.771 0.937 0.372 0.92 0.044 0.303 0.698 0.173 -0.441 0.311 0.626 -0.148 0.979 0.594 0.066 0.082 -0.444 0.119 0.599 0.219 0.912 -0.386 -0.84 -0.419 27.29715
0.771 0.937 0.372 0.92 0.044 0.303 0.698 0.173 -0.441 0.311 0.626 -0.148 0.979 0.594 0.066 0.082 -0.444 0.119 0.599 0.219 0.912 -0.386 -0.84 -0.419 26.4225
0.771 0.937 0.372 0.92 0.044 0.303 0.698 0.173 -0.441 0.311 0.626 -0.148 0.979 0.594 0.066 0.082 -0.444 0.119 0.599 0.219 0.912 -0.386 -0.84 -0.419 75
0.771 0.937 0.372 0.92 0.044 0.303 0.698 0.173 -0.441 0.311 0.626 -0.148 0.979 0.594 0.066 0.082 -0.444 0.119 0.599 0.219 0.912 -0.386 -0.84 -0.419 28.12815
0.771 0.937 0.372 0.92 0.044 0.303 0.698 0.173 -0.441 0.311 0.626 -0.148 0.979 0.594 0.066 0.082 -0.444 0.119 0.599 0.219 0.912 -0.386 -0.84 -0.419 100
0.771 0.937 0.372 0.92 0.044 0.303 0.698 0.173 -0.441 0.311 0.626 -0.148 0.979 0.594 0.066 0.082 -0.444 0.119 0.599 0.219 0.912 -0.386 -0.84 -0.419 28.12815
0.771 0.937 0.372 0.92 0.044 0.303 0.698 0.173 -0.441 0.311 0.626 -0.148 0.979 0.594 0.066 0.082 -0.444 0.119 0.599 0.219 0.912 -0.386 -0.84 -0.419 75
0.771 0.937 0.372 0.92 0.044 0.303 0.698 0.173 -0.441 0.311 0.626 -0.148 0.979 0.594 0.066 0.082 -0.444 0.119 0.599 0.219 0.912 -0.386 -0.84 -0.419 75
0.771 0.937 0.372 0.92 0.044 0.303 0.698 0.173 -0.441 0.311 0.626 -0.148 0.979 0.594 0.066 0.082 -0.444 0.119 0.599 0.219 0.912 -0.386 -0.84 -0.419 23.53812
0.771 0.937 0.372 0.92 0.044 0.303 0.698 0.173 -0.441 0.311 0.626 -0.148 0.979 0.594 0.066 0.082 -0.444 0.119 0.599 0.219 0.912 -0.386 -0.84 -0.419 100
0.771 0.937 0.372 0.92 0.044 0.303 0.698 0.173 -0.441 0.311 0.626 -0.148 0.979 0.594 0.066 0.082 -0.444 0.119 0.599 0.219 0.912 -0.386 -0.84 -0.419 100
0.771 0.937 0.372 0.92 0.044 0.303 0.698 0.173 -0.441 0.311 0.626 -0.148 0.979 0.594 0.066 0.082 -0.444 0.119 0.599 0.219 0.912 -0.386 -0.84 -0.419 26.4225
0.771 0.937 0.372 0.92 0.044 0.303 0.698 0.173 -0.441 0.311 0.626 -0.148 0.979 0.594 0.066 0.082 -0.444 0.119 0.599 0.219 0.912 -0.386 -0.84 -0.419 100
0.771 0.937 0.372 0.92 0.044 0.303 0.698 0.173 -0.441 0.311 0.626 -0.148 0.979 0.594 0.066 0.082 -0.444 0.119 0.599 0.219 0.912 -0.386 -0.84 -0.419 27.29715
0.771 0.937 0.372 0.92 0.044 0.303 0.698 0.173 -0.441 0.311 0.626 -0.148 0.979 0.594 0.066 0.082 -0.444 0.119 0.599 0.219 0.912 -0.386 -0.84 -0.419 75
0.771 0.937 0.372 0.92 0.044 0.303 0.698 0.173 -0.441 0.311 0.626 -0.148 0.979 0.594 0.066 0.082 -0.444 0.119 0.599 0.219 0.912 -0.386 -0.84 -0.419 100
0.771 0.937 0.372 0.92 0.044 0.303 0.698 0.173 -0.441 0.311 0.626 -0.148 0.979 0.594 0.066 0.082 -0.444 0.119 0.599 0.219 0.912 -0.386 -0.84 -0.419 27.29715
0.771 0.937 0.372 0.92 0.044 0.303 0.698 0.173 -0.441 0.311 0.626 -0.148 0.979 0.594 0.066 0.082 -0.444 0.119 0.599 0.219 0.912 -0.386 -0.84 -0.419 100
0.771 0.937 0.372 0.92 0.044 0.303 0.698 0.173 -0.441 0.311 0.626 -0.148 0.979 0.594 0.066 0.082 -0.444 0.119 0.599 0.219 0.912 -0.386 -0.84 -0.419 28.12815
0.771 0.937 0.372 0.92 0.044 0.303 0.698 0.173 -0.441 0.311 0.626 -0.148 0.979 0.594 0.066 0.082 -0.444 0.119 0.599 0.219 0.912 -0.386 -0.84 -0.419 100
0.771 0.937 0.372 0.92 0.044 0.303 0.698 0.173 -0.441 0.311 0.626 -0.148 0.979 0.594 0.066 0.082 -0.444 0.119 0.599 0.219 0.912 -0.386 -0.84 -0.419 75
0.771 0.937 0.372 0.92 0.044 0.303 0.698 0.173 -0.441 0.311 0.626 -0.148 0.979 0.594 0.066 0.082 -0.444 0.119 0.599 0.219 0.912 -0.386 -0.84 -0.419 100
0.771 0.937 0.372 0.92 0.044 0.303 0.698 0.173 -0.441 0.311 0.626 -0.148 0.979 0.594 0.066 0.082 -0.444 0.119 0.599 0.219 0.912 -0.386 -0.84 -0.419 75
0.771 0.937 0.372 0.92 0.044 0.303 0.698 0.173 -0.441 0.311 0.626 -0.148 0.979 0.594 0.066 0.082 -0.444 0.119 0.599 0.219 0.912 -0.386 -0.84 -0.419 100
0.771 0.937 0.372 0.92 0.044 0.303 0.698 0.173 -0.441 0.311 0.626 -0.148 0.979 0.594 0.066 0.082 -0.444 0.119 0.599 0.219 0.912 -0.386 -0.84 -0.419 27.29715
0.771 0.937 0.372 0.92 0.044 0.303 0.698 0.173 -0.441 0.311 0.626 -0.148 0.979 0.594 0.066 0.082 -0.444 0.119 0.599 0.219 0.912 -0.386 -0.84 -0.419 100
0.771 0.937 0.372 0.92 0.044 0.303 0.698 0.173 -0.441 0.311 0.626 -0.148 0.979 0.594 0.066 0.082 -0.444 0.119 0.599 0.219 0.912 -0.386 -0.84 -0.419 100
0.771 0.937 0.372 0.92 0.044 0.303 0.698 0.173 -0.441 0.311 0.626 -0.148 0.979 0.594 0.066 0.082 -0.444 0.119 0.599 0.219 0.912 -0.386 -0.84 -0.419 28.12815
0.771 0.937 0.372 0.92 0.044 0.303 0.698 0.173 -0.441 0.311 0.626 -0.148 0.979 0.594 0.066 0.082 -0.444 0.119 0.599 0.219 0.912 -0.386 -0.84 -0.419 26.4225
0.771 0.937 0.372 0.92 0.044 0.303 0.698 0.173 -0.441 0.311 0.626 -0.148 0.979 0.594 0.066 0.082 -0.444 0.119 0.599 0.219 0.912 -0.386 -0.84 -0.419 75
0.771 0.937 0.372 0.92 0.044 0.303 0.698 0.173 -0.441 0.311 0.626 -0.148 0.979 0.594 0.066 0.082 -0.444 0.119 0.599 0.219 0.912 -0.386 -0.84 -0.419 24.54272
0.771 0.937 0.372 0.92 0.044 0.303 0.698 0.173 -0.441 0.311 0.626 -0.148 0.979 0.594 0.066 0.082 -0.444 0.119 0.599 0.219 0.912 -0.386 -0.84 -0.419 75
0.771 0.937 0.372 0.92 0.044 0.303 0.698 0.173 -0.441 0.311 0.626 -0.148 0.979 0.594 0.066 0.082 -0.444 0.119 0.599 0.219 0.912 -0.386 -0.84 -0.419 100
0.771 0.937 0.372 0.92 0.044 0.303 0.698 0.173 -0.441 0.311 0.626 -0.148 0.979 0.594 0.066 0.082 -0.444 0.119 0.599 0.219 0.912 -0.386 -0.84 -0.419 100
0.447 -0.63 -0.943 -0.053 -0.939 -0.945 -0.173 0.996 -0.861 -0.216 -0.284 0.999 0.979 0.594 0.066 0.082 -0.444 0.119 0.599 0.219 0.912 -0.386 -0.84 -0.419 1
0.771 0.937 0.372 0.92 0.044 0.303 0.698 0.173 -0.441 0.311 0.626 -0.148 0.41 -0.397 -0.979 -0.571 -0.248 -0.88 0.486 0.943 0.462 -0.783 0.123 0.825 1
0.771 0.937 0.372 0.92 0.044 0.303 0.698 0.173 -0.441 0.311 0.626 -0.148 0.979 0.594 0.066 0.082 -0.444 0.119 0.599 0.219 0.912 -0.386 -0.84 -0.419 100
0.771 0.937 0.372 0.92 0.044 0.303 0.698 0.173 -0.441 0.311 0.626 -0.148 0.979 0.594 0.066 0.082 -0.444 0.119 0.599 0.219 0.912 -0.386 -0.84 -0.419 23.53812
0.771 0.937 0.372 0.92 0.044 0.303 0.698 0.173 -0.441 0.311 0.626 -0.148 0.979 0.594 0.066 0.082 -0.444 0.119 0.599 0.219 0.912 -0.386 -0.84 -0.419 75
0.771 0.937 0.372 0.92 0.044 0.303 0.698 0.173 -0.441 0.311 0.626 -0.148 0.979 0.594 0.066 0.082 -0.444 0.119 0.599 0.219 0.912 -0.386 -0.84 -0.419 24.54272
0.771 0.937 0.372 0.92 0.044 0.303 0.698 0.173 -0.441 0.311 0.626 -0.148 0.979 0.594 0.066 0.082 -0.444 0.119 0.599 0.219 0.912 -0.386 -0.84 -0.419 25.50433
0.771 0.937 0.372 0.92 0.044 0.303 0.698 0.173 -0.441 0.311 0.626 -0.148 0.979 0.594 0.066 0.082 -0.444 0.119 0.599 0.219 0.912 -0.386 -0.84 -0.419 25.50433
0.074 -0.862 0.019 -0.632 -0.98 0.154 0.997 -0.824 -0.577 0.597 -0.746 -0.787 -0.981 -0.335 0.422 0.82 -0.281 0.571 0.652 0.478 -0.906 0.449 0.776 0.313 1
-0.511 -0.933 0.759 0.065 0.634 0.224 -0.617 0.086 -0.752 0.034 -0.574 -0.779 -0.645 0.846 -0.189 0.192 -0.501 0.511 0.493 0.528 -0.573 0.486 0.55 -0.455 1
0.229 -0.413 0.062 0.584 -0.78 -0.728 0.524 0.407 0.483 0.406 0.131 0.215 0.653 -0.108 0.81 0.964 0.222 -0.212 -0.343 -0.236 0.668 0.225 -0.686 -0.544 1
-0.918 -0.439 -0.92 0.025 -0.298 0.804 0.04 0.313 0.857 0.065 0.241 -0.961 0.821 -0.258 -0.707 0.172 -0.574 -0.308 -0.86 -0.448 -0.444 0.965 -0.081 -0.256 1
-0.045 -0.981 0.721 0.279 -0.312 -0.451 -0.599 0.593 0.824 0.53 -0.427 0.925 0.425 0.32 0.813 -0.928 -0.233 -0.385 -0.469 0.992 0.803 0.124 -0.102 -0.44 1
-0.669 0.866 -0.421 -0.24 0.555 0.734 0.158 -0.16 0.017 0.524 -0.919 0.355 0.858 -0.913 0.61 -0.345 -0.938 0.34 0.252 0.826 0.283 -0.13 -0.037 -0.39 1
-0.461 -0.155 0.416 0.704 -0.035 0.802 0.914 -0.067 0.819 -0.836 0.307 -0.177 -0.659 0.754 0.45 0.955 0.814 0.674 0.433 -0.887 -0.676 -0.64 0.17 -0.745 1
-0.708 -0.566 0.77 0.327 0.387 -0.532 -0.565 -0.167 0.578 -0.212 -0.568 0.033 -0.786 -0.02 0.877 0.674 -0.787 0.953 0.064 0.866 0.894 0.791 -0.188 0.695 1
0.571 -0.397 -0.352 -0.698 -0.308 -0.9 -0.474 -0.349 -0.266 0.654 -0.651 -0.125 0.027 0.831 0.402 -0.337 0.2 0.979 -0.864 -0.479 0.692 -0.043 -0.963 -0.489 1
0.815 0.973 0.513 -0.37 -0.932 -0.237 0.577 -0.678 -0.469 -0.95 0.199 0.994 -0.458 -0.788 -0.534 0.954 -0.271 0.027 -0.29 -0.503 -0.693 0.594 0.2 0.093 1
-0.537 -0.221 0.827 -0.724 0.138 0.253 -0.78 0.585 -0.58 0.469 0.481 0.842 0.419 -0.41 -0.954 0.163 -0.799 -0.051 0.251 -0.806 -0.401 0.503 -0.964 0.591 1
-0.083 0.007 -0.902 0.502 0.104 -0.141 -0.949 0.245 -0.821 -0.164 0.573 -0.818 -0.885 0.681 -0.701 0.107 0.484 0.652 -0.876 0.244 0.375 0.151 0.682 -0.675 1
-0.109 -0.956 0.529 0.827 -0.706 -0.696 0.541 0.876 0.017 0.969 0.723 -0.003 -0.068 0.16 -0.535 0.224 0.721 -0.295 -0.268 0.151 -0.182 -0.802 -0.132 -0.079 1
0.05 0.266 0.576 0.767 0.934 -0.181 -0.153 -0.293 0.524 0.566 -0.278 -0.584 -0.173 -0.797 0.631 0.966 0.68 -0.904 0.621 -0.277 0.018 0.964 0.579 -0.905 1
0.198 0.513 0.698 0.041 -0.372 0.323 0.482 0.008 0.41 0.235 -0.3 0.69 -0.964 0.507 -0.168 -0.091 -0.663 -0.433 0.998 -0.059 -0.424 -0.715 -0.297 -0.253 1
-0.803 -0.158 -0.231 0.246 0.434 0.699 0.773 0.206 0.571 -0.965 0.947 0.325 0.14 0.801 -0.743 0.067 -0.384 0.619 0.662 0.358 0.775 -0.783 0.375 0.617 1
-0.021 0.437 -0.986 -0.489 -0.001 0.044 -0.311 0.374 -0.528 0.233 0.977 0.928 -0.789 -0.533 -0.319 -0.626 0.7 -0.121 0.773 0.982 -0.373 -0.942 -0.311 0.509 1
0.456 0.463 0.534 -0.445 -0.102 0.245 0.123 0.834 -0.549 0.36 -0.841 -0.84 0.324 0.825 -0.208 0.482 0.47 0.022 -0.192 0.252 0.235 0.393 0.545 0.052 1
0.085 0.144 -0.059 0.001 -0.504 0.029 -0.015 -0.797 0.677 0.433 -0.454 -0.867 0.639 0.713 -0.009 0.369 0.585 0.106 0.584 0.017 0.748 0.934 -0.98 0.597 1
-0.68 0.577 0.274 -0.243 0.959 -0.982 -0.121 0.843 0.426 0.038 -0.825 -0.76 -0.289 -0.371 0.589 -0.717 0.046 -0.829 0.99 -0.741 -0.89 -0.049 0.536 0.164 1
0.873 -0.51 0.976 -0.326 -0.26 0.339 -0.854 0.257 -0.994 0.418 -0.574 -0.495 0.437 0.709 -0.211 0.236 -0.239 -0.985 -0.269 0.281 0.234 -0.626 0.187 0.212 1
-0.051 0.901 -0.242 -0.841 -0.191 -0.411 0.755 0.22 -0.391 0.818 -0.056 0.589 -0.366 0.915 0.993 -0.385 -0.81 0.666 0.182 -0.621 -0.845 -0.924 -0.391 0.436 1
-0.077 0.211 0.847 0.779 -0.412 -0.472 0.316 0.203 -0.785 -0.048 -0.266 0.544 0.552 -0.532 -0.571 -0.677 0.206 0.94 -0.248 0.09 0.675 -0.285 -0.005 0.017 1
-0.289 -0.056 0.679 0.286 0.537 -0.313 -0.356 0.758 0.388 0.014 -0.122 -0.301 -0.336 0.341 0.976 -0.452 -0.453 -0.343 0.493 -0.214 0.928 0.97 -0.594 -0.251 1
0.562 -0.234 -0.858 0.883 -0.787 0.544 0.981 -0.835 -0.777 -0.027 0.116 -0.029 0.753 -0.898 0.917 -0.812 -0.688 -0.44 -0.778 -0.749 -0.149 0.695 -0.973 -0.918 1
-0.747 -0.417 -0.656 0.359 -0.25 -0.885 0.076 -0.016 0.025 -0.046 0.784 0.044 -0.989 0.939 0.117 -0.995 0.282 0.222 0.513 0.915 -0.225 -0.411 0.044 0.747 1
-0.406 -0.586 0.867 0.013 -0.133 0.643 -0.214 -0.029 0.072 -0.048 0.156 0.702 -0.77 -0.535 -0.286 0.974 -0.938 -0.472 -0.294 0.012 -0.963 -0.956 0.876 -0.444 1
0.287 0.755 -0.68 0.512 0.579 0.035 0.779 -0.515 0.395 -0.284 0.899 0.793 -0.718 -0.786 -0.489 -0.093 -0.923 0.262 0.993 -0.096 -0.499 0.645 0.139 -0.776 1
-0.957 -0.602 -0.568 0.709 0.285 -0.718 0.583 -0.361 -0.751 0.307 -0.713 0.915 0.563 0.73 0.264 0.169 0.196 0.369 0.345 0.42 0.997 0.912 -0.337 -0.472 1
-0.591 -0.283 -0.002 -0.928 -0.627 0.831 0.48 0.323 0.283 -0.193 0.979 -0.244 -0.858 0.33 0.041 -0.874 0.877 0.658 -0.191 0.012 0.846 0.561 -0.174 -0.324 1
0.826 0.15 -0.193 0.655 0.978 -0.616 -0.105 0.771 -0.912 0.145 0.112 -0.92 -0.901 -0.564 0.841 0.824 -0.34 0.088 -0.92 -0.121 0.848 -0.494 -0.543 0.825 1
0.131 0.875 -0.465 0.183 0.619 0.959 -0.445 -0.757 -0.659 -0.538 0.763 -0.089 -0.453 0.854 -0.164 0.757 0.847 -0.093 -0.629 -0.533 -0.763 -0.593 0.103 -0.149 1
-0.094 0.709 0.299 -0.721 -0.057 0.997 -0.377 0.974 -0.46 0.495 -0.561 0.935 -0.002 -0.17 0.479 -0.417 0.155 0.795 -0.581 -0.537 0.694 0.489 -0.395 0.756 1
0.654 -0.474 -0.369 -0.533 -0.427 0.291 -0.86 0.575 -0.949 -0.162 0.891 -0.972 -0.254 0.632 0.065 0.116 -0.415 -0.212 -0.039 -0.012 0.537 -0.401 -0.258 -0.722 1
0.464 0.451 0.877 -0.07 -0.222 0.675 -0.889 0.488 -0.665 -0.577 -0.693 0.133 0.303 0.803 0.782 -0.299 -0.952 0.35 0.042 0.564 0.565 -0.942 -0.476 0.189 1
-0.604 0.605 -0.155 0.085 0.469 -0.513 0.641 0.597 -0.575 0.545 0.691 -0.242 -0.087 -0.989 -0.733 -0.746 -0.27 -0.586 -0.139 -0.669 -0.624 -0.883 0.719 0.947 1
0.13 0.645 -0.713 0.527 -0.336 0.263 0.68 -0.816 0.749 -0.72 -0.519 0.088 0.012 0.371 -0.29 -0.81 -0.184 -0.908 0.552 -0.193 0.053 -0.899 -0.642 0.119 1
-0.543 0.55 -0.261 0.335 -0.734 -0.017 0.782 0.843 -0.994 -0.469 0.761 0.941 -0.081 0.778 0.357 -0.709 0.423 -0.653 0.583 -0.718 0.07 0.334 0.705 0.847 1
0.144 -0.346 -0.491 0.029 -0.035 0.399 -0.672 0.354 -0.489 -0.133 0.932 0.491 0.587 -0.457 0.401 -0.55 -0.85 0.702 0.491 -0.852 0.007 0.105 0.019 -0.376 1
0.155 0.281 -0.192 0.442 -0.315 -0.178 0.72 0.559 -0.789 -0.949 -0.791 -0.652 0.073 0.334 0.859 -0.222 0.978 -0.181 -0.904 -0.341 0.681 0.253 0.726 0.369 1
-0.102 -0.662 0.66 0.11 0.829 -0.044 -0.38 0.56 0.786 -0.62 0.159 -0.497 0.908 0.079 -0.129 -0.288 0.198 0.499 -0.317 0.764 -0.396 -0.793 0.335 0.104 1
-0.154 -0.698 0.585 0.148 -0.863 -0.1 0.184 -0.978 0.306 -0.214 0.669 0.039 -0.329 -0.237 0.344 0.001 -0.199 -0.371 0.004 0.907 -0.713 0.459 0.061 0.027 1
0.95 0.634 0.094 -0.792 -0.299 -0.211 0.018 -0.924 -0.223 -0.025 0.709 -0.863 -0.332 0.473 0.042 -0.615 -0.613 0.396 0.885 0.756 0.984 0.435 -0.559 0.979 1
0.033 0.144 -0.475 0.075 -0.384 0.464 0.871 -0.225 0.608 0.197 0.541 -0.652 0.602 0.634 0.632 0.458 -0.515 -0.377 0.847 0.736 -0.291 0.732 0.306 -0.639 1
-0.226 0.965 0.087 -0.948 -0.976 0.228 0.281 0.902 -0.913 0.522 0.932 -0.992 -0.68 -0.361 0.869 0.953 0.167 -0.88 0.66 0.876 -0.796 0.893 0.976 0.236 1
0.452 0.834 0.359 -0.557 0.392 0.583 -0.704 -0.292 -0.219 -0.75 0.058 -0.663 0.461 -0.861 -0.812 -0.172 0.451 -0.698 0.807 0.522 -0.671 0.089 0.459 0.404 1
0.022 0.683 0.097 -0.496 -0.44 0.918 -0.731 -0.843 0.495 0.907 -0.87 -0.963 -0.702 0.08 0.826 0.391 -0.742 -0.419 0.364 -0.029 0.778 -0.513 -0.222 0.499 1
-0.885 -0.663 -0.06 0.265 -0.675 -0.483 -0.47 0.66 -0.863 0.067 0.478 -0.299 -0.307 0.939 0.082 -0.042 -0.019 0.59 -0.51 -0.977 0.485 -0.191 0.555 0.168 1
0.494 0.38 0.412 -0.883 0.078 -0.303 -0.44 0.461 -0.077 -0.669 0.143 -0.361 0.267 -0.46 -0.258 0.214 -0.22 -0.646 -0.599 0.799 -0.87 0.12 0.894 0.967 1
0.821 0.951 0.032 0.906 -0.374 -0.318 0.311 -0.417 -0.678 -0.249 0.269 -0.557 0.082 -0.744 -0.028 -0.935 0.812 -0.447 -0.689 0.297 -0.538 0.659 -0.582 0.777 1
0.502 0.297 -0.701 0.842 0.46 0.66 -0.222 0.223 -0.112 0.975 -0.248 -0.653 0.964 -0.51 -0.098 0.074 -0.668 -0.071 -0.314 -0.144 0.914 0.698 -0.574 -0.58 1
-0.377 -0.962 -0.477 -0.181 -0.613 -0.872 0.172 0.523 0.146 0.232 0.786 -0.343 -0.912 -0.87 0.957 0.186 0.617 0.537 -0.395 0.911 -0.848 0.989 0.487 -0.028 1
-0.89 0.893 -0.564 -0.209 0.246 0.514 -0.959 -0.095 0.766 -0.863 -0.793 -0.994 -0.57 -0.264 -0.07 0.533 0.762 -0.059 -0.706 -0.957 0.231 0.988 0.783 0.188 1
-0.562 0.541 0.391 -0.812 -0.726 0.224 0.547 0.646 -0.86 -0.844 0.393 -0.429 0.14 -0.947 -0.955 -0.203 0.246 -0.538 0.824 -0.331 -0.707 -0.788 -0.74 -0.965 1
-0.724 -0.171 0.71 -0.446 -0.002 0.23 0.356 -0.661 0.334 0.435 -0.989 0.787 -0.357 -0.686 0.258 0.678 -0.294 -0.873 0.66 0.969 0.458 -0.149 -0.461 0.384 1
0.147 -0.581 0.823 0 -0.871 -0.4 0.353 -0.729 0.014 0.118 -0.898 -0.259 -0.78 -0.243 -0.685 -0.556 -0.234 -0.538 0.309 -0.162 -0.68 -0.463 0.16 -0.601 1
0.815 0.161 0.596 -0.161 -0.856 0.534 -0.688 0.916 0.083 0.307 -0.327 0.153 -0.382 0.431 -0.989 -0.729 0.458 0.102 0.311 0.356 0.088 0.322 0.257 0.119 1
-0.483 -0.598 -0.617 -0.655 0.651 -0.841 -0.062 -0.813 0.817 -0.209 -0.253 0.87 0.951 -0.418 -0.539 0.581 0.634 0.247 -0.889 -0.65 -0.96 -0.058 0.778 -0.086 1
0.121 0.325 0.438 0.368 0.49 -0.818 -0.07 -0.195 0.787 0.277 -0.434 0.726 -0.592 -0.512 0.454 -0.668 0.731 0.992 0.538 0.052 -0.548 0.554 0.066 -0.4 1
0.956 0.645 0.395 0.539 0.638 0.462 0.66 -0.816 0.301 -0.303 -0.834 -0.848 -0.294 -0.571 -0.619 -0.708 0.567 0.314 -0.543 0.525 -0.013 0.077 0.386 -0.371 1
0.856 -0.749 -0.41 0.11 0.787 -0.451 -0.963 -0.035 0.341 0.419 0.135 -0.895 0.887 -0.341 0.998 -0.497 0.544 -0.966 0.972 0.059 -0.238 -0.164 0.394 -0.521 1
0.2 0.473 -0.452 -0.63 0.805 -0.045 0.14 -0.265 0.579 -0.64 -0.411 -0.961 0.752 -0.097 0.86 0.02 -0.27 -0.31 -0.265 -0.788 0.091 -0.538 0.748 -0.868 1
-0.65 -0.446 0.565 -0.893 0.073 -0.394 -0.223 -0.758 0.698 0.547 0.445 -0.086 -0.212 -0.843 0.951 0.397 -0.796 -0.87 0.877 -0.302 0.885 0.773 0.301 -0.689 1
-0.804 -0.957 0.618 -0.124 0.168 -0.093 0.723 -0.708 0.836 0.551 0.134 0.943 -0.782 -0.695 0.581 0.806 0.763 -0.273 -0.606 -0.389 -0.227 0.52 -0.846 -0.895 1
0.26 0.764 -0.174 0.106 -0.225 0.305 0.022 0.621 0.13 -0.348 -0.082 -0.205 -0.347 -0.168 0.663 0.504 -0.214 -0.201 -0.275 -0.189 0.933 0.072 0.585 0.643 1
-0.426 -0.44 -0.444 0.061 -0.319 0.641 -0.384 0.155 0.677 -0.979 0.606 0.112 0.536 0.245 -0.887 0.59 -0.907 -0.264 -0.846 0.219 -0.987 0.234 -0.126 0.785 1
0.448 0.091 0.002 -0.979 0.049 0.338 -0.159 -0.285 0.889 0.667 0.457 -0.638 -0.592 -0.606 -0.25 -0.917 -0.03 -0.398 -0.713 0.882 0.066 -0.828 0.34 0.896 1
-0.309 0.351 -0.22 -0.578 0.403 -0.163 -0.957 0.485 -0.557 -0.467 -0.931 0.311 0.218 0.402 0.16 -0.851 -0.453 -0.98 0.589 -0.402 0.58 -0.584 0.809 0.734 1
-0.36 -0.755 -0.34 0.236 -0.24 -0.63 -0.992 -0.226 -0.268 0.236 0.65 -0.44 0.055 -0.404 -0.795 0.885 -0.63 0.001 0.726 -0.221 0.207 -0.92 -0.081 0.292 1
-0.679 -0.43 0.431 0.715 -0.005 -0.527 -0.563 0.918 -0.975 -0.91 0.67 0.13 -0.608 0.007 -0.6 0.922 -0.434 -0.463 -0.169 0.379 0.93 0.738 0.719 -0.327 1
-0.611 0.726 0.561 -0.186 -0.834 -0.861 0.772 0.274 0.168 -0.263 -0.002 0.803 0.734 0.992 0.05 -0.589 -0.526 0.794 -0.105 -0.756 0.985 0.542 0.965 -0.717 1
0.416 -0.741 0.724 0.19 0.494 -0.761 0.979 0.152 0.429 -0.821 -0.224 0.167 0.512 0.848 -0.909 -0.82 -0.805 0.465 0.597 0.948 0.714 -0.408 -0.375 0.326 1
-0.297 0.808 -0.113 0.558 0.557 -0.841 -0.449 -0.779 -0.499 0.888 0.522 -0.653 0.731 0.136 -0.884 0.075 0.911 0.137 -0.247 -0.269 0.235 -0.46 -0.564 -0.515 1
0.265 0.728 -0.017 -0.967 -0.238 -0.571 0.593 -0.906 0.288 0.854 -0.146 -0.061 0.716 -0.32 -0.664 -0.116 0.76 0.586 0.773 -0.828 0.518 -0.748 -0.175 -0.742 1
0.088 0.765 0.759 -0.11 0.761 -0.032 -0.853 -0.386 -0.679 -0.304 -0.198 -0.13 0.916 -0.962 0.579 -0.732 0.973 0.178 -0.502 0.724 -0.013 -0.258 -0.96 0.515 1
0.982 -0.804 -0.615 0.137 -0.907 0.185 -0.85 -0.056 0.59 -0.567 -0.735 -0.666 -0.181 0.346 -0.292 -0.411 0.553 0.872 0.171 0.584 -0.641 -0.045 -0.03 0.814 1
0.122 -0.429 -0.547 -0.249 0.993 0.66 0.251 -0.816 0.157 0.464 -0.074 -0.106 -0.428 -0.83 0.445 -0.534 -0.861 -0.966 0.662 -0.452 0.044 0.779 -0.057 -0.51 1
-0.258 -0.593 -0.725 0.276 -0.882 -0.511 -0.921 -0.369 -0.145 0.672 -0.233 0.946 0.816 0.025 0.254 -0.799 0.453 -0.828 0.893 -0.074 0.8 -0.992 -0.316 -0.048 1
-0.954 -0.879 0.359 -0.184 -0.817 -0.623 0.473 0.604 0.532 -0.893 -0.375 -0.893 0.891 0.883 -0.632 -0.738 0.836 0.882 0.979 -0.681 -0.202 0.415 -0.631 -0.406 1
-0.977 0.524 -0.274 -0.479 -0.617 0.474 0.586 -0.993 -0.555 0.246 -0.995 -0.833 0.617 0.216 0.98 -0.378 -0.415 0.864 -0.16 0.015 0.217 0.284 -0.229 -0.969 1
-0.096 -0.279 0.236 -0.908 0.872 0.309 -0.308 -0.429 -0.076 0.005 0.177 0.925 0.953 -0.172 -0.165 0.16 -0.688 0.977 -0.251 0.775 -0.925 0.895 -0.468 -0.899 1
0.916 0.085 -0.324 -0.319 0.944 0.681 -0.731 0.041 0.439 0.675 0.389 -0.897 0.527 0.595 -0.711 0.702 0.224 -0.091 0.05 0.433 -0.078 0.77 -0.94 0.756 1
0.755 0.671 -0.276 -0.429 -0.65 -0.848 -0.163 0.732 -0.021 0.986 -0.952 0.25 0.851 0.821 -0.225 -0.476 0.218 0.927 0.14 0.629 0.94 -0.109 0.701 0.453 1
-0.012 -0.325 0.117 -0.622 -0.261 0.69 -0.858 0.381 0.119 -0.003 -0.019 0.725 0.462 0.942 -0.658 0.107 0.859 -0.095 -0.358 -0.2 0.741 -0.514 0.788 -0.245 1
0.501 -0.573 -0.066 -0.192 -0.389 -0.055 0.061 0.351 -0.892 -0.33 0.027 0.675 0.562 -0.081 0.934 0.184 0.827 -0.315 0.142 0.102 0.757 -0.002 0.034 -0.898 1
0.626 -0.76 0.763 -0.342 -0.835 0.701 0.279 0.681 0.976 -0.41 0.163 0.508 -0.62 -0.234 -0.525 -0.986 0.634 -0.924 -0.014 0.885 0.003 -0.102 0.143 0.788 1
-0.253 -0.029 0.437 -0.996 -0.563 0.057 -0.497 0.328 0.517 -0.946 -0.65 0.146 0.505 -0.513 0.971 0.296 0.961 -0.682 -0.954 0.303 -0.781 0.775 -0.59 0.326 1
-0.406 0.491 0.552 -0.264 -0.38 -0.44 0.597 -0.457 -0.112 -0.247 -0.427 -0.41 -0.437 -0.154 -0.902 0.158 0.221 -0.547 -0.381 -0.449 -0.462 -0.054 -0.531 -0.634 1
0.301 -0.054 0.925 -0.308 0.077 0.572 0.941 0.529 0.492 0.286 -0.899 -0.916 -0.772 0.588 0.456 0.812 -0.784 -0.124 -0.82 0.727 0.854 0.821 -0.836 0.744 1
0.375 0.136 -0.078 -0.123 0.024 -0.196 0.403 0.538 -0.725 0.469 0.418 -0.308 -0.806 -0.086 -0.359 0.819 -0.454 -0.623 0.74 0.501 0.987 0.522 0.508 0.717 1
-0.032 0.888 0.051 -0.359 -0.897 -0.201 0.982 0.493 -0.289 0.902 0.272 -0.879 -0.234 0.791 0.599 -0.957 0.113 0.851 0.168 0.101 0.589 0.943 -0.441 -0.663 1
0.099 0.711 0.64 -0.26 0.577 0.103 0.139 0.315 -0.998 -0.165 0.035 -0.887 0.845 0.073 0.197 0.762 -0.268 -0.558 -0.356 0.575 0.457 0.747 0.077 -0.21 1
-0.581 -0.011 0.129 -0.424 0.622 0.581 0.849 0.847 0.133 -0.592 -0.248 -0.794 0.971 0.998 0.969 0.318 0.069 0.345 -0.257 0.388 -0.097 0.132 -0.465 -0.504 1
-0.644 -0.371 0.878 -0.811 0.581 0.457 0.893 -0.746 0.352 0.258 -0.656 -0.853 0.72 -0.021 0.017 -0.041 -0.784 0.28 0.311 0.995 -0.52 -0.177 -0.639 0.963 1
0.2 0.365 0.844 0.881 0.337 -0.383 -0.79 -0.177 -0.648 -0.053 -0.997 0.652 -0.819 -0.139 -0.367 0.255 -0.421 -0.346 -0.02 0.81 0.017 -0.16 -0.437 -0.268 1
0.886 0.73 -0.565 0.093 0.634 0.194 0.102 0.157 0.868 0.389 0.261 0.671 -0.504 -0.156 0.588 -0.669 0.236 -0.448 -0.089 0.903 0.587 -0.799 0.249 0.406 1
0.106 0.801 0.213 -0.996 -0.28 0.525 -0.368 0.21 0.282 0.206 0.966 -1 -0.665 -0.676 0.677 -0.931 -0.769 0.108 -0.695 0.512 -0.93 0.446 0.075 -0.267 1
-0.59 0.911 -0.859 0.099 0.273 0.773 0.837 -0.728 0.982 0.838 0.39 0.952 0.267 -0.666 0.266 0.141 0.096 -0.328 -0.025 -0.879 -0.941 -0.891 -0.84 0.687 1
-0.862 -0.321 0.02 0.211 -0.716 -0.025 0.746 -0.764 -0.043 -0.605 0.381 0.151 0.183 -0.313 -0.658 0.43 -0.043 -0.393 0.294 0.177 0.294 -0.739 0.895 -0.417 1
-0.877 0.3 -0.165 0.413 -0.309 0.813 -0.737 -0.632 -0.825 -0.973 0.326 -0.61 -0.195 0.282 0.009 0.476 0.586 -0.481 -0.043 0.845 0.267 -0.7 0.254 -0.319 1
-0.234 -0.454 0.47 0.208 0.879 -0.262 -0.636 0.737 0.111 -0.28 0.683 -0.731 0.003 0.176 -0.052 -0.169 0.081 0.356 0.245 -0.497 0.329 0.094 -0.009 -0.984 1
-0.228 0.131 0.336 0.928 -0.472 0.693 -0.153 -0.889 0.452 -0.861 -0.179 -0.897 -0.079 -0.727 -0.31 -0.378 0.724 -0.329 0.925 -0.45 0.474 -0.054 -0.831 -0.51 1
0.861 0.121 -0.705 0.948 -0.596 -0.974 0.499 -0.607 0.388 -0.796 -0.258 0.517 -0.583 0.809 -0.354 -0.728 0.52 0.992 -0.233 0.767 0.854 -0.405 0.407 -0.009 1
-0.925 0.645 0.963 -0.328 0.213 0.062 -0.464 0.497 0.364 0.337 -0.628 -0.08 -0.272 -0.98 -0.785 -0.959 0.507 0.662 -0.143 0.357 -0.164 0.81 -0.651 -0.021 1
0.763 0.142 -0.652 -0.424 -0.549 -0.669 -0.728 -0.401 0.977 -0.509 -0.224 -0.265 -0.589 0.592 0.014 0.668 -0.358 -0.526 0.056 0.7 0.642 0.963 -0.824 0.622 1
0.53 0.663 -0.707 0.76 0.037 0.395 -0.564 -0.404 0.633 -0.556 0.718 -0.069 0.687 -0.311 -0.938 -0.641 -0.532 0.076 -0.504 0.445 -0.501 0.891 0.011 0.762 1
-0.457 -0.622 0.782 0.534 0.358 0.576 0.352 -0.111 -0.492 0.713 -0.696 -0.184 -0.69 -0.192 -0.151 0.247 -0.818 -0.792 -0.333 -0.933 -0.485 0.421 -0.156 0.252 1
-0.729 -0.415 -0.775 0.372 0.977 -0.053 -0.15 0.833 -0.782 -0.916 0.37 -0.953 -0.514 -0.754 -0.877 0.189 -0.857 -0.928 0.486 -0.375 0.987 -0.825 -0.971 -0.629 1
-0.706 0.121 -0.905 -0.435 0.843 0.74 -0.622 -0.071 0.115 -0.219 0.973 0.41 0.341 -0.199 -0.254 0.616 -0.81 -0.604 0.624 0.001 0.036 -0.462 -0.567 0.734 1
-0.01 -0.914 -0.213 -0.419 -0.712 0.603 -0.583 -0.861 0.172 -0.072 0.426 0.464 0.257 0.128 -0.569 0.416 -0.293 -0.097 -0.133 -0.637 -0.004 -0.251 -0.024 0.046 1
-0.642 -0.348 -0.787 0.942 -0.505 -0.884 -0.27 -0.47 -0.283 0.507 -0.135 0.026 0.116 -0.888 0.064 -0.741 -0.869 0.039 -0.332 0.972 -0.821 0.993 -0.556 0.244 1
0.301 0.449 -0.244 -0.031 0.007 -0.656 0.899 -0.499 -0.881 0.372 -0.466 0.86 -0.872 -0.321 0.681 -0.06 -0.54 -0.402 -0.21 -0.019 0.136 0.31 -0.804 0.075 1
-0.96 0.413 -0.505 0.515 -0.633 -0.551 -0.01 0.265 -0.634 -0.562 -0.439 -0.896 -0.619 0.687 0.252 -0.742 -0.049 -0.631 0.224 -0.477 -0.846 0.826 0.767 0.623 1
0.643 -0.022 -0.141 0.003 0.683 0.773 -0.116 -0.329 0.03 0.05 0.203 -0.484 0.776 -0.881 0.292 -0.398 0.337 -0.029 0.556 0.23 -0.584 0.691 0.087 0.568 1
-0.684 0.118 0.547 0.475 0.61 0.804 0.446 0.673 -0.68 0.837 -0.1 0.352 -0.578 0.638 0.602 0.579 0.995 -0.993 -0.221 0.265 0.071 0.746 -0.985 -0.168 1
0.114 0.519 -0.945 -0.293 0.303 0.866 0.552 -0.066 0.777 -0.818 -0.791 0.412 -0.006 0.571 -0.648 -0.159 -0.553 -0.165 -0.607 0.915 -0.081 0.852 -0.482 0.056 1
-0.392 -0.382 0.072 -0.318 -0.016 -0.045 -0.308 0.314 0.871 -0.615 0.197 -0.197 -0.679 0.449 0.073 -0.762 0.921 -0.888 0.281 -0.808 -0.344 0.034 -0.721 -0.207 1
-0.371 0.526 0.067 0.617 0.593 0.005 0.166 -0.617 0.896 -0.903 -0.715 -0.588 -0.525 0.958 0.883 0.884 -0.479 -0.323 0.511 -0.78 -0.951 -0.731 -0.194 -0.687 1
0.433 0.279 -0.727 0.77 -0.878 0.626 0.531 -0.922 -0.998 0.757 0.096 0.609 -0.997 0.355 -0.113 -0.962 0.577 0.449 -0.826 0.163 -0.034 -0.825 -0.658 -0.564 1
0.86 0.956 0.21 0.432 -0.023 0.61 0.128 0.737 0.675 -0.691 -0.765 -0.243 0.318 0.426 0.479 0.122 0.442 0.568 -0.52 -0.823 -0.529 0.111 -0.423 0.454 1
-0.748 0.171 -0.98 -0.566 -0.605 0.302 0.42 0.035 -0.858 -0.452 -0.372 0.042 0.215 -0.408 -0.208 -0.531 0.242 -0.423 0.607 -0.953 -0.766 0.215 -0.77 0.593 1
0.085 -0.72 0.407 0.687 0.033 0.139 -0.468 -0.216 0.416 -0.928 0.867 -0.335 0.743 0.534 -0.436 0.773 -0.925 -0.486 -0.912 -0.979 0.9 0.287 0.441 -0.406 1
-0.103 0.842 0.205 0.402 0.322 0.781 -0.657 -0.075 -0.907 0.828 -0.874 0.052 -0.865 -0.741 -0.211 -0.276 0.323 -0.249 0.293 -0.958 -0.128 0.616 0.986 -0.938 1
-0.31 -0.311 0.742 -0.142 0.807 0.881 0.037 0.724 0.221 0.44 0.008 0.037 -0.933 -0.712 0.858 0.573 0.433 -0.034 -0.061 0.867 0.571 -0.059 0.327 -0.045 1
-0.282 -0.342 0.725 0.825 0.743 -0.574 -0.509 0.806 -0.576 0.17 0.875 -0.504 -0.761 0.593 0.522 0.538 0.705 -0.113 0.254 -0.659 0.352 0.575 0.839 0.905 1
0.165 0.577 -0.172 -0.581 -0.058 0.251 0.774 0.274 -0.058 0.464 -0.165 -0.338 0.17 0.798 0.765 -0.333 -0.241 0.259 0.323 -0.544 0.65 0.743 0.957 -0.829 1
-0.428 -0.402 -0.052 0.779 -0.176 -0.245 0.039 -0.722 -0.483 -0.072 -0.745 0.224 -0.382 -0.818 -0.324 -0.349 -0.635 -0.338 0.637 0.871 0.817 -0.738 -0.768 -0.221 1
0.101 -0.408 0.447 -0.379 0.873 -0.016 -0.249 0.13 -0.673 0.4 0.657 -0.094 -0.892 0.767 0.828 0.159 0.858 0.666 0.516 -0.295 0.567 0.728 0.328 0.677 1
0.983 -0.797 -0.683 0.405 0.636 -0.984 -0.228 0.018 -0.438 -0.377 -0.834 0.967 -0.997 -0.611 -0.385 0.216 0.827 -0.537 0.256 -0.31 -0.351 -0.155 -0.484 0.984 1
0.836 -0.357 -0.709 -0.775 0.555 0.619 0.426 -0.542 -0.672 -0.206 0.329 0.472 -0.007 -0.882 0.363 -0.66 -0.843 -1 -0.861 0.316 -0.291 0.978 -0.239 -0.032 1
0.877 -0.625 -0.212 -0.783 -0.959 -0.171 -0.815 -0.331 0.168 -0.013 -0.06 0.477 0.045 0.188 0.636 -0.201 0.036 -0.248 -0.645 0.438 -0.812 0.6 0.336 -0.718 1
-0.389 -0.29 -0.645 -0.851 -0.588 0.09 0.289 0.439 0.649 0.377 0.729 0.071 0.767 -0.128 0.226 0.517 0.569 -0.134 0.164 -0.493 0.802 -0.154 -0.144 0.484 1
-0.502 -0.919 0.075 0.312 -0.597 -0.404 0.788 -0.405 -0.156 -0.24 -0.552 -0.156 -0.376 0.702 -0.606 -0.287 -0.985 -0.013 0.62 -0.55 -0.859 -0.292 0.632 0.267 1
0.645 -0.125 0.017 0.195 0.928 0.56 0.252 -0.844 0.07 -0.829 -0.882 -0.423 -0.133 -0.297 0.982 0.108 -0.991 -0.029 0.794 0.353 -0.521 0.428 -0.637 -0.361 1
0.645 0.088 0.248 0.557 0.04 -0.907 0.107 -0.162 -0.618 0.157 -0.269 0.149 0.473 0.02 -0.286 -0.415 -0.841 -0.437 0.84 0.811 0.892 0.621 0.993 0.836 1
0.832 -0.861 -0.757 0.628 0.02 0.324 0.395 -0.131 -0.332 -0.236 0.749 0.831 0.667 -0.228 0.33 -0.621 0.938 0.118 -0.604 -0.62 -0.911 -0.097 0.145 0.21 1
0.077 -0.88 -0.401 0.485 0.987 0.391 -0.064 0.228 -0.02 -0.198 -0.944 0.358 0.822 0.601 0.35 0.644 0.935 -0.135 0.571 0.274 0.976 0.312 0.297 -0.687 1
-0.101 0.542 -0.997 0.875 0.308 -0.399 0.698 -0.951 0.11 -0.242 0.29 0.256 0.249 -0.905 0.282 -0.343 0.319 0.88 -0.943 0.687 -0.233 0.022 0.653 -0.914 1
0.783 -0.928 -0.839 0.371 -0.698 0.95 -0.942 0.144 -0.963 0.113 0.245 -0.178 -0.18 -0.631 -0.3 -0.388 -0.096 0.918 -0.149 0.921 0.636 0.047 -0.519 0.137 1
-0.204 0.968 0.898 -0.186 -0.749 -0.337 0.116 -0.608 -0.33 -0.883 0.492 0.804 -0.439 -0.391 0.663 0.574 0.64 -0.594 0.022 -0.397 -0.516 -0.47 0.974 0.771 1
-0.33 0.497 -0.656 0.769 0.083 0.499 0.273 -0.185 0.355 0.372 0.279 0.671 0.591 -0.288 -0.231 0.338 0.194 0.574 -0.81 -0.834 -0.107 0.972 0.076 -0.175 1
-0.47 -0.404 0.969 0.842 -0.601 0.47 0.738 -0.494 0.573 -0.432 -0.203 0.129 -0.106 0.654 0.521 -0.708 -0.741 0.797 0.925 -0.815 0.82 -0.564 -0.271 0.953 1
-0.668 0.267 -0.92 -0.007 0.071 -0.819 0.715 0.053 0.313 0.972 0.171 0.829 -0.167 0.553 0.824 -0.363 -0.277 0.756 -0.867 -0.769 -0.766 0.781 -0.809 0.677 1
-0.702 -0.27 0.87 -0.372 0.089 -0.846 -0.949 0.659 0.476 -0.546 0.626 -0.02 0.239 0.031 -0.435 -0.536 -0.472 0.312 -0.522 -0.107 0.629 0.995 -0.665 0.964 1
-0.84 0.085 0.764 0.257 -0.15 -0.378 0.255 -0.031 0.201 -0.771 0.568 -0.279 0.84 -0.199 -0.994 0.651 0.223 0.07 -0.076 -0.479 -0.012 0.86 -0.848 0.036 1
0.925 0.211 0.149 0.667 -0.882 0.317 0.089 -0.488 -0.616 -0.166 -0.483 -0.309 0.644 -0.992 -0.963 -0.437 -0.368 -0.657 -0.754 -0.499 -0.012 0.367 0.637 -0.097 1
-0.928 0.329 0.608 0.385 0.364 0.002 -0.764 0.353 -0.288 -0.855 -0.832 -0.803 -0.179 0.156 -0.773 -0.933 -0.687 0.852 -0.615 0.937 0.46 0.355 0.742 -0.615 1
-0.01 0.546 0.066 0.715 0.242 -0.411 0.878 0.883 0.422 -0.474 0.872 0.377 0.504 0.993 0.279 -0.59 -0.804 0.468 -0.963 -0.422 0.816 0.36 0.406 -0.443 1
-0.941 -0.752 0.15 -0.971 0.919 -0.07 -0.519 0.492 0.606 0.061 -0.478 0.898 -0.009 0.773 0.046 0.972 -0.081 0.072 0.404 0.139 0.27 -0.648 -0.154 0.684 1
-0.288 -0.992 -0.598 -0.907 0.425 0.075 -0.783 -0.466 0.417 -0.443 -0.553 0.344 0.84 0 -0.795 0.813 -0.38 -0.404 0.846 0.804 -0.696 -0.322 -0.613 0.817 1
0.192 0.539 0.078 0.868 0.497 -0.139 0.765 -0.364 -0.642 0.475 0.792 0.69 0.34 -0.177 0.597 -0.747 0.043 0.724 -0.328 0.057 0.453 -0.897 -0.822 0.182 1
0.575 -0.05 -0.997 0.705 -0.276 0.474 0.075 -0.131 0.47 0.121 -0.142 0.709 -0.324 0.584 -0.996 -0.55 -0.95 0.341 0.314 0.376 -0.488 -0.709 -0.539 -0.372 1
-0.452 -0.106 -0.24 -0.947 -0.338 0.148 0.709 0.119 -0.407 0.314 -0.041 -0.536 0.579 -0.401 0.811 -0.659 -0.604 0.154 0.943 -0.901 0.921 -0.994 0.472 -0.642 1
0.267 0.42 0.162 -0.956 -0.426 0.445 -0.651 0.732 -0.528 0.169 -0.861 0.929 0.284 -0.647 0.679 0.713 -0.606 -0.709 -0.278 -0.576 0.849 -0.196 0.546 -0.155 1
0.7 0.164 0.027 -0.721 -0.463 0.906 -0.936 -0.877 0.28 -0.188 -0.17 -0.376 0.038 -0.105 0.82 -0.81 -0.897 -0.911 -0.605 0.887 -0.501 0.946 0.733 -0.741 1
0.389 0.968 0.526 -0.935 0.715 -0.551 -0.468 0.953 0.912 0.647 -0.315 0.64 -0.716 -0.676 0.316 -0.448 -0.432 -0.646 -0.699 0.667 -0.911 0.39 0.79 0.616 1
0.223 0.535 0.832 -0.456 -0.636 0.096 -0.865 -0.441 0.686 -0.302 -0.63 0.476 0.936 0.466 -0.343 -0.77 0.046 -0.788 -0.257 -0.53 0.228 -0.607 -0.214 0.489 1
0.177 0.685 -0.69 -0.14 -0.226 -0.134 -0.911 -0.567 -0.876 -0.161 0.19 -0.111 -0.697 0.734 -0.951 0.752 -0.243 -0.656 0.209 -0.956 -0.115 0.049 -0.677 -0.387 1
0.392 -0.841 -0.098 -0.678 0.455 0.758 0.584 -0.951 0.716 0.083 -0.696 0.695 0.598 0.278 -0.556 0.655 0.402 0.839 0.157 -0.472 -0.713 -0.13 -0.861 -0.136 1
-0.731 -0.48 -0.211 -0.293 0.941 -0.734 -0.635 0.371 0.342 0.706 -0.847 0.682 0.707 0.813 0.485 -0.98 0.411 0.706 0.883 -0.419 -0.487 -0.491 0.282 -0.463 1
0.734 -0.709 -0.293 -0.169 0.24 -0.847 -0.121 -0.715 0.24 -0.081 -0.191 -0.054 -0.417 -0.147 0.514 -0.949 -0.793 -0.849 0.927 -0.312 0.112 -0.09 0 0.765 1
-0.172 -0.735 -0.236 -0.508 -0.609 -0.203 -0.514 -0.769 -0.106 -0.617 -0.784 -0.943 0.716 0.403 -0.23 -0.653 0.682 -0.463 -0.159 0.572 -0.984 -0.127 -0.726 -0.027 1
-0.822 0.05 0.942 0.945 -0.216 -0.119 -0.658 0.326 0.892 -0.528 -0.105 0.554 0.056 -0.558 -0.335 -0.182 -0.167 -0.803 -0.98 -0.036 -0.982 -0.494 -0.454 -0.583 1
0.162 -0.596 0.41 0.438 0.436 0.066 0.915 0.561 -0.562 -0.123 -0.145 0.222 -0.565 -0.024 -0.183 0.144 -0.312 -0.899 0.925 -0.149 -0.868 0.161 -0.946 -0.371 1
0.753 -0.785 0.932 0.459 -0.285 0.955 0.683 0.992 -0.131 -0.545 0.808 -0.896 -0.328 0.297 -0.211 0.444 0.86 -0.646 0.426 0.339 0.076 0.959 -0.14 0.218 1
0.278 0.229 0.604 -0.199 -0.642 -0.151 0.995 -0.233 -0.788 0.177 -0.329 0.331 0.844 0.334 -0.691 -0.896 -0.741 0.567 0.902 -0.61 0.12 0.79 -0.814 -0.111 1
0.098 0.099 0.67 0.515 -0.342 0.727 1 -0.712 -0.591 0.534 -0.171 -0.583 -0.526 -0.867 -0.581 -0.657 -0.915 -0.66 0.973 -0.929 -0.588 -0.209 -0.776 0.901 1
0.753 -0.225 0.688 0.989 -0.368 0.449 0.597 0.35 -0.929 -0.069 -0.04 0.714 -0.612 -0.003 0.856 -0.214 0.822 0.681 0.705 0.422 0.747 -0.108 -0.708 0.254 1
-0.636 0.782 -0.379 -0.799 -0.875 0.665 -0.623 -0.715 0.959 -0.046 0.855 0.297 -0.874 0 0.586 0.885 0.994 0.101 -0.457 -0.434 -0.179 0.536 -0.876 -0.674 1
-0.146 -0.328 0.305 0.198 0.749 0.744 0.575 0.432 0.719 0.899 0.584 0.582 -0.464 -0.719 -0.297 0.687 0.583 -0.642 -0.736 0.534 0.496 -0.733 -0.72 0.426 1
-0.401 -0.966 0.24 0.063 0.915 -0.915 0.089 -0.439 -0.128 0.185 -0.869 -0.527 0.5 0.988 -0.054 -0.461 -0.117 0.447 -0.474 0.144 0.234 -0.718 0.259 0.255 1
-0.541 -0.218 -0.352 -0.801 -0.331 0.357 0.839 -0.402 -0.053 -0.357 0.256 0.42 0.988 0.112 -0.474 -0.268 -0.137 0.317 0.546 -0.481 0.649 0.111 -0.016 0.179 1
-0.293 0.22 0.299 0.708 -0.499 -0.158 0.617 -0.95 -0.696 0.614 0.113 0.573 0.169 0.274 0.79 -0.501 -0.372 -0.041 -0.603 0.63 0.56 0.491 0.473 0.476 1
0.325 -0.974 0.089 -0.651 -0.93 0.964 0.082 -0.458 0.801 0.355 -0.116 -0.506 0.794 -0.274 -0.788 -0.684 -0.295 -0.172 -0.679 -0.604 0.702 0.652 0.716 0.352 1
-0.907 -0.834 0.407 0.118 0.382 0.99 0.396 -0.539 -0.92 -0.464 0.981 -0.9 0.194 0.331 0.983 -0.727 -0.956 0.977 0.021 -0.396 0.434 -0.96 0.487 0.658 1
0.473 0.293 0.657 -0.673 0.345 -0.109 0.089 0.685 0.794 0.726 0.239 -0.088 -0.261 0.693 -0.058 0.028 -0.658 0.828 -0.883 0.652 0.686 -0.659 0.113 0.657 1
0.542 0.12 0.789 -0.092 -0.938 0.315 -0.847 0.791 -0.291 0.967 0.987 0.516 0.384 -0.336 -0.104 0.174 0.107 0.408 -0.847 -0.844 -0.818 0.994 0.255 -0.938 1
0.935 0.423 -0.108 0.266 0.878 -0.897 0.303 0.5 -0.084 0.556 -0.743 0.06 0.498 0.61 0.246 0.199 -0.648 0.369 0.821 -0.314 0.485 -0.845 0.14 -0.687 1
0.62 -0.907 0.634 0.547 0.645 -0.49 -0.964 0.967 -0.2 -0.035 -0.748 0.614 -0.441 0.605 -0.561 -0.568 0.472 -0.286 0.482 -0.153 0.985 -0.978 -0.634 -0.908 1
-0.49 -0.909 -0.186 0.655 -0.464 0.904 0.743 0.837 -0.279 -0.828 -0.726 -0.357 0.784 0.888 -0.147 -0.662 -0.215 0.782 -0.299 -0.24 0.619 -0.268 -0.339 -0.403 1
0.138 -0.818 0.753 -0.18 -0.961 0.853 0.58 -0.812 -0.341 0.675 0.451 -0.472 -0.284 0.165 -0.16 -0.491 0.638 0.354 -0.503 -0.109 -0.828 0.445 -0.044 0.019 1
0.942 0.761 0.937 -0.135 -0.728 -0.256 0.98 -0.916 -0.621 -0.64 0.59 0.762 0.131 0.33 -0.674 -0.936 0.288 -0.44 0.841 0.734 -0.954 0.603 0.755 -0.942 1
-0.638 0.274 0.368 -0.63 0.219 0.888 -0.126 -0.635 0.52 -0.981 -0.664 0.818 -0.357 -0.303 -0.237 -0.002 0.819 -0.641 0.393 0.584 -0.562 -0.652 -0.679 0.365 1
0.382 0.654 -0.676 0.108 0.277 0.585 -0.632 -0.354 -0.337 0.846 -0.993 0.421 0.922 0.649 0.468 0.677 -0.052 0.344 0.109 0.073 -0.955 0.191 0.747 -0.568 1
-0.114 -0.888 -0.586 -0.42 0.814 0.747 0.183 -0.087 -0.147 0.096 -0.09 0.775 0.024 0.06 -0.411 0.123 0.936 0.617 -0.506 -0.39 -0.771 -0.824 -0.44 0.727 1
-0.86 0.658 0.035 0.982 0.1 -0.688 0.695 -0.928 0.78 0.662 -0.845 -0.347 0.032 -0.444 0.298 0.201 0.961 0.552 0.937 -0.988 -0.368 -0.905 0.911 -0.419 1
0.9 0.299 0.294 0.744 0.996 -0.38 0.098 0.424 -0.09 -0.374 0.895 0.682 -0.144 0.504 0.653 0.242 0.232 0.923 0.349 0.654 -0.685 0.075 -0.652 0.062 1
0.398 0.179 0.211 0.565 -0.408 0.556 0.68 -0.054 0.901 -0.307 0.824 0.809 -0.213 -0.166 -0.809 -0.15 0.628 -0.814 -0.691 -0.602 -0.44 0.957 0.042 -0.251 1
-0.966 -0.996 -0.784 0.554 -0.278 0.307 0.756 -0.795 -0.04 0.298 -0.348 -0.349 0.682 0.684 0.478 -0.305 0.644 0.739 0.085 -0.18 -0.314 0.324 -0.419 -0.919 1
0.922 -0.613 -0.768 0.237 -0.344 0.652 0.395 -0.569 0.67 -0.57 0.374 0.998 0.436 -0.101 -0.434 0.662 0.691 0.181 -0.163 -0.734 -0.488 0.444 0.952 -0.77 1
-0.962 -0.387 -0.352 0.89 -0.951 0.253 -0.12 0.767 -0.055 0.978 0.636 0.914 0.26 0.145 -0.364 -0.35 -0.663 0.569 -0.418 -0.087 0.626 -0.167 -0.538 -0.878 1
0.757 0.189 -0.068 -0.444 -0.189 -0.765 0.476 0.287 0.856 -0.919 -0.481 0.947 0.37 -0.786 -0.671 0.238 0.365 0.563 -0.451 -0.541 0.254 -0.618 -0.482 0.95 1
-0.271 -0.931 -0.392 -0.858 -0.404 0.947 0.981 0.49 0.135 -0.071 -0.069 -0.859 -0.182 -0.946 0.834 0.053 0.626 -0.483 0.012 -0.102 0.022 -0.375 -0.415 0.507 1
0.212 0.844 -0.355 -0.961 0.503 -0.956 0.808 -0.369 -0.418 0.075 -0.311 -0.596 0.706 -0.049 -0.761 -0.304 0.749 0.284 -0.262 -0.289 0.208 -0.514 0.45 -0.704 1
-0.135 -0.873 -0.756 0.184 -0.479 0.084 0.001 0.722 0.156 -0.999 0.85 0.663 0.454 0.342 0.019 -0.872 -0.391 0.493 0.275 0.422 -0.66 0.593 0.334 -0.418 1
-0.474 0.574 0.282 -0.636 -0.215 -0.138 0.785 -0.776 0.372 -0.775 -0.299 0.852 -0.4 0.625 -0.227 0.376 -0.032 -0.031 -0.965 -0.949 0.491 -0.599 0.212 -0.716 1
