-0.192 -0.731 0.987 0.365 0.493 -0.538 -0.021 -0.427 -0.552 -0.807 0.143 -0.531 -0.044 -0.727 -0.661 -0.788 0.469 0.587 0.335 -0.744 0.541 0.162 -0.301 0.164
0.180 -0.277 -0.577 0.958 -0.429 0.693 -0.992 -0.982 0.492 -0.326 0.340 -0.469 -0.436 -0.617 0.261 0.693 -0.243 0.372 0.567 0.135 -0.283 -0.811 -0.604 0.724
-0.066 -0.149 0.358 0.442 -0.984 0.113 0.685 0.218 -0.786 -0.801 -0.792 0.413 -0.369 -0.871 -0.862 -0.058 0.505 -0.468 -0.191 -0.081 0.822 -0.649 -0.280 0.290
-0.776 -0.470 -0.804 0.688 0.242 -0.602 -0.744 0.743 0.198 -0.601 -0.643 -0.723 0.017 -0.850 0.235 -0.972 0.977 0.849 -0.025 0.752 -0.294 0.506 -0.099 -0.091
-0.371 -0.069 0.308 0.273 -0.732 -0.941 0.254 -0.212 -0.420 -0.159 -0.803 0.923 0.393 -0.627 -0.799 0.858 0.592 -0.710 0.785 0.174 -0.320 -0.999 0.966 0.422
-0.753 0.212 0.807 0.407 0.923 0.103 -0.401 0.464 0.885 -0.976 0.648 0.437 -0.387 -0.299 -0.836 -0.887 0.032 -0.092 0.238 0.047 0.548 -0.797 -0.130 -0.470
0.807 0.989 0.126 0.869 -0.816 -0.649 0.845 0.631 0.292 -0.022 0.827 -0.629 -0.358 0.556 0.534 0.247 -0.641 -0.172 0.986 0.563 -0.982 -0.676 -0.989 -0.533
-0.893 0.047 -0.083 -0.958 0.396 -0.333 -0.424 -0.452 -0.475 -0.901 -0.434 0.274 -0.199 -0.773 -0.434 -0.315 0.077 0.075 -0.651 -0.287 0.990 0.450 -0.220 0.270
0.784 0.101 -0.938 0.944 0.008 0.595 -0.562 -0.503 0.452 -0.504 0.055 -0.556 -0.442 -0.230 0.864 -0.251 0.919 -0.218 -0.505 0.476 0.770 0.691 -0.218 -0.748
-0.245 -0.874 0.036 0.309 0.020 -0.105 0.614 0.887 0.773 -0.780 -0.129 -0.405 -0.713 -0.963 0.396 -0.440 0.051 0.719 -0.786 0.206 0.119 0.401 0.350 0.720
-0.579 -0.722 -0.273 -0.439 -0.167 -0.884 0.672 0.030 -0.998 0.585 0.844 0.190 -0.923 0.280 0.475 0.849 0.358 -0.786 -0.009 -0.904 -0.686 0.859 -0.815 -0.799
0.391 -0.194 0.731 -0.214 0.057 0.799 -0.145 -0.995 -0.118 0.421 -0.579 -0.409 0.830 0.410 -0.171 0.495 -0.920 0.463 -0.100 -0.728 0.015 -0.192 -0.436 0.263
-0.189 -0.409 -0.290 -0.399 0.597 0.178 -0.168 -0.535 0.371 0.228 -1.000 -0.490 0.448 -0.389 -0.857 0.839 0.141 -0.206 -0.289 -0.753 0.500 -0.474 0.370 -0.287
-0.112 0.654 0.663 0.264 -0.510 0.308 -0.149 0.683 0.317 -0.379 -0.069 0.348 -0.479 0.064 0.963 0.459 0.069 -0.802 0.296 -0.803 0.128 -0.262 -0.336 -0.222
0.620 -0.088 0.320 0.795 0.202 0.039 -0.013 -0.127 -0.661 -0.886 0.669 -0.599 -0.181 0.977 0.478 0.257 -0.575 -0.048 -0.174 0.255 0.613 0.361 0.977 -0.056
-0.840 0.310 0.380 -0.327 0.586 0.881 -0.623 0.778 -0.654 0.417 -0.170 -0.065 0.592 0.659 0.890 -0.296 -0.479 -0.298 -0.757 -0.831 -0.126 0.631 0.555 -0.599
0.277 -0.301 0.665 0.781 -0.268 -0.254 0.835 -0.461 -0.906 0.546 0.812 0.481 0.892 -0.538 -0.964 -0.798 0.836 -0.195 0.895 0.183 -0.066 -0.035 -0.857 -0.701
-0.395 -0.032 -0.934 -0.635 0.140 -0.613 0.341 -0.407 0.598 -0.066 0.192 -0.166 -0.795 -0.726 -0.444 0.316 -0.005 -0.323 -0.388 0.222 -0.920 -0.804 0.724 0.387
-0.951 -0.356 0.119 -0.266 0.974 -0.816 0.734 0.001 0.785 0.082 0.948 -0.194 -0.444 0.586 -0.660 0.436 0.823 -0.305 0.022 -0.502 -0.779 -0.733 0.686 -0.150
-0.435 0.903 0.181 0.428 0.346 -0.979 0.137 -0.689 0.305 0.979 0.891 -0.018 0.900 0.689 -0.488 -0.749 -0.509 -0.327 -0.524 -0.972 0.346 -0.494 0.825 0.989
-0.476 -0.791 -0.600 0.662 -0.464 0.257 -0.162 -0.601 0.057 -0.154 0.645 -0.577 -0.132 0.365 0.785 -0.078 -0.385 0.214 0.499 0.375 0.672 -0.264 0.701 0.583
-0.606 0.122 0.651 -0.284 -0.415 -0.889 0.653 0.080 0.023 0.576 0.374 -0.927 0.381 -0.918 -0.914 -0.929 -0.536 0.767 0.175 0.798 0.651 -0.256 -0.465 -0.004
-0.214 -0.217 -0.045 0.522 -0.607 0.837 -0.271 0.206 -0.391 0.906 0.745 0.610 0.179 -0.695 -0.010 -0.416 -0.330 -0.357 0.843 -0.562 0.875 0.511 -0.286 -0.367
-0.194 0.353 -0.730 -0.763 0.049 -0.698 -0.099 0.151 -0.363 -0.704 0.043 1.000 -0.996 -0.230 -0.521 -0.326 -0.446 -0.806 0.799 0.350 -0.481 -0.634 -0.988 -0.329
-0.557 -0.453 0.570 -0.425 -0.482 0.902 -0.439 -0.406 0.667 0.050 0.269 0.093 -0.906 -0.148 -0.456 -0.503 0.916 -0.702 0.903 -0.616 -0.077 -0.019 0.304 -0.378
-0.049 -0.425 0.921 0.674 0.531 0.146 -0.001 -0.228 -0.546 0.342 0.291 0.659 -0.239 -0.586 -0.659 0.953 -0.639 0.765 0.480 -0.969 0.343 0.478 0.500 -0.503
-0.529 0.619 0.538 0.341 -0.930 -0.343 -0.345 0.622 0.650 0.095 -0.835 0.893 -0.220 0.941 -0.830 0.892 0.879 -0.561 -0.436 0.853 -0.494 0.800 0.257 0.685
-0.929 -0.581 0.701 -0.820 0.842 -0.394 0.547 0.255 0.558 0.912 0.926 0.252 -0.456 -0.021 -0.333 -0.454 0.141 0.881 -0.476 -0.037 0.876 -0.741 -0.595 -0.478
0.312 -0.972 -0.178 -0.311 -0.031 0.401 0.868 -0.577 0.917 -0.089 -0.992 -0.842 0.502 0.598 0.411 0.163 0.887 0.803 -0.590 0.615 -0.552 -0.897 0.650 0.764
0.568 0.297 -0.980 0.908 -0.337 -0.256 -0.682 -0.315 0.248 -0.731 0.186 -0.094 -0.451 -0.586 0.296 0.467 -0.904 0.821 0.759 -0.292 -0.713 -0.194 0.552 0.367
-0.536 0.614 -0.071 -0.806 -0.899 0.029 -0.220 -0.553 0.472 -0.729 -0.744 -0.362 0.587 0.372 -0.956 0.965 0.203 -0.225 0.131 0.296 0.074 0.318 0.068 -0.001
0.941 0.739 0.359 0.116 -0.578 0.043 -0.815 -0.873 -0.512 0.400 0.658 0.040 0.924 -0.052 -0.343 -0.949 -0.053 -0.502 0.910 -0.662 -0.090 0.354 -0.446 0.104
0.471 0.387 -0.397 -0.453 -0.722 -0.345 0.929 -0.052 0.135 -0.303 0.937 0.651 -0.204 0.974 0.409 -0.030 -0.801 0.597 -0.696 0.379 0.269 0.848 -0.895 -0.561
-0.831 -0.755 -0.058 0.149 0.710 -0.308 0.048 -0.744 0.201 -0.279 0.735 0.456 -0.764 0.908 0.509 0.501 0.096 0.227 0.367 0.354 0.367 0.753 -0.702 -0.904
0.409 -0.018 -0.019 -0.788 0.698 -0.631 0.017 -0.409 -0.590 0.166 0.092 -0.131 -0.141 0.795 -0.723 0.031 0.110 -0.737 -0.891 0.409 0.914 0.830 -0.641 0.504
0.362 -0.562 -0.727 -0.041 0.732 -0.945 0.512 0.508 -0.975 0.890 0.949 -0.789 -0.197 -0.128 -0.696 -0.792 -0.396 0.756 -0.171 -0.743 0.951 -0.777 0.983 -0.992
-0.755 -0.090 0.543 -0.089 0.913 0.258 -0.422 0.419 0.631 0.952 -0.043 0.658 0.715 0.941 -0.512 0.357 -0.748 -0.307 -0.243 0.761 0.538 -0.184 -0.170 0.459
0.507 0.089 -0.911 -0.944 0.545 0.169 0.507 0.921 0.453 -0.350 0.260 0.210 -0.494 0.151 -0.002 -0.254 -0.802 0.460 0.720 0.200 -0.792 -0.037 0.156 -0.877
-0.581 -0.744 -0.111 0.134 0.856 0.260 -0.852 0.325 0.595 0.567 -0.537 0.223 0.724 -0.380 0.809 0.984 -0.594 0.593 0.199 -0.225 -0.090 -0.824 0.124 0.177
0.497 0.306 0.466 0.926 -0.300 -0.679 -0.929 0.985 -0.687 0.889 0.386 -0.352 0.196 0.651 -0.056 -0.496 0.604 0.212 0.985 0.974 -0.475 -0.275 0.323 -0.987
0.584 0.107 0.373 0.604 -0.040 -0.430 -0.631 -0.609 0.505 0.175 -0.497 -0.752 -0.151 0.801 -0.936 -0.580 0.598 -0.507 0.080 0.222 -0.822 0.094 -0.020 -0.422
0.529 0.747 0.793 0.570 0.700 0.542 0.219 -0.612 -0.115 0.359 0.530 -0.695 -0.446 0.106 0.541 0.027 -0.396 -0.132 0.888 0.139 -0.966 0.067 -0.763 -0.014
0.235 -0.707 0.481 -0.064 -0.131 -0.569 -0.178 0.540 -0.265 -0.894 0.537 -0.207 -0.013 0.882 0.273 -0.436 -0.131 0.506 0.357 0.513 0.383 -0.516 0.400 -0.247
-0.821 -0.320 0.779 0.758 0.179 -0.918 0.806 -0.905 -0.006 0.094 0.978 -0.814 -0.760 0.591 -0.246 0.965 0.733 0.369 0.446 0.650 0.085 -0.207 -0.535 0.571
0.124 -0.824 -0.141 -0.780 0.131 0.271 0.557 0.980 0.385 0.677 -0.322 -0.488 -0.704 0.465 0.532 0.288 0.219 0.249 -0.023 -0.032 -0.841 -0.683 0.916 -0.116
-0.746 -0.922 -0.013 -0.444 0.495 0.809 0.610 0.238 0.082 0.285 -0.462 0.118 0.644 -0.514 0.863 -0.106 0.671 -0.531 0.452 -0.057 -0.047 -0.324 0.902 0.679
0.363 0.720 0.280 0.596 -0.051 -0.646 0.611 0.122 0.884 0.262 0.673 -0.307 -0.150 0.849 0.029 -0.231 -0.395 0.967 0.916 -0.168 0.443 0.908 0.180 -0.278
-0.789 0.197 0.785 0.420 0.991 0.133 0.855 0.376 0.164 0.326 -0.572 0.720 0.070 -0.944 -0.943 -0.673 -0.524 0.329 0.485 -0.643 -0.411 -0.764 -0.033 -0.243
-0.762 0.609 -0.051 0.393 -0.967 -0.080 0.633 0.896 0.972 0.814 0.812 0.470 0.182 0.114 -0.797 -0.554 -0.328 0.604 -0.928 0.144 0.404 0.437 -0.615 -0.444
-0.566 -0.129 -0.573 -0.927 -0.877 -0.323 -0.274 0.726 0.348 0.445 0.325 -0.769 0.418 -0.054 0.603 -0.754 0.817 -0.911 0.773 0.268 -0.242 -0.624 0.540 0.997
0.414 -0.328 0.849 0.930 -0.343 0.700 0.193 0.382 0.670 0.716 0.366 -0.387 0.159 0.123 -0.584 0.892 -0.616 -0.160 0.614 -0.413 -0.065 0.063 0.323 0.349
-0.102 0.622 0.209 0.839 -0.120 0.361 -0.063 -0.960 -0.110 0.054 0.091 0.567 -0.844 0.123 0.629 0.939 0.740 0.518 0.524 -0.290 -0.523 0.805 -0.002 0.225
0.020 0.355 -0.848 0.976 -0.062 0.630 0.421 -0.813 0.383 0.970 -0.022 -0.951 0.031 -0.287 -0.139 0.691 0.565 -0.453 -0.620 0.326 -0.238 -0.221 0.099 0.579
-0.316 0.798 -0.702 -0.784 0.156 -0.119 0.092 -0.777 -0.378 -0.823 0.678 -0.179 0.588 -0.861 -0.439 -0.860 0.161 0.804 -0.860 -0.623 -0.098 -0.843 -0.428 -0.684
0.638 -0.229 0.335 0.874 0.255 0.295 -0.484 0.907 -0.282 -0.933 -0.561 -0.632 -0.486 0.570 -0.550 -0.381 0.547 -0.798 0.877 -0.983 0.360 -0.476 0.886 -0.493
-0.676 0.445 0.478 0.538 0.168 0.749 -0.523 0.838 -0.729 0.548 -0.967 -0.497 0.750 -0.912 -0.721 0.939 0.851 0.191 -0.584 0.706 0.247 -0.209 -0.158 -0.557
-0.727 0.672 -0.306 0.699 -0.882 -0.011 0.790 -0.876 -0.691 -0.297 -0.712 0.782 0.820 -0.882 0.347 -0.572 0.462 0.290 0.696 -0.753 -0.548 0.880 0.557 -0.547
-0.334 0.505 -0.557 -0.075 -0.114 -0.794 0.334 -0.594 -0.390 0.260 0.551 -0.134 0.991 0.190 -0.232 -0.730 0.911 0.300 0.143 -0.362 -0.859 -0.852 0.599 -0.053
0.153 0.329 0.707 -0.955 -0.199 -0.765 -0.765 0.035 0.891 0.420 -0.705 -0.412 -0.726 -0.265 -0.133 0.724 0.160 0.596 0.060 -0.556 -0.564 0.828 -0.465 -0.151
-0.127 -0.783 -0.886 -0.397 -0.212 -0.644 -0.220 0.714 -0.092 -0.348 -0.874 -0.022 0.358 0.191 0.106 0.390 -0.469 -0.508 -0.943 -0.445 0.141 -0.230 0.607 0.758
-0.925 -0.465 0.282 0.494 0.444 -0.435 -0.154 -0.841 -0.795 0.084 -0.030 -0.364 0.349 -0.543 -0.724 -0.259 0.291 0.551 -0.310 0.764 -0.729 0.256 0.296 -0.379
-0.557 0.591 -0.688 -0.287 0.698 -0.775 -0.149 0.228 -0.110 -0.017 0.917 0.147 0.083 -0.951 0.659 -0.467 0.866 -0.672 0.596 0.123 -0.595 -0.241 -0.177 0.401
0.160 -0.174 0.348 -0.951 -0.891 -0.111 -0.034 -0.998 0.969 0.506 0.124 0.667 -0.787 -0.723 -0.606 -0.327 -0.730 -0.616 -0.983 -0.792 0.472 0.396 0.756 0.047
-0.784 0.712 -0.455 0.200 0.526 0.951 0.342 -0.509 -0.375 -0.843 -0.168 0.169 -0.142 0.138 0.255 0.441 0.361 -0.565 -0.159 0.592 0.446 0.654 -0.306 0.284
0.214 -0.441 -0.019 -0.779 -0.374 -0.489 0.487 -0.769 0.096 -0.375 0.597 -0.087 -0.892 -0.694 0.989 0.595 0.639 0.026 -0.133 -0.801 -0.160 -0.024 -0.721 -0.825
-0.946 0.307 0.740 0.189 -0.167 0.886 0.964 -0.194 -0.834 -0.597 -0.008 -0.149 0.714 0.951 -0.274 -0.560 0.825 0.284 -0.188 0.061 0.807 -0.799 0.918 0.390
0.487 0.111 0.890 -0.443 0.462 0.186 -0.860 -0.032 -0.137 -0.779 0.916 -0.081 -0.842 0.293 -0.935 -0.597 0.210 0.748 0.425 0.553 -0.434 0.848 0.590 -0.843
-0.407 0.451 -0.063 -0.862 0.030 0.336 0.732 0.684 -0.465 -0.393 -0.221 -0.206 0.059 -0.145 -0.274 -0.673 0.489 -0.567 0.952 -0.634 -0.732 0.072 0.484 -0.806
-0.620 0.860 -0.490 0.111 0.062 0.388 -0.614 0.330 -0.768 -0.838 0.182 0.199 -0.926 0.909 0.676 -0.733 -0.224 -0.877 -0.809 0.106 -0.571 0.417 -0.321 0.952
-0.792 -0.969 0.069 0.246 -0.776 -0.918 0.874 0.060 0.914 0.722 0.549 -0.777 0.041 -0.882 0.910 0.859 -0.206 -0.257 -0.832 -0.147 -0.480 -0.854 -0.973 0.796
0.592 -0.347 -0.694 0.499 -0.624 0.811 -0.578 0.996 -0.651 -0.451 -0.207 -0.373 -0.703 -0.852 0.070 0.318 0.948 0.474 -0.379 -0.853 0.887 0.754 -0.271 -0.675
-0.318 -0.176 -0.717 0.306 -0.914 0.978 -0.954 0.929 0.530 -0.770 0.416 -0.507 -0.994 0.670 0.453 -0.533 -0.711 0.192 0.435 -0.442 0.536 -0.478 -0.385 -0.822
-0.928 -0.643 -0.358 0.357 -0.230 -0.763 0.508 0.304 -0.035 0.765 0.559 0.681 0.691 -0.862 0.918 -0.984 -0.357 -0.958 0.172 0.229 -0.103 -0.533 0.482 0.244
-0.600 0.095 -0.829 -0.812 -0.604 -0.890 -0.857 0.540 -0.787 -0.708 0.085 -0.084 -0.180 -0.111 0.850 0.107 0.935 -0.378 -0.749 -0.295 -0.846 0.795 -0.746 0.828
0.532 -0.592 0.290 -0.540 0.041 0.839 0.422 0.708 0.167 -0.859 -0.517 0.363 0.030 0.523 0.727 0.337 -0.034 -0.479 0.311 -0.933 -0.003 -0.686 -0.435 -0.299
0.723 -0.377 -0.883 -0.837 -0.382 -0.529 -0.941 0.946 -0.662 -0.157 0.906 0.003 -0.537 -0.443 0.594 0.436 0.932 0.083 0.568 -0.099 0.671 0.511 0.420 -0.505
-0.271 -0.195 -0.965 -0.842 -0.464 0.502 0.646 0.096 0.649 0.878 -0.741 0.622 -0.732 -0.602 -0.349 0.542 0.065 0.427 -0.289 -0.932 0.223 0.759 0.107 -0.699
-0.161 0.815 0.348 -0.086 0.158 -0.804 0.449 -0.745 -0.740 -0.353 0.002 0.880 -0.944 -0.026 -0.524 0.980 0.901 0.230 0.651 -0.770 0.456 -0.585 -0.886 -0.388
-0.233 -0.201 0.378 -0.953 -0.014 0.763 -0.229 -0.398 0.155 0.588 0.237 -0.376 0.615 0.754 -0.556 0.382 -0.571 -0.901 0.546 -0.976 -0.910 0.138 -0.160 0.952
-0.454 0.498 0.927 -0.731 0.722 -0.870 0.606 -0.400 -0.525 0.034 -0.860 0.032 0.652 -0.913 0.439 0.694 0.762 -0.482 0.429 0.615 0.446 -0.779 -0.610 -0.595
0.012 0.939 -0.664 0.157 0.383 -0.927 -0.434 -0.545 -0.634 -0.983 -0.906 -0.925 -0.964 -0.585 0.774 0.880 -0.997 0.871 -0.464 -0.993 0.709 0.537 -0.270 -0.745
-0.318 -0.515 -0.160 0.250 0.884 -0.672 -0.459 0.606 -0.926 0.493 0.659 0.366 -0.412 0.460 0.174 -0.988 -0.874 -0.361 0.110 0.617 0.364 0.467 -0.888 0.452
-0.340 -0.404 0.603 -0.709 -0.246 -0.537 -0.859 0.732 -0.477 -0.918 0.236 0.051 -0.966 -0.861 -0.115 -0.061 0.104 0.826 0.882 -0.651 -0.859 0.928 -0.213 -0.049
0.976 -0.164 -0.815 -0.284 -0.569 -0.826 0.659 0.792 -0.406 0.837 -0.519 -0.551 -0.288 -0.539 -0.775 0.046 -0.496 -0.531 0.146 0.015 0.861 -0.151 0.076 0.083
0.885 -0.211 -0.812 0.825 0.624 0.588 -0.165 0.550 -0.970 0.352 -0.047 -0.838 0.780 0.797 0.204 -0.740 -0.567 0.017 -0.960 -0.281 -0.946 -0.099 0.145 -0.755
0.994 0.929 0.912 -0.377 0.241 0.437 -0.804 0.917 -0.405 0.708 -0.641 0.858 0.467 0.937 0.208 -0.456 0.182 -0.885 0.525 -0.988 -0.574 0.202 -0.726 0.059
0.997 0.530 0.029 0.657 -0.334 0.217 -0.414 -0.769 0.531 0.143 0.734 0.300 0.168 -0.148 -0.088 0.155 0.629 0.152 0.837 -0.575 -0.263 -0.827 0.387 -0.925
-0.963 -0.673 0.992 -0.021 -0.711 -0.038 -0.820 0.327 -0.773 0.651 0.718 0.133 -0.914 0.789 -0.494 0.525 0.715 -0.200 0.189 -0.907 -0.572 -0.084 0.502 0.230
-0.047 0.683 0.098 -0.352 0.666 -0.752 -0.699 0.423 -0.440 0.108 -0.518 0.570 -0.942 -0.378 -0.740 0.024 -0.697 -0.887 0.621 -0.084 0.702 0.336 0.919 -0.222
-0.975 0.933 0.902 -0.567 0.394 0.088 0.332 -0.283 -0.303 0.497 -0.327 -0.630 0.613 -0.433 0.774 0.440 0.356 -0.649 0.982 -0.682 -0.515 -0.031 0.553 0.268
-0.049 0.346 0.196 -0.660 -0.265 0.759 -0.716 0.357 -0.497 -0.063 -0.754 -0.370 0.534 0.694 -0.068 -0.939 -0.606 -0.577 0.159 0.637 0.301 -0.338 -0.055 -0.513
-0.527 0.553 0.136 -0.792 -0.729 -0.649 -0.412 0.776 -0.751 0.325 0.315 -0.034 0.651 -0.039 0.357 0.210 0.186 -0.262 0.217 0.749 0.603 -0.108 -0.365 -0.932
0.120 -0.073 -0.646 -0.489 -0.775 -0.409 -0.639 0.097 0.757 0.505 -0.295 0.081 0.322 -0.227 0.122 -0.358 -0.986 0.180 -0.306 0.476 -0.784 0.421 -0.219 -0.362
0.043 -0.870 -0.925 0.415 -0.818 0.199 -0.561 -0.051 -0.247 0.704 -0.827 -0.454 0.338 0.296 -0.328 -0.106 -0.486 -0.094 -0.260 0.542 -0.438 0.638 0.643 0.695
-0.593 -0.425 -0.132 0.303 -0.787 -0.590 0.003 -0.966 -0.511 -0.592 0.290 0.662 -0.832 -0.085 -0.437 0.519 -0.504 -0.824 0.499 0.518 0.302 0.570 -0.842 0.337
-0.329 0.244 -0.017 -0.171 -0.690 0.836 -0.856 0.087 0.275 -0.504 0.518 -0.615 0.896 -0.345 -0.231 0.580 -0.378 -0.615 0.305 0.086 -0.510 0.300 0.758 0.031
0.950 0.935 0.034 0.170 -0.509 0.940 -0.066 0.822 0.736 -0.603 0.752 0.085 0.440 0.838 -0.199 -0.862 -0.438 0.088 -0.007 0.459 -0.681 -0.396 -0.687 0.527
-0.555 -0.222 -0.301 0.360 0.591 0.952 0.106 -0.262 0.490 -0.764 -0.456 -0.048 0.825 0.564 0.893 0.199 0.308 0.579 -0.462 0.366 0.395 0.858 0.295 0.247
0.579 0.907 0.827 0.448 -0.767 0.676 -0.822 0.791 0.586 0.588 -0.323 0.216 0.748 0.825 -0.829 0.194 -0.732 -0.414 0.371 -0.589 -0.835 0.815 0.448 -0.726
0.789 -0.459 0.967 -0.099 0.998 0.147 -0.517 0.292 -0.621 0.597 -0.441 0.415 -0.983 -0.807 -0.522 -0.803 -0.964 -0.542 0.189 -0.967 -0.791 -0.787 -0.721 0.216
-0.884 0.894 0.332 0.896 0.138 -0.747 -0.775 -0.436 0.936 -0.468 0.029 -0.609 0.180 0.946 -0.305 -0.773 0.633 0.472 0.444 -0.242 0.650 -0.989 0.065 -0.920
-0.392 0.802 -0.629 0.425 -0.675 0.486 0.207 -0.352 0.045 -0.558 -0.619 0.567 0.542 0.167 0.929 0.588 -0.127 -0.429 -0.046 -0.447 0.694 0.089 -0.229 0.362
0.649 -0.802 0.969 0.690 -0.316 -0.532 0.166 0.438 0.040 0.875 -0.403 0.181 0.391 -0.620 0.002 0.962 0.322 -0.271 -0.726 -0.243 -0.044 -0.959 0.600 -0.481
-0.088 0.134 0.715 0.136 0.658 0.258 -0.962 -0.342 0.911 -0.992 -0.251 0.815 -0.030 0.460 0.562 -0.416 -0.990 -0.636 -0.522 -0.280 -0.065 0.663 -0.053 0.787
0.946 0.813 0.964 0.095 0.617 -0.783 -0.518 0.513 0.471 -0.684 0.059 0.602 0.047 -0.414 -0.347 0.028 0.832 0.204 0.023 -0.557 -0.422 -0.175 0.960 0.841
0.550 -0.640 0.232 -0.602 0.778 -0.292 0.142 -0.419 0.225 -0.231 0.337 -0.177 -0.256 0.729 -0.365 -0.858 -0.173 0.887 0.449 0.020 0.555 -0.997 -0.532 -0.420
0.678 0.089 -0.805 0.150 -0.868 -0.820 0.157 -0.388 -0.063 0.926 0.056 0.689 0.260 -0.904 -0.702 -0.775 -0.135 -0.037 -0.800 -0.418 0.610 -0.360 -0.789 0.961
0.911 -0.399 -0.551 -0.999 -0.576 -0.002 -0.130 -0.889 0.231 0.597 0.155 0.847 -0.341 0.067 0.874 -0.925 -0.593 0.298 0.431 -0.429 0.736 0.135 0.341 -0.128
0.158 -0.479 -0.256 -0.407 -0.907 0.079 -0.011 0.074 0.924 -0.567 -0.144 -0.233 0.636 -0.820 -0.101 -0.814 0.062 -0.810 0.414 -0.377 0.434 0.225 0.034 0.153
-0.209 0.458 -0.356 0.151 0.725 0.907 -0.983 0.936 -0.759 0.132 -0.100 -0.957 -0.621 -0.880 -0.694 0.072 0.128 -0.528 -0.309 -0.964 0.057 -0.323 0.423 0.525
0.621 0.476 0.979 0.986 -0.795 0.036 -0.670 -0.753 0.602 -0.643 0.447 -0.395 -0.578 0.323 -0.646 -0.784 0.214 -0.465 -0.231 -0.971 -0.421 0.037 -0.214 -0.195
-0.699 -0.323 0.847 0.574 -0.206 -0.741 -0.619 -0.429 -0.102 -0.013 0.843 -0.074 -0.103 -0.619 -0.644 -0.900 0.441 -0.967 -0.845 -0.410 -0.963 -0.527 -0.740 -0.258
-0.492 -0.864 0.108 0.570 0.317 0.370 -0.623 0.915 -0.485 0.064 -0.128 -0.103 -0.084 0.824 0.497 -0.040 -0.587 0.882 0.605 -0.628 -0.968 -0.914 0.555 -0.276
0.285 0.680 0.602 0.924 0.351 -0.371 -0.286 0.585 -0.933 -0.209 -0.772 0.290 0.198 -0.665 -0.710 0.523 -0.957 0.872 -0.125 -0.237 0.854 -0.698 0.474 0.587
-0.348 0.318 -0.498 0.232 -0.291 0.462 0.885 0.250 -0.270 0.933 0.362 0.798 -0.549 0.024 -0.768 -0.380 -0.095 -0.416 0.912 0.003 0.485 -0.825 0.854 0.256
0.822 -0.614 0.836 -0.543 0.296 -0.081 0.170 -0.027 0.425 -0.244 -0.649 0.453 -0.355 0.151 0.018 -0.536 -0.419 0.249 -0.119 0.599 0.317 0.992 0.310 0.484
-0.231 0.003 -0.658 -0.026 -0.448 -0.833 -0.751 0.133 -0.363 0.071 -0.349 0.373 -0.807 0.954 0.502 0.104 0.135 -0.621 -0.336 -0.849 -0.095 -0.597 0.141 0.088
-0.427 0.060 0.621 -0.193 0.096 -0.440 0.675 -0.968 0.501 -0.718 -0.931 -0.461 -0.887 -0.603 -0.434 0.107 0.754 -0.335 0.378 0.267 0.605 -0.938 -0.038 0.647
0.105 0.104 -0.467 -0.842 -0.660 0.698 -0.387 -0.860 0.995 -0.861 -0.412 0.204 -0.580 0.026 0.888 0.809 -0.398 0.740 -0.808 0.922 0.519 0.751 0.289 -0.499
0.211 -0.238 -0.772 0.635 0.083 0.881 -0.419 0.856 0.711 -0.683 0.085 -0.788 -0.086 0.060 -0.304 0.100 -0.171 -0.930 0.678 0.217 0.868 -0.358 0.782 0.669
0.908 0.857 0.316 -0.828 -0.735 0.216 -0.951 -0.489 -0.832 -0.065 -0.137 0.429 -0.541 -0.741 0.502 0.643 -0.270 0.640 -0.533 0.808 -0.074 -0.188 -0.432 0.941
-0.904 -0.693 0.573 -0.198 0.640 0.896 -0.714 -0.657 0.061 -0.749 0.221 -0.110 0.931 -0.125 0.792 0.151 0.142 0.968 -0.813 -0.617 0.088 0.473 0.235 -0.126
-0.641 -0.297 -0.613 0.933 -0.641 -0.147 0.143 -0.199 -0.248 0.410 0.784 0.323 -0.117 -0.202 -0.018 0.330 -0.605 -0.780 0.791 -0.906 0.705 -0.369 -0.539 -0.460
-0.095 -0.322 0.230 -0.834 -0.022 -0.070 -0.319 0.424 0.876 0.561 -0.629 0.672 0.117 0.111 -0.917 0.236 0.252 0.489 0.020 -0.983 -0.548 0.990 -0.930 0.515
-0.080 -0.843 -0.246 0.463 -0.410 0.562 0.248 0.285 -0.659 0.016 -0.955 0.154 0.238 -0.052 0.919 0.490 0.268 -0.456 -0.452 -0.994 -0.193 -0.596 -0.671 0.443
-0.049 0.363 -0.328 -0.009 0.748 -0.667 -0.558 0.836 -0.793 -0.603 -0.961 -0.790 -0.679 -0.317 -0.144 0.617 0.499 -0.141 0.616 -0.145 0.176 -0.795 0.952 0.164
0.215 0.541 -0.962 -0.679 0.805 -0.960 -0.332 0.718 -0.134 0.637 0.941 0.053 -0.497 0.564 -0.691 -0.568 -0.211 -0.669 0.663 -0.375 -0.463 -0.526 -0.960 -0.802
-0.506 -0.780 -0.029 -0.515 -0.177 -0.383 0.417 -0.327 0.160 0.763 -0.093 -0.366 -0.132 -0.720 0.514 -0.810 0.604 0.072 0.074 0.325 -0.838 -0.663 -0.283 0.185
-0.801 0.723 -0.529 -0.480 0.540 0.468 -0.956 -0.656 0.126 0.697 0.755 0.554 -0.425 -0.811 -0.608 0.051 0.092 0.906 -0.495 -0.674 0.690 -0.603 0.053 0.646
0.639 0.692 0.583 -0.668 -0.953 0.260 -0.244 0.789 -0.629 -0.348 0.493 0.081 -0.825 -0.721 -0.101 0.618 -0.306 0.963 0.179 -0.606 -0.476 -0.259 0.537 -0.825
-0.357 -0.992 0.884 -0.105 0.927 -0.269 -0.653 -0.433 0.209 0.852 -0.028 -0.428 -0.805 0.176 0.714 0.598 -0.432 -0.976 -0.258 -0.714 0.139 -0.500 0.098 0.230
0.372 0.756 -0.246 0.436 -0.695 0.504 -0.476 0.515 0.690 0.147 0.874 -0.373 0.780 0.279 -0.141 0.959 -0.369 -0.832 0.061 -0.710 -0.940 0.523 -0.132 -0.648
0.370 -0.484 0.138 -0.535 -0.789 -0.904 0.389 -0.251 0.641 -0.863 -0.769 -0.941 -0.057 -0.665 0.765 0.143 0.867 -0.055 0.054 0.051 -0.204 0.026 -0.305 -0.012
0.433 -0.630 0.608 -0.303 0.976 -0.032 -0.011 0.360 -0.108 -0.061 0.592 -0.763 0.858 -0.631 -0.083 0.382 -0.230 -0.576 -0.695 -0.031 0.482 -0.897 0.420 0.146
0.364 -0.692 0.576 0.144 -0.463 -0.637 -0.062 0.313 -0.047 0.441 -0.806 -0.225 0.082 -0.730 -0.316 -0.330 0.913 -0.744 0.839 -0.804 -0.056 -0.697 -0.960 0.749
-0.055 -0.817 -0.727 -0.109 -0.519 0.995 -0.206 0.601 0.898 -0.155 0.425 0.916 0.788 -0.444 -0.550 -0.866 -0.138 -0.082 -0.002 -0.194 -0.151 -0.245 -0.899 0.771
-0.820 -0.269 0.013 0.807 -0.793 -0.467 0.744 0.615 0.185 -0.953 -0.322 -0.060 0.985 -0.019 -0.972 -0.826 0.121 -0.863 0.409 0.472 0.454 0.768 -0.077 -0.024
-0.856 0.206 -0.542 -0.406 0.044 -0.191 0.629 0.998 -0.049 0.552 0.712 0.471 -0.936 -0.765 0.241 0.447 -0.718 0.843 -0.419 0.552 -0.103 -0.586 0.006 -0.025
0.083 0.773 -0.748 0.474 0.953 0.156 0.459 0.495 -0.015 0.973 0.227 0.026 -0.748 0.271 -0.944 -0.287 -0.203 0.073 -0.727 0.302 -0.703 -0.877 0.979 -0.920
0.662 0.672 0.652 0.629 -0.411 -0.999 0.535 0.365 0.823 -0.494 -0.773 -0.797 -0.785 0.192 -0.739 0.603 0.325 0.321 -0.100 0.710 -0.697 -0.642 -0.054 -0.381
0.025 -0.341 0.575 0.613 0.864 0.468 0.793 -0.046 -0.710 -0.002 -0.405 -0.361 -0.211 -0.352 -0.956 0.378 -0.208 -0.028 0.221 0.081 -0.462 0.932 -0.392 -0.737
0.436 0.547 0.227 0.769 -0.754 -0.010 0.958 0.794 -0.759 0.756 0.588 0.940 -0.335 0.799 -0.425 0.026 -0.260 0.068 -0.433 -0.153 -0.502 0.005 -0.029 0.619
0.556 0.005 -0.959 0.819 -0.217 0.193 0.114 -0.394 -0.676 -0.521 -0.220 0.078 0.091 -0.635 -0.774 0.557 0.864 0.643 0.338 -0.527 -0.439 -0.598 0.293 0.494
0.340 0.976 0.599 0.990 -0.107 -0.246 0.296 0.539 0.112 0.421 0.685 0.870 0.502 0.065 -0.783 -0.004 -0.342 -0.253 -0.545 -0.284 -0.321 0.275 -0.741 0.384
0.283 0.679 0.912 -0.146 0.659 0.142 -0.186 -0.870 0.734 0.992 -0.925 0.577 0.827 -0.976 0.531 -0.135 0.578 -0.189 0.246 0.096 0.070 0.324 0.907 0.051
-0.380 0.605 0.968 -0.135 -0.689 0.567 0.267 0.615 0.059 -0.897 -0.723 0.254 -0.824 0.888 -0.934 0.574 0.676 0.265 -0.096 0.465 -0.753 0.811 0.346 0.883
-0.815 0.422 -0.384 0.773 -0.321 0.846 -0.766 -0.823 0.820 0.958 0.217 -0.522 0.463 0.928 0.905 -0.497 -0.883 0.934 -0.682 0.663 -0.645 0.028 0.114 -0.101
0.620 0.657 0.012 -0.379 0.500 0.219 0.326 0.353 -0.046 -0.158 -0.963 -0.400 0.914 0.063 -0.085 -0.421 -0.379 0.326 -0.822 -0.467 0.635 -0.921 -0.126 0.805
0.677 0.780 -0.795 0.665 -1.000 0.048 -0.525 -0.037 0.418 -0.863 0.141 0.116 0.737 0.348 -0.274 -0.867 0.400 -0.361 0.632 0.058 0.424 0.579 0.133 -0.659
0.081 0.041 -0.231 0.397 0.030 0.739 -0.315 -0.984 0.976 0.839 -0.626 0.429 0.227 -0.033 0.736 -0.626 -0.975 0.108 0.967 -0.138 0.668 0.606 -0.420 0.736
0.605 -0.361 0.536 -0.498 0.431 -0.547 0.667 0.634 0.186 -0.957 0.458 -0.569 0.989 0.845 0.365 0.104 0.949 0.025 0.875 -0.139 0.405 0.482 0.157 0.226
-0.464 -0.469 -0.590 -0.649 0.248 -0.244 0.089 -0.330 0.320 -0.254 0.810 0.922 -0.433 -0.976 -0.283 -0.265 0.294 -0.394 0.428 -0.728 0.036 0.516 -0.733 0.450
0.590 -0.531 0.403 -0.156 0.311 0.405 0.685 -0.203 0.142 0.180 0.388 -0.575 -0.151 -0.053 0.810 -0.510 -0.559 -0.634 0.685 0.197 0.898 0.486 -0.779 0.295
0.990 -0.163 -0.667 0.899 0.274 -0.578 -0.533 0.442 -0.140 0.132 -0.922 -0.782 -0.787 0.043 0.436 0.797 0.416 -0.249 -0.141 -0.893 0.680 -0.400 -0.669 0.515
0.371 0.011 -0.246 0.736 -0.953 0.693 0.980 -0.434 0.631 0.425 0.221 -0.917 -0.568 0.621 0.970 -0.256 -0.643 0.793 -0.292 -0.042 -0.724 -0.314 0.513 -0.873
0.279 0.686 -0.418 0.039 0.943 -0.402 -0.348 -0.590 -0.725 0.023 0.693 -0.859 -0.301 -0.257 0.845 0.815 0.146 -0.745 0.006 0.206 0.022 -0.609 -0.408 -0.517
-0.889 0.133 0.500 0.014 0.730 0.842 -0.229 -0.115 0.846 0.447 0.069 0.394 0.698 -0.080 0.828 -0.135 -0.402 0.182 -0.239 -0.160 0.201 0.405 0.019 0.619
0.818 -0.695 0.680 0.879 0.259 0.494 -0.893 -0.679 -0.117 0.769 0.538 0.122 -0.460 -0.057 0.182 0.306 -0.948 0.598 -0.843 -0.638 0.316 0.112 0.010 0.927
0.915 -0.711 -0.431 0.017 -0.910 -0.021 0.197 -0.900 -0.504 -0.239 -0.868 -0.115 -0.556 0.228 0.235 0.341 0.316 -0.149 -0.564 -0.223 0.741 0.320 0.400 -0.587
-0.364 0.025 0.980 -0.182 -0.082 0.203 -0.563 -0.834 -0.490 -0.685 -0.334 -0.540 -0.744 0.858 0.875 0.385 0.503 0.188 -0.313 -0.417 -0.574 0.333 -0.810 0.406
0.396 0.900 -0.251 -0.863 0.413 0.522 0.562 -0.429 -0.011 -0.209 -0.514 0.371 -0.244 0.571 0.668 -0.566 -0.777 -0.839 0.398 0.684 -0.174 0.467 0.540 -0.095
0.580 -0.365 0.845 -0.567 0.943 0.118 0.691 0.613 -0.516 0.247 0.064 -0.960 0.134 0.933 -0.636 0.462 0.019 -0.814 -0.278 -0.922 0.849 -0.948 0.135 0.043
0.210 -0.640 0.528 -0.819 -0.654 -0.986 0.703 0.115 0.057 -0.695 -0.322 -0.162 -0.092 -0.703 0.034 0.035 -0.940 0.117 0.837 -0.042 0.627 -0.994 0.506 0.530
0.288 -0.192 -0.825 0.853 -0.113 0.788 0.687 0.930 0.059 -0.917 -0.355 0.505 -0.514 -0.489 0.452 0.079 -0.415 0.425 -0.332 0.588 0.775 -0.174 0.382 -0.118
0.600 0.935 0.070 0.351 -0.549 -0.605 -0.218 0.307 -0.904 0.041 -0.391 -0.161 -0.956 0.426 -0.878 -0.521 -0.363 -0.936 -0.571 -0.754 -0.927 -0.797 0.827 -0.594
-0.310 -0.183 0.339 0.664 -0.079 -0.566 -0.878 -0.004 0.888 -0.283 -0.221 0.817 -0.648 0.143 -0.863 0.330 0.449 -0.627 0.662 -0.187 0.479 0.614 0.612 -0.049
0.007 -0.864 0.144 -0.851 -0.513 0.337 -0.865 0.473 0.417 -0.870 0.760 -0.824 -0.699 0.381 0.882 0.141 -0.060 -0.814 0.429 -0.263 -0.541 -0.719 0.175 -0.348
-0.360 -0.399 -0.140 0.700 -0.104 0.322 -0.058 0.038 -0.277 0.033 0.560 -0.104 -0.292 -0.873 -0.296 -0.733 0.528 -0.338 0.247 -0.583 0.160 -0.673 0.181 0.378
-0.426 0.597 -0.012 0.262 -0.487 -0.900 -0.606 0.535 0.571 -0.013 -0.506 -0.262 0.497 0.819 0.315 0.870 0.549 0.543 -0.989 0.276 -0.699 0.568 -0.181 -0.108
0.755 -0.028 0.213 0.971 0.010 -0.837 -0.824 -0.893 -0.607 -0.998 -0.225 -0.826 0.441 0.894 -0.779 0.937 -0.583 -0.283 -0.615 0.109 0.539 -0.674 -0.311 0.346
0.676 -0.263 0.682 0.159 -0.493 0.193 0.505 -0.812 0.452 -0.275 0.501 -0.723 -0.686 0.490 0.194 -0.447 -0.937 -0.861 -0.374 0.721 0.729 0.276 0.971 0.734
-0.797 -0.492 -0.089 -0.139 -0.523 0.735 -0.486 0.951 0.204 0.120 0.509 -0.398 0.099 0.537 -0.234 0.753 -0.431 -0.793 -0.051 0.479 -0.096 -0.354 0.930 0.788
-0.934 -0.286 -0.944 -0.498 -0.289 0.654 0.112 0.656 0.778 -0.449 0.508 0.004 0.960 0.086 -0.948 -0.367 0.393 0.776 -0.797 0.094 -0.832 0.067 0.172 -0.979
0.971 -0.460 -0.102 -0.217 0.749 0.234 0.627 -0.550 0.893 0.623 0.176 -0.555 -0.528 -0.715 0.509 0.035 0.547 -0.942 0.861 -0.720 0.343 -0.790 -0.341 0.681
0.974 -0.537 -0.175 0.562 0.554 0.804 -0.124 0.536 0.596 0.701 -0.580 -0.369 -0.597 0.170 0.318 -0.018 0.034 0.065 -0.778 0.402 0.396 -0.519 0.601 0.505
-0.246 0.995 -0.448 0.864 0.617 -0.050 0.374 0.320 0.608 -0.837 -0.584 0.163 -0.422 -0.564 0.108 -0.589 -0.972 -0.790 -0.734 0.333 0.370 -0.060 -0.925 -0.737
0.856 -0.842 -0.513 -0.485 -0.300 -0.449 -0.204 0.285 0.491 -0.286 -0.498 0.676 -0.157 0.210 -0.637 0.038 0.495 -0.153 -0.924 0.130 0.435 0.302 -0.786 0.965
-0.833 -0.257 -0.459 0.113 -0.899 -0.104 -0.392 -0.490 -0.698 -0.418 0.911 0.360 -0.949 0.133 -0.093 -0.744 0.383 -0.854 0.990 0.238 -0.383 -0.203 -0.969 -0.264
0.659 0.431 0.198 0.212 -0.278 0.292 0.395 0.039 -0.462 0.823 -0.748 0.160 0.702 -0.171 0.945 0.078 -0.551 0.958 -0.673 0.118 0.622 0.632 0.432 -0.629
0.722 -0.362 -0.676 0.722 0.761 -0.396 -0.653 -0.951 -0.345 0.694 0.851 -0.079 0.193 0.222 -0.816 -0.743 -0.600 0.985 0.551 -0.716 -0.287 -0.887 -0.437 0.860
-0.184 0.591 -0.182 0.162 -0.955 -0.457 0.616 -0.544 -0.669 0.753 0.573 0.599 -0.922 -0.182 -0.542 -0.228 0.804 0.926 -0.237 0.443 -0.721 0.647 0.756 0.983
0.009 0.704 0.062 -0.918 0.845 0.412 -0.179 0.827 -0.681 0.633 0.519 -0.035 -0.706 0.486 -0.661 -0.906 0.267 -0.013 -0.837 -0.073 -0.561 0.515 -0.045 -0.705
-0.733 -0.550 -0.681 0.551 -0.898 -0.701 0.351 0.887 0.267 0.253 -0.602 -0.559 -0.950 0.395 0.447 -0.358 0.082 0.303 -0.476 0.989 -0.931 -0.770 0.648 0.690
0.075 -0.188 -0.225 -0.502 0.978 -0.436 -0.688 0.713 0.181 -0.542 0.868 -0.506 -0.456 0.014 0.606 0.438 -0.832 -0.941 0.736 0.640 0.599 0.752 0.492 -0.100
-0.613 -0.106 -0.335 0.447 0.443 0.595 0.548 -0.043 -0.655 -0.530 -0.953 0.508 0.958 0.246 0.496 -0.715 -0.433 0.876 0.720 -0.753 -0.424 0.850 0.246 -0.422
0.482 -0.784 0.237 -0.580 -0.734 -0.417 0.486 -0.449 -0.081 -0.193 0.294 0.959 0.730 0.074 0.136 -0.586 0.005 -0.146 -0.185 -0.639 -0.073 -0.963 0.204 -0.417
-0.790 0.718 -0.164 -0.462 -0.563 0.120 -0.162 0.873 0.654 0.578 0.557 0.552 0.659 0.840 -0.079 -0.922 0.332 0.092 -0.275 -0.049 -0.987 0.137 0.178 0.482
-0.668 -0.575 0.665 -0.655 0.736 -0.139 -0.264 -0.986 -0.651 0.731 0.271 -0.432 0.924 0.403 -0.882 0.030 -0.722 -0.366 -0.694 0.998 0.390 0.746 0.945 0.421
-0.382 0.737 0.191 -0.747 -0.143 0.684 0.190 -0.421 -0.194 0.642 0.103 -0.344 -0.848 -0.915 -0.479 0.556 0.537 0.576 0.819 0.754 -0.273 -0.572 -0.481 -0.129
-0.781 0.218 0.802 0.787 -0.255 -0.045 -0.797 -0.738 0.470 0.249 0.599 -0.017 -0.009 -0.634 -0.008 0.654 0.801 -0.136 0.331 0.710 -0.710 0.569 -0.010 -0.964
0.657 -0.140 -0.678 -0.431 -0.485 0.449 0.952 -0.339 -0.487 0.338 0.539 0.920 -0.486 0.732 -0.867 0.055 -0.148 -0.148 -0.701 -0.427 0.772 0.428 0.947 0.957
-0.901 0.490 0.086 0.785 -0.671 -0.379 -0.399 -0.733 -0.433 -0.593 0.442 0.656 -0.815 -0.152 0.007 0.792 -0.449 0.982 -0.790 0.848 0.306 0.259 0.141 0.993
0.474 -0.910 -0.979 0.174 -0.526 -0.998 0.782 0.405 0.600 -0.639 -0.073 0.719 0.222 0.518 0.901 -0.267 -0.620 -0.436 0.713 0.416 -0.383 0.064 0.958 -0.058
-0.179 0.354 -0.519 -0.735 0.322 0.659 -0.127 0.541 -0.553 -0.723 0.624 0.249 -0.843 0.626 0.604 0.351 -0.380 -0.111 -0.750 0.011 -0.418 -0.456 0.431 0.355
0.004 0.886 0.663 -0.202 -0.996 0.700 0.218 0.080 -0.372 0.107 0.064 -0.011 -0.848 -0.287 0.902 0.328 -0.619 0.815 0.715 -0.224 -0.530 -0.476 0.887 0.057
0.189 -0.561 0.071 0.590 -0.908 -0.324 -0.469 -0.401 -0.715 -0.502 -0.415 0.285 0.613 0.209 -0.821 -0.510 -0.769 -0.671 0.720 0.873 0.845 0.895 -0.677 0.227
-0.909 0.798 -0.248 -0.040 0.577 0.959 0.630 0.807 -0.131 -0.055 -0.136 -0.886 -0.335 0.788 0.431 -0.469 0.906 0.940 0.645 0.117 -0.551 0.105 -0.697 -0.906
0.962 -0.794 -0.960 0.270 -0.928 -0.777 0.598 -0.558 0.701 -0.177 -0.384 0.172 -0.022 -0.337 0.540 -0.435 0.743 0.502 -0.523 0.830 0.486 -0.766 -0.657 0.800
0.188 -0.530 0.263 -0.005 0.874 -0.206 -0.274 -0.744 0.470 0.231 -0.493 0.035 0.060 -0.825 0.245 0.566 -0.568 0.961 0.445 0.606 -0.206 -0.370 -0.632 0.973
0.840 0.502 0.021 0.538 -0.119 0.007 -0.438 -0.928 -0.132 0.687 0.453 -0.736 -0.969 0.302 0.371 0.789 0.895 0.959 0.877 0.256 0.527 -0.787 -0.996 0.095
0.425 0.968 -0.649 0.013 -0.899 -0.094 -0.714 0.153 0.770 0.281 -0.970 0.640 -0.225 0.897 -0.927 0.534 -0.783 -0.321 0.540 -0.101 -0.777 -0.567 0.046 0.288
-0.632 -0.822 0.736 0.986 0.833 0.542 0.009 0.366 0.396 -0.695 -0.344 0.528 -0.346 -0.178 0.533 0.718 0.760 -0.197 -0.585 -0.133 -0.710 -0.716 0.581 0.724
0.851 0.064 0.894 -0.359 0.260 0.983 0.566 -0.913 -0.418 -0.771 0.656 -0.391 -0.750 0.670 -0.089 0.320 0.077 -0.741 0.522 -0.504 0.552 -0.297 -0.796 0.369
0.706 -0.395 0.477 -0.850 -0.669 0.368 0.171 -0.420 0.124 0.219 0.754 0.427 0.633 0.804 0.484 0.990 -0.820 -0.441 -0.846 0.676 -0.917 -0.395 -0.540 -0.878
-0.009 0.332 0.972 0.845 -0.354 0.622 -0.225 -0.274 0.351 -0.494 -0.383 -0.270 0.324 -0.619 0.837 -0.801 0.861 -0.359 0.978 -0.772 -0.062 0.808 0.048 -0.171
-0.584 -0.059 0.441 -0.435 -0.412 0.314 0.567 0.570 0.353 -0.871 0.562 -0.627 0.904 0.677 -0.809 0.425 0.262 -0.646 0.424 -0.324 0.341 -0.214 -0.783 0.423
-0.776 -0.753 -0.704 0.354 -0.661 0.785 -0.835 0.160 0.870 -0.326 -0.766 0.072 0.125 0.181 -0.850 0.665 0.582 0.110 -0.710 0.636 0.793 0.143 -0.196 0.752
-0.178 0.420 0.450 -0.321 0.269 0.560 -0.219 -0.618 0.813 -0.978 -0.852 0.115 0.046 0.886 0.412 -0.306 0.781 0.143 0.522 0.927 0.932 0.915 -0.610 0.751
0.377 -0.841 -0.417 0.823 -0.706 -0.681 -0.788 0.293 -0.595 -0.631 0.877 0.387 0.155 0.799 0.577 -0.818 -0.045 0.722 -0.816 0.909 -0.457 0.541 0.715 0.626
-0.661 0.911 0.183 -0.412 0.743 0.996 0.284 0.883 0.884 0.316 0.259 -0.617 0.185 0.740 -0.479 -0.098 -0.259 0.130 0.854 -0.849 -0.293 -0.916 0.729 0.180
0.561 -0.733 0.915 0.709 -0.054 0.144 0.944 -0.000 -0.322 0.628 -0.312 0.857 -0.972 -0.990 -0.312 -0.254 0.587 -0.185 -0.727 0.122 0.667 -0.110 -0.099 0.735
0.556 -0.795 -0.184 -0.285 0.830 0.968 0.003 -0.043 0.113 -0.359 -0.658 0.140 -0.555 -0.808 0.486 0.901 0.967 0.864 0.756 0.315 -0.435 -0.678 -0.728 0.664
0.443 -0.305 0.835 -0.777 0.032 0.178 -0.050 -0.354 -0.748 -0.102 -0.181 0.408 0.907 0.261 0.203 0.981 0.726 -0.310 -0.813 0.996 -0.672 0.337 -0.090 -0.115
-0.777 -0.582 -0.628 -0.765 -0.207 -0.357 -0.857 -0.947 -0.838 0.777 0.308 0.765 0.427 0.925 -0.574 -0.507 -0.635 0.323 0.631 -0.971 0.481 -0.280 -0.918 0.363
0.708 -0.594 0.042 0.836 0.170 -0.779 0.605 -0.523 0.736 0.161 0.185 -0.121 0.752 0.494 0.040 -0.822 0.070 0.733 0.220 0.765 -0.623 -0.205 -0.244 -0.414
-0.973 0.897 -0.593 0.344 0.903 -0.814 0.607 0.678 0.566 -0.348 -0.337 0.710 -0.594 0.077 -0.921 0.252 -0.034 0.976 0.069 -0.886 -0.025 0.473 0.567 0.805
0.638 -0.283 -0.541 0.251 -0.383 -0.059 0.197 -0.553 0.475 -0.494 -0.065 0.021 0.003 0.027 -0.300 -0.243 -0.906 -0.479 -0.822 -0.188 0.404 -0.812 0.294 0.747
-0.227 0.141 -0.698 -0.726 0.134 0.110 -0.911 -0.740 0.878 0.632 -0.524 -0.559 0.605 -0.457 -0.369 -0.637 -0.608 0.340 -0.834 -0.893 0.551 0.650 -0.913 0.857
-0.450 -0.844 0.352 -0.031 0.759 -0.292 0.836 0.213 -0.938 0.851 -0.931 -0.649 -0.964 0.540 0.456 -0.418 -0.223 0.649 -0.316 -0.674 -0.158 0.235 0.852 0.209
-0.998 -0.812 0.515 -0.412 -0.838 0.983 0.540 -0.263 0.335 -0.849 -0.396 0.926 -0.958 0.581 -0.264 0.627 0.224 -0.655 -0.725 0.445 -0.898 -0.771 0.718 0.028
-0.716 -0.797 -0.980 0.061 -0.678 -0.622 0.618 0.816 -0.885 -0.362 0.596 -0.136 0.221 0.516 -0.848 -0.933 0.234 0.944 0.395 0.021 0.734 0.012 0.407 0.158
-0.317 -0.232 0.136 0.942 0.996 -0.261 0.616 -0.201 -0.590 0.830 0.365 -0.558 0.930 -0.725 -0.388 -0.608 -0.775 -0.372 -0.395 -0.222 -0.814 0.239 0.771 0.968
0.439 0.730 0.586 0.277 0.468 0.942 -0.141 0.732 -0.911 -0.539 -0.902 -0.355 0.131 0.819 0.750 0.090 0.571 -0.616 -0.901 -0.742 0.053 -0.340 -0.054 -0.008
0.956 0.470 0.734 -0.654 0.665 -0.353 -0.739 -0.514 -0.494 -0.262 -0.135 -0.489 -0.614 -0.178 0.752 0.886 0.121 0.633 0.203 -0.380 0.839 0.535 0.900 0.714
0.374 0.321 -0.045 0.369 -0.977 0.068 0.324 -0.705 0.816 0.568 0.182 -0.520 0.442 -0.757 -0.570 -0.405 0.370 0.497 -0.600 -0.640 -0.298 -0.352 -0.743 0.584
-0.568 0.850 0.639 -0.649 -0.941 0.430 -0.600 0.519 -0.901 0.662 0.271 -0.245 -0.797 -0.058 -0.441 0.983 0.371 -0.028 -0.220 -0.276 0.448 0.294 -0.869 0.873
-0.250 -0.572 -0.457 -0.968 -0.140 -0.240 0.976 0.157 -0.711 -0.852 -0.867 0.911 -0.739 0.730 -0.117 0.280 -0.481 0.006 0.419 -0.603 0.917 -0.128 -0.476 -0.244
0.543 -0.183 -0.398 0.285 -0.109 -0.889 -0.597 0.477 -0.786 -0.217 0.140 0.221 0.738 0.150 0.814 0.712 -0.066 0.481 0.270 -0.542 -0.513 0.955 0.651 -0.875
0.763 0.287 -0.024 0.712 0.299 -0.684 0.819 -0.566 -0.167 0.147 -0.202 -0.310 0.455 0.047 0.031 -0.352 -0.996 0.937 0.005 0.202 -0.228 0.539 0.365 0.995
-0.770 0.125 -0.941 0.112 0.049 0.950 0.164 -0.431 -0.139 0.423 0.303 -0.715 -0.835 -0.869 -0.069 0.996 -0.783 0.558 0.366 0.397 0.778 -0.810 -0.854 0.428
-0.587 0.321 -0.019 0.310 0.547 -0.084 0.334 0.906 -0.905 -0.838 0.017 -0.814 -0.572 0.516 -0.963 0.426 -0.951 -0.163 0.959 0.300 0.265 -0.317 -0.409 -0.641
-0.621 0.578 0.434 -0.668 -0.390 0.456 -0.459 0.719 -0.501 0.050 0.452 -0.814 0.029 0.122 -0.951 -0.959 0.517 0.759 -0.859 -0.296 -0.835 -0.784 -0.538 0.457
0.089 -0.214 -0.529 -0.043 0.354 0.074 0.501 -0.654 0.799 0.595 0.635 -0.057 -0.820 -0.099 0.974 0.178 0.447 -0.416 -0.232 -0.837 0.968 0.790 0.057 -0.031
0.552 -0.758 -0.354 -0.811 0.058 -0.454 0.102 -0.676 -0.673 -0.692 -0.133 0.512 -0.400 0.971 0.045 0.668 0.968 0.834 0.565 0.399 -0.656 0.519 0.360 0.266
0.097 -0.838 0.360 0.272 -0.233 0.392 -0.841 0.589 0.599 -0.360 -0.333 -0.290 -0.763 -0.695 0.463 0.757 -0.573 -0.238 0.947 -0.656 0.943 0.366 -0.365 0.176
0.335 -0.603 0.669 -0.915 -0.519 0.992 -0.930 0.810 -0.862 -0.514 -0.777 0.601 0.874 -0.495 0.318 -0.488 0.083 -0.571 -0.252 -0.583 0.662 0.061 -0.412 -0.344
-0.800 0.704 0.801 -0.065 0.917 0.736 -0.587 0.410 0.082 0.617 0.291 -0.345 -0.916 -0.770 0.202 0.694 -0.482 0.385 -0.113 0.396 0.993 0.343 -0.868 0.458
0.934 0.242 0.379 0.992 -0.457 0.798 -0.029 0.759 -0.618 -0.154 0.928 -0.521 0.703 0.330 0.218 -0.461 0.176 -0.105 0.753 -0.964 -0.419 -0.274 0.820 -0.190
0.768 -0.901 0.563 0.643 -0.728 -0.594 -0.572 0.786 0.484 0.102 -0.380 -0.713 -0.015 -0.696 0.236 0.912 0.044 0.757 -0.852 0.392 0.754 0.844 -0.993 0.560
0.409 0.602 0.412 -0.888 0.542 -0.116 0.458 0.854 -0.511 -0.172 -0.874 0.483 -0.311 0.148 -0.223 -0.266 0.662 -0.446 -0.582 -0.140 -0.032 0.269 0.716 -0.016
-0.940 0.699 -0.007 -0.949 -0.094 -0.823 0.751 -0.522 -0.377 0.204 -0.440 -0.116 0.787 -0.884 0.928 0.385 0.932 0.525 0.252 -0.107 0.629 0.086 0.336 0.055
0.705 -0.038 0.116 -0.373 0.063 0.061 -0.618 -0.906 -0.936 0.334 0.145 -0.254 -0.317 0.937 -0.667 0.276 -0.937 0.432 -0.639 -0.785 -0.760 -0.959 0.026 -0.155
0.094 0.610 0.209 0.868 -0.951 -0.848 -0.039 0.356 -0.464 0.497 -0.767 0.233 -0.410 0.043 0.203 -0.528 -0.302 0.421 0.035 -0.747 -0.984 0.244 0.761 0.520
-0.854 -0.818 -0.034 -0.175 0.309 0.752 -0.136 -0.921 0.899 0.232 0.946 0.265 -0.919 -0.429 0.031 0.215 -0.089 0.954 -0.770 -0.500 -0.173 0.859 -0.597 0.751
0.103 0.903 -0.768 0.336 0.993 0.079 -0.239 -0.164 0.282 -0.494 0.910 -0.433 -0.806 -0.908 -0.718 0.433 -0.194 -0.698 0.517 -0.389 -0.983 -0.943 -0.976 -0.737
0.876 -0.119 -0.750 -0.427 -0.329 0.520 0.805 -0.187 0.853 -0.392 -0.907 -0.639 -0.004 -0.559 0.799 0.033 -0.259 0.813 -0.240 0.693 0.285 -0.055 0.953 0.775
-0.803 0.217 -1.000 -0.904 -0.053 0.016 -0.071 0.652 0.847 -0.923 0.719 -0.136 0.177 0.901 0.052 0.853 0.350 -0.023 0.290 0.620 0.391 -0.838 -0.651 0.284
0.566 0.770 0.196 0.968 -0.164 0.365 -0.226 0.519 0.574 -0.316 0.187 -0.421 0.537 -0.627 -0.366 -0.016 0.768 0.617 -0.835 -0.940 0.977 0.800 -0.273 0.634
-0.812 0.574 0.388 -0.617 0.911 0.683 0.271 -0.139 -0.903 0.671 0.367 0.001 -0.113 -0.463 -0.520 -0.013 0.250 -0.915 0.641 -0.928 -0.770 0.313 -0.892 0.473
0.195 -0.439 -0.529 0.983 -0.575 0.418 0.424 -0.389 -0.552 0.033 -0.038 0.746 -0.437 -0.758 0.813 -0.104 0.580 0.438 0.932 -0.841 0.500 -0.082 -0.836 0.692
-0.801 0.260 -0.634 0.197 0.082 -0.001 0.821 0.755 0.894 0.780 -0.881 0.570 -0.148 -0.182 -0.601 0.388 0.741 0.460 0.381 0.451 -0.166 0.787 0.889 -0.750
-0.824 -0.933 0.781 0.121 0.021 -0.207 0.547 -0.104 -0.351 -0.971 0.945 0.958 0.073 -0.868 -0.339 0.382 -0.736 -0.626 0.893 0.440 -0.416 0.919 0.376 -0.565
0.995 -0.027 0.594 -0.651 0.369 -0.585 -0.190 -0.735 0.986 -0.027 0.057 -0.507 -0.253 0.403 -0.617 -0.252 0.575 0.779 0.042 -0.336 0.387 -0.721 0.835 -0.074
-0.540 0.799 0.039 -0.893 -0.989 0.315 -0.443 -0.071 0.302 0.295 0.352 0.120 -0.906 0.453 -0.129 -0.033 0.669 0.135 -0.644 0.056 0.540 -0.356 0.986 -0.101
0.342 0.727 -0.492 0.364 0.233 0.870 -0.949 0.146 0.334 0.530 0.877 -0.331 -0.997 -0.025 0.766 -0.373 -0.505 0.532 -0.290 -0.447 -0.282 -0.235 0.653 0.761
0.594 -0.494 -0.434 0.458 0.098 -0.782 0.223 -0.590 -0.435 0.554 0.854 0.997 -0.738 -0.658 0.835 0.621 0.778 0.167 0.205 -0.451 -0.345 0.174 0.002 -0.345
0.597 0.877 -0.404 0.591 0.370 -0.272 -0.602 0.480 0.029 -0.306 0.040 0.415 -0.414 -0.007 -0.981 -0.244 -0.825 -0.930 -0.552 -0.286 0.989 -0.267 0.652 -0.262
0.299 0.470 0.206 -0.870 0.230 -0.399 0.132 -0.680 -0.980 -0.251 -0.479 -0.169 -0.929 0.636 -0.043 0.904 -0.494 -0.322 -0.690 0.763 0.900 0.599 0.171 0.776
0.538 0.917 0.497 0.420 -0.363 -0.772 -0.306 0.330 -0.682 0.374 0.799 0.414 0.831 0.715 0.246 -0.598 0.335 -0.201 -0.489 -0.887 -0.327 0.967 -0.097 -0.565
0.981 0.837 0.830 -0.983 -0.855 -0.988 -0.263 -0.385 0.929 -0.756 -0.972 -0.608 -0.147 -0.670 -0.873 -0.970 -0.157 0.383 0.434 -0.476 0.295 0.251 -0.913 -0.491
-0.415 -0.328 0.197 0.711 0.186 0.899 0.896 -0.155 -0.724 -0.487 -0.472 -0.221 0.400 -0.340 -0.804 -0.379 -0.146 0.521 -0.385 0.997 0.591 -0.497 -0.942 -0.096
0.295 -0.718 0.822 0.704 0.361 -0.775 0.128 -0.411 0.175 0.905 -0.882 0.471 -0.243 -0.028 -0.079 -0.559 0.967 -0.530 -0.804 0.433 0.396 -0.160 -0.846 -0.273
0.636 0.014 -0.547 0.572 -0.825 -0.725 0.078 0.126 0.522 0.633 -0.686 0.698 0.160 -0.776 0.640 -0.814 -0.184 0.496 0.191 -0.724 -0.177 0.786 -0.330 0.577
-0.930 0.343 0.826 0.085 0.591 -0.679 -0.438 -0.749 0.896 0.824 0.522 -0.695 0.957 0.334 0.009 0.796 0.588 0.958 0.006 0.597 0.792 -0.800 -0.873 -0.515
0.332 0.947 -0.396 -0.778 0.122 0.913 -0.862 0.221 -0.781 -0.280 0.999 -0.205 0.878 -0.595 0.441 0.291 0.909 -0.906 -0.481 -0.487 -0.938 0.240 0.465 -0.341
0.296 -0.900 0.009 0.878 0.882 0.365 -0.480 -0.094 0.815 0.669 0.141 0.195 -0.211 -0.263 -0.297 -0.530 -0.246 0.354 0.085 0.831 0.504 -0.275 0.433 0.617
-0.916 -0.427 0.514 0.524 -0.741 -0.400 -0.998 -0.464 0.257 0.950 -0.437 -0.793 0.942 0.116 -0.854 -0.620 0.437 -0.334 -0.144 -0.149 -0.215 0.668 0.218 -0.105
0.944 -0.748 -0.757 0.981 -0.274 -0.272 -0.424 -0.778 -0.749 0.263 -0.631 -0.733 0.979 0.594 0.066 0.082 -0.444 0.119 0.599 0.219 0.912 -0.386 -0.840 -0.419
-0.023 0.952 0.153 0.198 0.602 0.106 -0.529 0.537 0.456 -0.495 0.464 -0.319 0.845 -0.768 -0.951 -0.976 -0.397 -0.478 0.544 0.859 -0.989 0.930 0.517 0.387
-0.904 0.763 -0.948 -0.777 -0.628 0.649 0.989 0.837 -0.528 -0.528 -0.453 -0.059 0.537 0.638 0.124 -0.975 0.958 -0.235 -0.691 0.814 0.435 -0.603 0.690 -0.706
-0.181 -0.004 -0.660 -0.285 -0.575 -0.847 0.176 0.540 0.730 0.599 0.432 0.274 0.266 0.724 -0.982 0.184 -0.256 0.450 -0.166 -0.231 -0.494 -0.684 0.597 -0.442
0.850 0.892 0.239 0.216 -0.331 -0.691 0.683 0.098 0.351 0.205 0.568 0.342 -0.897 0.632 -0.195 0.362 -0.310 0.426 0.882 0.385 0.322 -0.318 -0.498 0.599
0.973 0.365 -0.568 -0.750 -0.801 0.675 0.171 -0.816 -0.742 -0.998 -0.921 -0.967 0.940 0.311 0.746 -0.464 0.296 -0.803 -0.006 -0.270 0.655 0.035 0.658 -0.408
-0.729 -0.361 -0.381 -0.703 0.190 0.844 0.013 -0.523 0.983 -0.755 -0.433 -0.618 -0.908 -0.353 -0.804 -0.317 -0.307 0.399 -0.211 -0.917 -0.760 0.982 0.711 0.443
-0.638 0.688 -0.145 -0.233 -0.212 0.519 0.560 -0.733 -0.351 -0.043 -0.574 0.539 -0.964 0.931 -0.936 -0.954 -0.245 -0.969 -0.877 0.747 -0.292 -0.545 0.937 -0.558
-0.858 -0.415 0.195 -0.336 0.544 0.149 0.209 0.095 -0.511 -0.300 0.281 0.503 -0.556 -0.660 0.223 -0.241 0.393 -0.833 0.111 0.775 0.449 0.445 0.130 0.597
-0.598 -0.145 -0.914 -0.750 -0.147 0.613 -0.571 -0.620 -0.313 0.753 -0.689 -0.269 -0.357 -0.234 0.999 -0.773 -0.316 0.127 -0.705 0.780 -0.453 0.927 0.110 0.711
0.476 -0.257 -0.311 0.268 -0.276 -0.077 0.873 0.425 0.291 -0.214 0.346 -0.411 -0.456 -0.131 0.605 0.084 -0.892 -0.170 0.536 0.659 -0.070 -0.175 0.671 -0.525
-0.816 -0.771 0.573 0.534 -0.250 -0.073 -0.790 -0.248 -0.045 0.965 0.113 -0.569 -0.544 0.528 -0.419 -0.962 0.150 0.926 0.161 0.810 -0.943 0.124 0.250 0.498
0.317 -0.963 0.658 0.274 -0.142 -0.010 -0.999 -0.210 -0.225 0.708 -0.952 0.113 0.002 0.935 -0.769 -0.947 0.132 -0.943 0.941 -0.775 -0.487 -0.888 0.796 -0.014
-0.013 -0.243 -0.365 0.144 -0.403 0.566 0.423 -0.471 -0.453 -0.288 -0.536 0.349 0.261 -0.192 -0.909 0.608 0.198 -0.092 0.616 0.171 -0.163 0.210 0.199 0.344
-0.440 -0.726 0.807 -0.789 0.197 0.893 0.392 -0.043 0.877 -0.676 0.277 0.035 0.384 0.352 -0.077 -0.811 0.580 0.528 -0.188 -0.468 0.711 -0.524 0.440 -0.615
-0.398 -0.584 0.782 0.644 -0.123 -0.426 -0.333 -0.157 -0.052 -0.408 -0.875 0.357 -0.599 0.442 0.527 -0.637 -0.642 -0.971 0.311 0.850 -0.429 -0.323 0.813 0.115
0.652 -0.291 0.019 0.490 -0.752 -0.214 -0.238 0.772 -0.290 0.176 -0.099 -0.263 -0.073 0.049 -0.293 0.042 0.773 0.780 -0.737 0.688 -0.624 0.940 -0.766 -0.715
-0.270 -0.440 -0.147 -0.264 -0.673 -0.337 -0.269 0.901 0.948 -0.144 -0.270 0.537 -0.092 -0.166 -0.545 0.012 0.130 -0.055 -0.053 -0.909 -0.757 0.563 -0.032 -0.558
0.787 -0.522 -0.665 0.712 0.963 0.209 0.010 -0.154 -0.872 0.085 -0.745 0.900 -0.905 0.557 -0.015 0.776 -0.834 -0.689 -0.865 0.930 0.537 0.018 -0.472 -0.848
-0.425 0.098 -0.504 -0.484 -0.366 0.886 0.906 0.180 0.703 0.413 0.323 -0.864 0.897 -0.837 -0.867 0.209 0.729 0.555 -0.491 -0.369 -0.538 0.151 0.672 0.031
0.297 -0.163 0.841 0.776 -0.349 0.584 -0.466 0.133 -0.769 -0.199 -0.336 -0.345 -0.701 0.026 0.803 0.151 -0.353 0.217 0.555 -0.599 0.805 -0.754 -0.503 -0.778
0.012 0.815 0.235 0.950 -0.467 0.421 0.635 -0.646 -0.643 -0.012 0.615 0.370 0.499 0.644 0.269 -0.211 0.062 0.098 0.738 0.383 -0.774 -0.132 0.221 0.533
-0.747 0.625 -0.928 0.808 -0.388 -0.422 -0.812 -0.975 -0.722 -0.319 0.270 -0.221 0.235 0.392 -0.298 -0.051 0.669 0.479 -0.511 0.134 0.787 -0.962 -0.936 0.644
0.550 -0.442 0.071 -0.344 -0.536 -0.784 0.800 -0.161 -0.319 -0.045 -0.982 -0.516 0.421 0.893 0.715 -0.285 0.177 -0.656 0.106 -0.421 0.600 0.978 -0.313 -0.371
-0.103 -0.618 0.186 0.207 -0.606 -0.270 -0.940 0.015 0.240 0.731 -0.916 -0.995 -0.434 -0.531 -0.841 0.951 0.640 -0.144 -0.212 -0.550 0.015 -0.657 -0.479 -0.603
0.410 0.142 -0.010 0.117 0.400 0.840 -0.794 -0.399 -0.372 0.390 0.468 -0.460 -0.779 0.640 0.568 -0.900 -0.862 0.289 0.581 -0.188 0.076 0.455 0.261 0.302
0.844 -0.580 -0.867 0.913 0.341 -0.270 -0.368 -0.480 0.906 0.488 0.754 0.370 -0.099 -0.646 -0.270 -0.965 0.107 0.259 -0.199 -0.246 0.037 0.022 -0.115 -0.848
0.710 0.285 0.845 0.096 -0.624 -0.875 -0.510 -0.219 -0.807 -0.673 0.909 -0.838 0.683 0.392 0.017 -0.316 0.159 0.829 0.668 0.137 -0.175 -0.893 -0.537 -0.155
-0.660 0.079 0.372 -0.942 0.755 -0.402 0.700 -0.028 0.696 -0.323 -0.513 0.263 -0.397 -0.973 0.052 -0.016 -0.401 -0.476 -0.522 -0.380 -0.994 0.761 0.721 -0.563
-0.615 0.883 0.308 -0.580 0.481 -0.855 -0.390 -0.308 0.312 -0.837 -0.533 0.325 0.550 0.864 -0.380 -0.907 -0.664 -0.252 -0.721 -0.214 -0.426 0.964 0.448 -0.478
-0.562 -0.724 -0.334 -0.696 -0.047 -0.789 0.268 0.272 -0.026 -0.079 -0.632 -0.792 -0.373 -0.394 0.387 0.951 -0.524 -0.749 0.914 0.760 0.736 0.472 -0.952 0.730
0.642 -0.688 -0.999 0.593 0.125 0.410 -0.237 0.795 -0.259 0.664 -0.231 -0.855 -0.003 -0.708 0.336 0.554 -0.766 -0.001 0.206 -0.659 0.216 0.858 0.658 -0.242
-0.041 -0.416 0.225 0.570 -0.633 -0.316 0.662 -0.800 -0.305 -0.660 -0.252 0.119 0.987 -0.630 0.596 -0.515 0.184 -0.104 -0.378 0.312 0.689 0.001 0.914 -0.683
