237 0.3431779 0
103 0.3131905 0
307 0.3019977 0
59 0.3090131 0
108 0.2888432 0
110 0.2135595 0
249 0.3896754 0
306 0.391308 0
302 0.3283325 0
111 0.3520637 0
24 0.3023126 0
45 0.348468 0
332 0.3021623 0
315 0.3136965 0
97 0.3499756 0
292 0.2259073 0
171 0.3903426 0
112 0.3139936 0
96 0.342196 0
50 0.3875663 0
278 0.2094312 0
358 0.2168505 0
315 0.3031288 0
288 0.3160288 0
322 0.2239701 0
322 0.2943805 0
107 0.3943048 0
299 0.3476833 0
203 0.2844105 0
221 0.3235938 0
257 0.3257829 0
268 0.3793541 0
60 0.3498686 0
128 0.2607169 0
356 0.3267921 0
245 0.2643636 0
28 0.3858596 0
316 0.2475962 0
147 0.31923 0
113 0.2088242 0
91 0.3020611 0
56 0.3646422 0
344 0.2994741 0
170 0.2450095 0
164 0.3084309 0
309 0.2450343 0
256 0.3945909 0
330 0.3829113 0
300 0.2326458 0
357 0.3169985 0
