Generation: 168 Score: 1410.822
0.115 0.884 0.882 0.89 0.493 0.22 0.304 0.906 0.528 10.48219
0.714 0.625 0.439 0.348 0.637 0.719 0.507 0.646 0.361 0
0.494 0.533 0.744 0.467 0.41 0.349 0.788 0.702 0.455 12.48219
0.856 0.739 0.445 0.114 0.935 0.162 0.957 0.102 0.124 0
0.388 0.477 0.856 0.465 0.346 0.187 0.991 0.858 0.438 0
0.641 0.584 0.467 0.374 0.537 0.428 0.559 0.623 0.344 10.48219
0.345 0.563 0.613 0.486 0.405 0.132 0.005 0.468 0.557 0
0.608 0.748 0.232 0.708 0.504 0.486 0.58 0.754 0.393 0
0.835 0.499 0.363 0.48 0.577 0.512 0.555 0.529 0.454 0
0.832 0.901 0.321 0.073 0.002 0.532 0.354 0.175 0.795 0
0.394 0.247 0.505 0.367 0.346 0.458 0.838 0.754 0.121 10.48219
0.646 0.534 0.655 0.502 0.484 0.522 0.384 0.522 0.445 10.48219
0.685 0.609 0.246 0.588 0.533 0.524 0.538 0.552 0.534 100
0.757 0.565 0.475 0.62 0.495 0.514 0.572 0.808 0.397 0
0.34 0.674 0.548 0.336 0.521 0.548 0.744 0.76 0.371 0
0.527 0.649 0.494 0.342 0.579 0.633 0.625 0.703 0.366 20.53203
0.362 0.688 0.39 0.293 0.741 0.717 0.45 0.652 0.42 0
0.567 0.457 0.473 0.65 0.497 0.569 0.683 0.763 0.485 12.48219
0.345 0.645 0.341 0.289 0.4 0.075 0.143 0.07 0.987 0
0.059 0.981 0.354 0.075 0.102 0.273 0.586 0.007 0.157 10.48219
0.946 0.699 0.161 0.86 0.917 0.414 0.504 0.268 0.365 0
0.423 0.706 0.619 0.53 0.442 0.349 0.527 0.386 0.275 0
0.755 0.926 0.747 0.071 0.295 0.855 0.846 0.772 0.495 0
0.869 0.442 0.625 0.722 0.331 0.197 0.782 0.223 0.301 0
0.706 0.48 0.513 0.572 0.534 0.383 0.51 0.695 0.397 0
0.996 0.753 0.821 0.65 0.111 0.002 0.469 0.199 0.149 0
0.282 0.702 0.702 0.865 0.461 0.518 0.806 0.243 0.527 14.48219
0.637 0.841 0.631 0.968 0.52 0.321 0.234 0.71 0.576 12.48219
0.809 0.517 0.926 0.895 0.544 0.135 0.616 0.766 0.108 0
0.607 0.505 0.539 0.547 0.522 0.471 0.598 0.764 0.518 0
0.376 0.357 0.506 0.462 0.321 0.231 0.235 0.398 0.464 0
0.691 0.444 0.53 0.495 0.542 0.325 0.615 0.691 0.512 0
0.496 0.645 0.311 0.425 0.539 0.734 0.541 0.713 0.408 0
0.637 0.654 0.559 0.474 0.639 0.606 0.501 0.671 0.391 10.48219
0.769 0.815 0.245 0.299 0.378 0.363 0.157 0.133 0.045 0
0.654 0.442 0.598 0.645 0.514 0.386 0.605 0.755 0.443 14.48219
0.714 0.625 0.439 0.348 0.637 0.719 0.507 0.646 0.361 0
0.739 0.632 0.326 0.595 0.299 0.55 0.591 0.726 0.498 100
0.708 0.542 0.339 0.552 0.372 0.632 0.607 0.551 0.57 10.48219
0.078 0.598 0.994 0.761 0.505 0.335 0.897 0.639 0.504 10.63751
0.234 0.428 0.182 0.753 0.663 0.578 0.956 0.369 0.3 0
0.193 0.861 0.448 0.96 0.195 0.381 0.659 0.844 0.5 0
0.468 0.522 0.529 0.506 0.512 0.279 0.304 0.581 0.468 0
0.529 0.594 0.526 0.417 0.521 0.425 0.256 0.557 0.459 12.04155
0.712 0.628 0.421 0.472 0.446 0.374 0.381 0.444 0.244 16.48219
0.384 0.42 0.395 0.365 0.489 0.523 0.458 0.49 0.395 0
0.691 0.626 0.441 0.481 0.556 0.587 0.504 0.698 0.394 18.48219
0.714 0.625 0.439 0.348 0.637 0.719 0.507 0.646 0.361 0
0.668 0.627 0.443 0.615 0.475 0.454 0.5 0.75 0.428 0
0.385 0.541 0.391 0.143 0.575 0.982 0.503 0.671 0.423 0
0.021 0.787 0.832 0.384 0.284 0.306 0.959 0.159 0.081 16.48219
0.342 0.093 0.529 0.372 0.069 0.846 0.896 0.622 0.037 0
0.807 0.476 0.441 0.817 0.009 0.433 0.045 0.317 0.318 0
0.96 0.571 0.937 0.257 0.165 0.793 0.017 0.261 0.532 0
0.007 0.715 0.652 0.356 0.726 0.345 0.522 0.485 0.719 0
0.112 0.771 0.297 0.164 0.321 0.456 0.903 0.367 0.502 0
0.31 0.057 0.375 0.445 0.352 0.181 0.017 0.935 0.624 0
0.131 0.031 0.772 0.843 0.236 0.452 0.647 0.453 0.382 0
0.743 0.401 0.624 0.431 0.408 0.226 0.759 0.442 0.765 0
0.025 0.26 0.031 0.526 0.142 0.349 0.223 0.604 0.41 14.48219
0.264 0.1 0.771 0.329 0.332 0.003 0.975 0.522 0.611 14.48219
0.156 0.177 0.735 0.515 0.209 0.514 0.727 0.114 0.291 0
0.796 0.415 0.403 0.573 0.563 0.422 0.876 0.155 0.029 0
0.326 0.84 0.238 0.732 0.231 0.319 0.862 0.037 0.557 0
0.231 0.299 0.586 0.826 0.451 0.078 0.181 0.377 0.762 0
0.33 0.267 0.127 0.658 0.598 0.152 0.238 0.402 0.755 0
0.655 0.486 0.147 0.807 0.455 0.162 0.134 0.027 0.577 0
0.825 0.323 0.732 0.645 0.969 0.354 0.602 0.209 0.838 10.48219
0.084 0.737 0.074 0.54 0.18 0.497 0.311 0.345 0.478 0
0.708 0.456 0.445 0.474 0.81 0.426 0.132 0.407 0.134 0
0.879 0.664 0.789 0.518 0.356 0.066 0.517 0.908 0.458 0
0.177 0.129 0.48 0.717 0.179 0.421 0.971 0.005 0.679 0
0.21 0.055 0.57 0.09 0.567 0.382 0.662 0.123 0.573 0
0.746 0.768 0.047 0.472 0.126 0.643 0.9 0.15 0.305 14.48219
0.322 0.897 0.933 0.453 0.443 0.848 0.205 0.744 0.774 0
0.777 0.575 0.827 0.44 0.427 0.813 0.876 0.531 0.09 0
0.008 0.66 0.128 0.279 0.996 0.422 0.909 0.551 0.867 18.48219
0.455 0.479 0.113 0.848 0.062 0.946 0.687 0.277 0.773 18.48219
0.711 0.131 0.165 0.869 0.727 0.431 0.483 0.545 0.357 10.48219
0.075 0.791 0.418 0.582 0.06 0.535 0.597 0.511 0.012 0
0.529 0.287 0.234 0.332 0.608 0.767 0.326 0.088 0.404 0
0.839 0.216 0.542 0.366 0.443 0.721 0.271 0.142 0.013 0
0.346 0.995 0.489 0.947 0.467 0.214 0.528 0.523 0.033 28.64346
0.742 0.583 0.313 0.539 0.421 0.3 0.634 0.797 0.395 0
0.985 0.538 0.042 0.622 0.423 0.494 0.4 0.097 0.54 0
0.09 0.325 0.785 0.668 0.667 0.976 0.783 0.775 0.363 18.48219
0.879 0.21 0.687 0.619 0.368 0.205 0.437 0.646 0.574 0
0.657 0.624 0.065 0.489 0.776 0.778 0.961 0.357 0.115 0
0.884 0.93 0.343 0.013 0.919 0.508 0.399 0.272 0.816 26.7941
0.767 0.685 0.999 0.358 0.812 0.66 0.847 0.962 0.842 0
0.209 0.291 0.502 0.557 0.972 0.439 0.923 0.824 0.902 0
0.798 0.183 0.96 0.889 0.338 0.671 0.495 0.711 0.894 0
0.901 0.388 0.017 0.307 0.819 0.224 0.098 0.747 0.985 16.48219
0.097 0.72 0.954 0.078 0.868 0.861 0.784 0.811 0.879 27.94798
0.158 0.375 0.729 0.903 0.227 0.341 0.722 0.207 0.978 0
0.218 0.142 0.843 0.541 0.104 0.985 0.009 0.579 0.492 0
0.052 0.448 0.373 0.809 0.515 0.928 0.69 0.654 0.371 0
0.72 0.064 0.158 0.906 0.99 0.65 0.645 0.253 0.521 0
0.205 0.402 0.475 0.445 0.304 0.918 0.532 0.717 0.348 0
0.003 0.68 0.153 0.116 0.675 0.856 0.053 0.195 0.038 0
0.751 0.8 0.883 0.216 0.544 0.841 0.717 0.293 0.828 0
0.246 0.734 0.271 0.863 0.947 0.657 0.892 0.796 0.507 0
0.181 0.618 0.965 0.365 0.996 0.979 0.801 0.723 0.815 10.48219
0.77 0.189 0.331 0.451 0.164 0.031 0.731 0.857 0.853 0
0.728 0.347 0.608 0.997 0.56 0.655 0.307 0.026 0.688 0
0.036 0.49 0.875 0.939 0.928 0.371 0.742 0.92 0.904 0
0.741 0.592 0.509 0.637 0.664 0.952 0.875 0.476 0.139 14.48219
0.858 0.817 0.125 0.902 0.422 0.511 0.699 0.059 0.023 0
0.566 0.89 0.267 0.632 0.572 0.452 0.658 0.219 0.57 27.68606
0.802 0.997 0.535 0.76 0.768 0.167 0.4 0.835 0.683 27.05913
0.863 0.076 0.429 0.061 0.347 0.463 0.182 0.981 0.009 12.48219
0.561 0.983 0.58 0.786 0.082 0.81 0.081 0.455 0.667 0
0.654 0.48 0.6 0.556 0.127 0.927 0.865 0.904 0.596 20.20725
0.27 0.255 0.655 0.199 0.196 0.96 0.617 0.277 0.568 0
0.598 0.383 0.401 0.641 0.155 0.945 0.705 0.951 0.37 11.34908
0.236 0.893 0.828 0.266 0.471 0.862 0.978 0.341 0.789 0
0.993 0.056 0.264 0.15 0.897 0.114 0.135 0.07 0.577 0
0.813 0.929 0.837 0.362 0.532 0.686 0.979 0.923 0.546 18.48219
0.303 0.693 0.209 0.985 0.157 0.003 0.629 0.498 0.503 0
0.488 0.42 0.459 0.269 0.908 0.624 0.221 0.68 0.939 18.48219
0.102 0.541 0.397 0.785 0.399 0.813 0.03 0.132 0.039 0
0.092 0.383 0.254 0.629 0.239 0.618 0.187 0.587 0.953 0
0.827 0.168 0.491 0.15 0.333 0.116 0.677 0.457 0.974 0
0.898 0.87 0.456 0.368 0.717 0.031 0.554 0.981 0.399 0
0.675 0.385 0.646 0.198 0.64 0.916 0.584 0.406 0.841 0
0.554 0.436 0.472 0.357 0.491 0.589 0.672 0.7 0.241 0
0.414 0.754 0.66 0.619 0.565 0.469 0.405 0.776 0.445 0
0.506 0.599 0.569 0.715 0.42 0.276 0.234 0.554 0.52 0
0.444 0.39 0.625 0.417 0.378 0.403 0.813 0.728 0.288 0
0.789 0.666 0.586 0.597 0.461 0.249 0.387 0.45 0.076 0
0.414 0.754 0.66 0.619 0.565 0.469 0.405 0.776 0.445 14.48219
0.753 0.641 0.628 0.845 0.425 0.259 0.508 0.466 0.439 18.48219
0.542 0.436 0.473 0.424 0.451 0.522 0.671 0.726 0.258 0
0.726 0.629 0.383 0.471 0.468 0.635 0.549 0.686 0.429 16.48219
0.665 0.572 0.451 0.545 0.508 0.523 0.461 0.537 0.49 0
0.785 0.682 0.442 0.231 0.786 0.441 0.732 0.374 0.242 0
0.548 0.619 0.512 0.478 0.508 0.531 0.658 0.784 0.384 0
0.485 0.811 0.663 0.502 0.714 0.191 0.63 0.504 0.326 20.64213
0.602 0.649 0.552 0.809 0.508 0.445 0.459 0.736 0.53 0
0.527 0.649 0.494 0.342 0.579 0.633 0.625 0.703 0.366 20.53203
0.489 0.664 0.554 0.405 0.58 0.577 0.623 0.716 0.381 0
0.362 0.566 0.825 0.631 0.494 0.428 0.641 0.581 0.475 14.48219
0.23 0.724 0.748 0.688 0.449 0.176 0.154 0.687 0.542 10.48219
0.777 0.525 0.435 0.655 0.432 0.361 0.66 0.388 0.417 0
0.305 0.764 0.597 0.657 0.516 0.477 0.422 0.809 0.468 0
0.492 0.663 0.754 0.806 0.412 0.209 0.543 0.565 0.414 10.42578
0.702 0.534 0.485 0.421 0.59 0.522 0.561 0.668 0.436 0
0.236 0.422 0.75 0.564 0.425 0.397 0.867 0.697 0.312 0
0.723 0.586 0.743 0.684 0.592 0.37 0.558 0.719 0.249 0
0.23 0.764 0.612 0.59 0.447 0.147 0.223 0.488 0.758 12.48219
0.83 0.662 0.3 0.604 0.777 0.567 0.506 0.457 0.363 19.43236
0.53 0.495 0.609 0.558 0.454 0.459 0.736 0.732 0.47 0
0.645 0.672 0.251 0.575 0.659 0.244 0.324 0.169 0.676 0
0.545 0.491 0.473 0.405 0.479 0.475 0.371 0.522 0.412 0
0.378 0.734 0.674 0.632 0.515 0.324 0.431 0.764 0.436 0
0.629 0.46 0.74 0.594 0.339 0.192 0.887 0.54 0.369 0
0.481 0.528 0.637 0.487 0.461 0.314 0.546 0.641 0.462 0
0.255 0.566 0.694 0.629 0.419 0.339 0.571 0.83 0.325 0
0.269 0.795 0.75 0.71 0.468 0.284 0.415 0.646 0.402 0
0.857 0.757 0.203 0.58 0.647 0.388 0.331 0.201 0.205 0
0.489 0.664 0.554 0.405 0.58 0.577 0.623 0.716 0.381 0
0.493 0.615 0.404 0.332 0.469 0.252 0.351 0.347 0.665 0
0.227 0.614 0.429 0.221 0.224 0.366 0.712 0.381 0.139 0
0.485 0.811 0.663 0.502 0.714 0.191 0.63 0.504 0.326 0
0.819 0.668 0.644 0.512 0.324 0.215 0.514 0.411 0.246 22.09133
0.785 0.682 0.442 0.231 0.786 0.441 0.732 0.374 0.242 0
0.552 0.697 0.272 0.567 0.522 0.61 0.56 0.734 0.4 18.48219
0.474 0.711 0.39 0.522 0.512 0.517 0.662 0.757 0.382 0
0.785 0.682 0.442 0.231 0.786 0.441 0.732 0.374 0.242 10.48219
0.696 0.883 0.689 0.519 0.407 0.588 0.54 0.741 0.535 0
0.492 0.663 0.754 0.806 0.412 0.209 0.543 0.565 0.414 0
0.774 0.562 0.401 0.414 0.607 0.615 0.531 0.588 0.407 0
0.77 0.722 0.33 0.312 0.187 0.582 0.48 0.363 0.682 100
0.238 0.786 0.636 0.592 0.617 0.468 0.377 0.779 0.474 0
0.797 0.685 0.386 0.354 0.617 0.356 0.774 0.414 0.311 19.03059
0.537 0.432 0.463 0.43 0.516 0.424 0.536 0.591 0.454 0
0.417 0.604 0.646 0.402 0.466 0.449 0.766 0.731 0.413 0
0.622 0.608 0.65 0.29 0.641 0.174 0.974 0.48 0.281 0
0.742 0.72 0.342 0.324 0.508 0.541 0.332 0.39 0.203 0
0.454 0.743 0.444 0.654 0.416 0.55 0.583 0.745 0.43 0
0.68 0.58 0.547 0.425 0.56 0.621 0.446 0.584 0.403 0
0.359 0.591 0.731 0.568 0.521 0.382 0.728 0.631 0.424 14.48219
0.557 0.801 0.511 0.469 0.232 0.525 0.58 0.209 0.661 0
0.404 0.675 0.598 0.604 0.52 0.576 0.716 0.473 0.447 0
0.386 0.803 0.396 0.211 0.369 0.496 0.546 0.327 0.259 0
0.358 0.516 0.527 0.399 0.421 0.39 0.489 0.579 0.417 0
0.228 0.779 0.715 0.613 0.507 0.384 0.524 0.833 0.45 0
0.228 0.779 0.715 0.613 0.507 0.384 0.524 0.833 0.45 16.48219
0.639 0.722 0.532 0.322 0.689 0.256 0.742 0.244 0.2 0
0.414 0.754 0.66 0.619 0.565 0.469 0.405 0.776 0.445 0
0.851 0.671 0.473 0.397 0.167 0.365 0.568 0.199 0.548 0
0.62 0.58 0.42 0.239 0.712 0.343 0.708 0.296 0.26 0
0.581 0.669 0.473 0.562 0.37 0.45 0.559 0.556 0.387 0
0.565 0.593 0.566 0.551 0.488 0.366 0.518 0.54 0.336 100
0.41 0.682 0.698 0.731 0.514 0.301 0.407 0.8 0.463 0
0.791 0.533 0.532 0.535 0.484 0.458 0.645 0.434 0.331 18.48219
0.726 0.629 0.383 0.471 0.468 0.635 0.549 0.686 0.429 0
0.662 0.511 0.474 0.635 0.496 0.541 0.627 0.786 0.441 18.48219
0.64 0.541 0.456 0.499 0.567 0.644 0.595 0.705 0.423 0
0.661 0.686 0.336 0.528 0.571 0.603 0.543 0.7 0.377 100
