0.845 0.855 0.541 0.093 0.675 0.467 0.703 0.532 0.514
0.583 0.736 0.328 0.506 0.546 0.541 0.721 0.621 0.268
0.471 0.697 0.522 0.503 0.561 0.444 0.760 0.587 0.426
0.737 0.255 0.423 0.661 0.826 0.767 0.871 0.937 0.685
0.750 0.645 0.005 0.061 0.823 0.092 0.864 0.759 0.868
0.300 0.329 0.463 0.108 0.867 0.634 0.513 0.465 0.823
0.547 0.668 0.457 0.451 0.649 0.623 0.738 0.342 0.310
0.841 0.679 0.200 0.521 0.550 0.667 0.885 0.071 0.163
0.647 0.517 0.611 0.593 0.565 0.463 0.474 0.605 0.481
0.700 0.905 0.330 0.676 0.134 0.577 0.919 0.929 0.434
0.581 0.586 0.419 0.462 0.526 0.445 0.627 0.445 0.467
0.651 0.705 0.610 0.479 0.711 0.576 0.772 0.425 0.532
0.867 0.115 0.149 0.793 0.440 0.437 0.931 0.374 0.205
0.691 0.567 0.520 0.657 0.488 0.450 0.592 0.658 0.326
0.503 0.578 0.449 0.651 0.306 0.517 0.518 0.620 0.429
0.362 0.663 0.063 0.379 0.716 0.628 0.536 0.701 0.856
0.820 0.761 0.979 0.252 0.769 0.114 0.927 0.081 0.164
0.482 0.200 0.883 0.648 0.414 0.475 0.305 0.616 0.297
0.575 0.140 0.331 0.750 0.815 0.893 0.355 0.127 0.399
0.256 0.689 0.403 0.371 0.677 0.848 0.022 0.731 0.236
0.530 0.559 0.573 0.597 0.455 0.540 0.616 0.550 0.427
0.677 0.508 0.538 0.624 0.694 0.583 0.625 0.398 0.566
0.595 0.574 0.542 0.541 0.555 0.573 0.633 0.470 0.389
0.372 0.615 0.510 0.555 0.861 0.649 0.435 0.545 0.588
0.556 0.665 0.435 0.762 0.451 0.471 0.669 0.612 0.310
0.420 0.562 0.455 0.417 0.298 0.378 0.709 0.485 0.657
0.474 0.173 0.616 0.601 0.475 0.657 0.733 0.675 0.359
0.771 0.307 0.637 0.594 0.213 0.529 0.550 0.451 0.659
0.800 0.818 0.785 0.265 0.801 0.956 0.720 0.637 0.380
0.249 0.060 0.825 0.903 0.255 0.153 0.317 0.987 0.754
0.836 0.335 0.694 0.392 0.770 0.321 0.168 0.051 0.830
0.278 0.530 0.429 0.002 0.122 0.770 0.313 0.113 0.371
0.232 0.536 0.905 0.658 0.987 0.826 0.156 0.101 0.492
0.470 0.474 0.640 0.634 0.839 0.559 0.936 0.210 0.572
0.518 0.489 0.514 0.285 0.599 0.674 0.550 0.301 0.308
0.643 0.339 0.302 0.605 0.369 0.407 0.820 0.429 0.431
0.526 0.560 0.584 0.441 0.553 0.616 0.650 0.415 0.427
0.204 0.980 0.490 0.766 0.544 0.596 0.112 0.607 0.499
0.719 0.508 0.479 0.427 0.338 0.502 0.732 0.502 0.565
0.394 0.725 0.588 0.554 0.474 0.264 0.782 0.831 0.543
0.638 0.443 0.643 0.669 0.358 0.581 0.581 0.591 0.454
0.211 0.091 0.809 0.541 0.125 0.547 0.595 0.414 0.032
0.602 0.746 0.468 0.342 0.611 0.634 0.439 0.475 0.327
0.640 0.493 0.659 0.488 0.427 0.555 0.564 0.627 0.519
0.963 0.782 0.886 0.853 0.148 0.275 0.997 0.647 0.899
0.872 0.554 0.521 0.444 0.116 0.020 0.862 0.343 0.866
0.522 0.252 0.555 0.062 0.465 0.737 0.981 0.761 0.976
0.308 0.168 0.733 0.434 0.962 0.989 0.324 0.335 0.377
0.433 0.016 0.598 0.110 0.141 0.536 0.705 0.284 0.620
0.366 0.680 0.702 0.889 0.804 0.034 0.231 0.212 0.128
0.264 0.200 0.976 0.313 0.657 0.420 0.813 0.725 0.440
0.524 0.401 0.629 0.950 0.814 0.082 0.863 0.711 0.208
0.893 0.326 0.076 0.659 0.814 0.743 0.473 0.130 0.789
0.184 0.116 0.355 0.638 0.379 0.105 0.681 0.720 0.569
0.139 0.775 0.619 0.628 0.113 0.363 0.329 0.292 0.920
0.687 0.366 0.150 0.632 0.135 0.708 0.514 0.229 0.259
0.035 0.280 0.385 0.399 0.429 0.507 0.537 0.964 0.340
0.214 0.040 0.911 0.461 0.356 0.449 0.363 0.771 0.363
0.494 0.703 0.993 0.857 0.191 0.957 0.584 0.618 0.221
0.357 0.435 0.134 0.550 0.497 0.921 0.609 0.715 0.881
0.142 0.760 0.004 0.104 0.803 0.424 0.325 0.386 0.843
0.044 0.787 0.427 0.595 0.370 0.435 0.986 0.102 0.265
0.040 0.710 0.767 0.752 0.194 0.294 0.759 0.057 0.216
0.827 0.287 0.659 0.938 0.216 0.277 0.865 0.976 0.451
0.313 0.159 0.879 0.974 0.179 0.067 0.322 0.051 0.631
0.034 0.074 0.480 0.790 0.356 0.498 0.201 0.236 0.544
0.390 0.294 0.543 0.990 0.910 0.496 0.335 0.808 0.655
0.048 0.637 0.146 0.804 0.518 0.783 0.249 0.152 0.698
0.667 0.785 0.763 0.189 0.733 0.711 0.165 0.612 0.225
0.012 0.686 0.103 0.504 0.585 0.083 0.751 0.741 0.762
0.228 0.148 0.886 0.076 0.767 0.013 0.323 0.039 0.967
0.778 0.408 0.050 0.098 0.769 0.087 0.064 0.627 0.360
0.010 0.423 0.230 0.307 0.129 0.715 0.711 0.979 0.853
0.020 0.191 0.414 0.752 0.236 0.499 0.324 0.354 0.394
0.823 0.062 0.971 0.840 0.226 0.206 0.679 0.881 0.586
0.170 0.981 0.252 0.449 0.106 0.790 0.153 0.109 0.386
0.983 0.508 0.129 0.784 0.073 0.692 0.626 0.460 0.612
0.254 0.276 0.387 0.471 0.902 0.371 0.097 0.242 0.986
0.563 0.224 0.977 0.186 0.198 0.901 0.507 0.833 0.949
0.855 0.947 0.596 0.277 0.797 0.071 0.359 0.973 0.425
0.080 0.832 0.449 0.439 0.538 0.265 0.861 0.181 0.049
0.783 0.938 0.441 0.770 0.582 0.347 0.559 0.112 0.832
0.483 0.662 0.344 0.299 0.006 0.883 0.346 0.070 0.491
0.142 0.172 0.487 0.434 0.467 0.990 0.781 0.471 0.143
0.660 0.369 0.605 0.131 0.955 0.217 0.339 0.656 0.115
0.975 0.334 0.263 0.817 0.313 0.837 0.734 0.348 0.846
0.846 0.202 0.608 0.276 0.697 0.375 0.661 0.935 0.720
0.024 0.453 0.030 0.699 0.948 0.828 0.191 0.661 0.695
0.714 0.330 0.157 0.906 0.860 0.397 0.168 0.385 0.831
0.581 0.768 0.954 0.552 0.156 0.065 0.660 0.756 0.044
0.620 0.194 0.237 0.102 0.349 0.308 0.242 0.821 0.791
0.438 0.817 0.537 0.792 0.467 0.136 0.120 0.828 0.136
0.481 0.561 0.904 0.683 0.899 0.628 0.165 0.027 0.940
0.572 0.258 0.777 0.188 0.830 0.718 0.316 0.229 0.751
0.498 0.119 0.278 0.082 0.976 0.916 0.690 0.810 0.009
0.451 0.470 0.184 0.284 0.872 0.054 0.488 0.844 0.273
0.453 0.735 0.687 0.875 0.431 0.446 0.986 0.961 0.811
0.575 0.618 0.755 0.021 0.211 0.861 0.758 0.867 0.107
0.678 0.514 0.075 0.942 0.682 0.592 0.536 0.991 0.272
1.000 0.955 0.086 0.094 0.843 0.178 0.506 0.110 0.094
0.894 0.028 0.281 0.899 0.837 0.889 0.731 0.387 0.817
0.317 0.604 0.023 0.428 0.040 0.325 0.393 0.578 0.837
0.899 0.901 0.982 0.429 0.540 0.441 0.581 0.548 0.397
0.954 0.605 0.354 0.897 0.369 0.293 0.787 0.343 0.391
0.827 0.331 0.472 0.766 0.177 0.953 0.605 0.061 0.020
0.116 0.221 0.707 0.506 0.841 0.234 0.399 0.809 0.382
0.390 0.920 0.232 0.056 0.005 0.274 0.573 0.968 0.423
0.804 0.883 0.417 0.201 0.186 0.544 0.678 0.426 0.881
0.347 0.131 0.762 0.654 0.290 0.492 0.920 0.851 0.856
0.307 0.415 0.444 0.616 0.067 0.915 0.783 0.539 0.475
0.096 0.725 0.009 0.041 0.482 0.491 0.107 0.542 0.726
0.463 0.216 0.735 0.583 0.328 0.994 0.531 0.631 0.844
0.084 0.625 0.668 0.610 0.018 0.067 0.623 0.281 0.099
0.572 0.914 0.258 0.574 0.894 0.827 0.036 0.786 0.146
0.968 0.268 0.867 0.045 0.994 0.302 0.613 0.678 0.152
0.763 0.981 0.530 0.530 0.839 0.841 0.351 0.598 0.817
0.741 0.555 0.149 0.776 0.208 0.633 0.411 0.919 0.003
0.124 0.169 0.663 0.603 0.592 0.902 0.743 0.604 0.981
0.707 0.159 0.515 0.429 0.979 0.083 0.334 0.880 0.528
0.169 0.840 0.460 0.057 0.102 0.039 0.412 0.419 0.021
0.782 0.423 0.117 0.549 0.135 0.218 0.046 0.743 0.479
0.921 0.055 0.275 0.456 0.824 0.628 0.492 0.746 0.830
0.340 0.735 0.728 0.038 0.018 0.676 0.095 0.717 0.053
0.118 0.996 0.498 0.505 0.753 0.789 0.444 0.869 0.322
0.774 0.499 0.531 0.817 0.514 0.357 0.075 0.361 0.814
0.385 0.513 0.493 0.305 0.714 0.539 0.637 0.526 0.624
0.510 0.566 0.560 0.574 0.713 0.556 0.455 0.575 0.534
0.551 0.419 0.487 0.262 0.496 0.591 0.804 0.603 0.722
0.917 0.668 0.704 0.648 0.132 0.148 0.929 0.495 0.883
0.390 0.309 0.699 0.750 0.355 0.347 0.467 0.768 0.591
0.613 0.537 0.315 0.555 0.458 0.474 0.770 0.525 0.350
0.697 0.403 0.538 0.253 0.291 0.379 0.921 0.552 0.921
0.375 0.512 0.710 0.472 0.793 0.750 0.353 0.201 0.400
0.651 0.622 0.403 0.467 0.442 0.522 0.726 0.561 0.416
0.786 0.562 0.711 0.429 0.507 0.742 0.635 0.544 0.520
0.664 0.505 0.582 0.663 0.423 0.515 0.587 0.625 0.390
0.587 0.539 0.473 0.639 0.304 0.617 0.826 0.802 0.396
0.397 0.413 0.569 0.524 0.336 0.544 0.658 0.517 0.150
0.725 0.425 0.238 0.649 0.493 0.489 0.826 0.497 0.236
0.714 0.795 0.434 0.299 0.611 0.504 0.712 0.577 0.391
0.742 0.649 0.592 0.381 0.516 0.524 0.642 0.561 0.484
0.482 0.705 0.266 0.361 0.663 0.631 0.488 0.588 0.592
0.337 0.839 0.506 0.635 0.552 0.520 0.436 0.597 0.463
0.669 0.542 0.566 0.625 0.526 0.457 0.533 0.631 0.403
0.415 0.414 0.367 0.560 0.746 0.871 0.189 0.429 0.318
0.841 0.595 0.617 0.242 0.723 0.394 0.435 0.292 0.672
0.583 0.736 0.328 0.506 0.546 0.541 0.721 0.621 0.268
0.692 0.386 0.517 0.627 0.696 0.615 0.672 0.771 0.583
0.550 0.613 0.421 0.395 0.573 0.608 0.635 0.461 0.288
0.360 0.446 0.459 0.263 0.583 0.506 0.611 0.475 0.740
0.755 0.725 0.671 0.652 0.399 0.449 0.867 0.495 0.605
0.380 0.703 0.645 0.722 0.639 0.149 0.507 0.521 0.336
0.657 0.476 0.591 0.647 0.526 0.582 0.603 0.494 0.510
0.496 0.474 0.538 0.282 0.513 0.591 0.871 0.674 0.701
0.442 0.532 0.396 0.307 0.707 0.588 0.617 0.543 0.545
0.791 0.555 0.482 0.377 0.750 0.617 0.787 0.735 0.600
0.760 0.833 0.654 0.464 0.452 0.345 0.923 0.505 0.299
0.609 0.697 0.422 0.481 0.366 0.625 0.735 0.615 0.371
0.583 0.736 0.328 0.506 0.546 0.541 0.721 0.621 0.268
0.746 0.686 0.576 0.343 0.620 0.465 0.589 0.569 0.497
0.423 0.499 0.460 0.280 0.758 0.629 0.625 0.404 0.567
0.627 0.726 0.539 0.410 0.661 0.605 0.606 0.450 0.429
0.554 0.648 0.456 0.474 0.550 0.579 0.685 0.518 0.348
0.745 0.407 0.558 0.510 0.276 0.516 0.641 0.477 0.612
0.647 0.324 0.405 0.589 0.577 0.698 0.543 0.315 0.482
0.556 0.647 0.451 0.551 0.501 0.540 0.668 0.586 0.348
0.748 0.780 0.576 0.286 0.693 0.521 0.738 0.479 0.523
0.637 0.651 0.424 0.582 0.517 0.496 0.656 0.639 0.297
0.389 0.560 0.410 0.758 0.679 0.744 0.233 0.367 0.449
0.611 0.539 0.539 0.475 0.477 0.500 0.595 0.536 0.493
0.431 0.398 0.710 0.510 0.418 0.561 0.683 0.419 0.282
0.575 0.542 0.475 0.223 0.119 0.395 0.588 0.228 0.619
0.630 0.621 0.328 0.469 0.424 0.522 0.797 0.278 0.410
0.686 0.526 0.552 0.468 0.412 0.582 0.495 0.463 0.493
0.570 0.701 0.382 0.634 0.499 0.506 0.695 0.617 0.289
0.351 0.617 0.714 0.581 0.774 0.635 0.458 0.344 0.459
0.748 0.780 0.576 0.286 0.693 0.521 0.738 0.479 0.523
0.351 0.617 0.714 0.581 0.774 0.635 0.458 0.344 0.459
0.570 0.701 0.382 0.634 0.499 0.506 0.695 0.617 0.289
0.489 0.418 0.501 0.366 0.780 0.609 0.569 0.431 0.694
0.744 0.597 0.421 0.349 0.522 0.437 0.761 0.481 0.473
0.734 0.564 0.532 0.493 0.336 0.296 0.748 0.406 0.627
0.845 0.855 0.541 0.093 0.675 0.467 0.703 0.532 0.514
0.430 0.633 0.379 0.254 0.334 0.655 0.517 0.367 0.320
0.663 0.527 0.712 0.370 0.544 0.471 0.504 0.574 0.405
0.476 0.517 0.536 0.293 0.789 0.605 0.643 0.445 0.677
0.363 0.693 0.463 0.437 0.619 0.646 0.391 0.659 0.331
0.430 0.633 0.379 0.254 0.334 0.655 0.517 0.367 0.320
0.673 0.661 0.781 0.347 0.661 0.365 0.788 0.248 0.295
0.834 0.466 0.467 0.529 0.621 0.697 0.826 0.506 0.292
0.487 0.643 0.564 0.680 0.379 0.562 0.331 0.529 0.579
0.614 0.551 0.515 0.527 0.545 0.454 0.550 0.525 0.474
0.256 0.210 0.636 0.325 0.496 0.591 0.554 0.440 0.427
0.476 0.517 0.536 0.293 0.789 0.605 0.643 0.445 0.677
0.550 0.613 0.421 0.395 0.573 0.608 0.635 0.461 0.288
0.584 0.501 0.608 0.633 0.406 0.560 0.599 0.571 0.441
0.430 0.633 0.379 0.254 0.334 0.655 0.517 0.367 0.320
0.821 0.748 0.493 0.393 0.675 0.811 0.802 0.354 0.272
0.585 0.357 0.436 0.645 0.685 0.733 0.494 0.298 0.394
0.556 0.308 0.629 0.635 0.416 0.619 0.657 0.633 0.406
