0.547 0.668 0.457 0.451 0.649 0.623 0.738 0.342 0.31 18.48219
0.755 0.742 0.763 0.506 0.772 0.528 0.806 0.508 0.754 0
0.642 0.543 0.676 0.306 0.496 0.529 0.546 0.663 0.584 0
0.607 0.719 0.311 0.399 0.481 0.502 0.7 0.427 0.309 0
0.754 0.249 0.707 0.482 0.167 0.641 0.533 0.366 0.633 0
0.714 0.565 0.557 0.413 0.393 0.587 0.345 0.529 0.501 0
0.638 0.443 0.643 0.669 0.358 0.581 0.581 0.591 0.454 12.48219
0.82 0.761 0.979 0.252 0.769 0.114 0.927 0.081 0.164 16.48219
0.586 0.766 0.498 0.468 0.395 0.611 0.509 0.677 0.407 0
0.168 0.973 0.533 0.823 0.812 0.879 0.142 0.429 0.423 0
0.483 0.486 0.911 0.059 0.281 0.693 0.261 0.378 0.729 0
0.391 0.63 0.443 0.488 0.369 0.239 0.742 0.809 0.447 0
0.033 0.551 0.287 0.726 0.567 0.551 0.172 0.014 0.841 0
0.609 0.807 0.221 0.249 0.641 0.611 0.772 0.629 0.225 0
0.493 0.635 0.46 0.403 0.398 0.368 0.544 0.677 0.458 0
0.657 0.823 0.478 0.232 0.574 0.645 0.139 0.608 0.343 0
0.643 0.48 0.627 0.631 0.461 0.522 0.527 0.598 0.468 0
0.429 0.259 0.717 0.17 0.716 0.847 0.4 0.176 0.308 0
0.792 0.7 0.248 0.742 0.603 0.823 0.409 0.973 0.139 0
0.867 0.115 0.149 0.793 0.44 0.437 0.931 0.374 0.205 18.09396
0.255 0.259 0.685 0.253 0.038 0.381 0.288 0.065 0.583 0
0.504 0.453 0.71 0.431 0.458 0.609 0.562 0.489 0.545 0
0.599 0.275 0.314 0.742 0.616 0.638 0.444 0.289 0.377 0
0.42 0.562 0.455 0.417 0.298 0.378 0.709 0.485 0.657 15.07035
0.6 0.573 0.531 0.697 0.456 0.496 0.598 0.605 0.389 0
0.394 0.725 0.588 0.554 0.474 0.264 0.782 0.831 0.543 12.59087
0.239 0.987 0.446 0.71 0.277 0.312 0.083 0.784 0.576 0
0.771 0.307 0.637 0.594 0.213 0.529 0.55 0.451 0.659 14.48219
0.872 0.554 0.521 0.444 0.116 0.02 0.862 0.343 0.866 11.26675
0.211 0.091 0.809 0.541 0.125 0.547 0.595 0.414 0.032 12.48219
0.737 0.255 0.423 0.661 0.826 0.767 0.871 0.937 0.685 25.07032
0.556 0.665 0.435 0.762 0.451 0.471 0.669 0.612 0.31 16.03502
0.552 0.365 0.617 0.675 0.411 0.279 0.482 0.26 0.709 0
0.091 0.694 0.366 0.319 0.25 0.028 0.891 0.96 0.567 0
0.556 0.665 0.435 0.762 0.451 0.471 0.669 0.612 0.31 0
0.613 0.438 0.475 0.427 0.479 0.536 0.553 0.499 0.493 0
0.064 0.145 0.226 0.873 0.833 0.37 0.533 0.442 0.116 0
0.577 0.257 0.486 0.288 0.91 0.419 0.728 0.661 0.752 0
0.607 0.719 0.311 0.399 0.481 0.502 0.7 0.427 0.309 0
0.667 0.71 0.32 0.26 0.463 0.474 0.913 0.552 0.471 0
0.841 0.679 0.2 0.521 0.55 0.667 0.885 0.071 0.163 18.48219
0.698 0.756 0.81 0.79 0.698 0.499 0.674 0.702 0.52 0
0.845 0.855 0.541 0.093 0.675 0.467 0.703 0.532 0.514 100
0.647 0.517 0.611 0.593 0.565 0.463 0.474 0.605 0.481 18.48219
0.503 0.578 0.449 0.651 0.306 0.517 0.518 0.62 0.429 17.77452
0.8 0.818 0.785 0.265 0.801 0.956 0.72 0.637 0.38 14.48219
0.665 0.629 0.985 0.918 0.869 0.589 0.91 0.484 0.994 0
0.691 0.567 0.52 0.657 0.488 0.45 0.592 0.658 0.326 18.08768
0.642 0.376 0.55 0.584 0.449 0.534 0.568 0.364 0.72 0
0.567 0.718 0.343 0.767 0.708 0.735 0.632 0.404 0.468 0
0.244 0.523 0.05 0.722 0.116 0.107 0.998 0.836 0.216 0
0.275 0.723 0.259 0.212 0.082 0.797 0.337 0.109 0.638 0
0.884 0.684 0.04 0.553 0.346 0.647 0.19 0.204 0.23 0
0.251 0.726 0.329 0.62 0.745 0.173 0.179 0.85 0.342 0
0.74 0.957 0.477 0.541 0.18 0.833 0.178 0.578 0.695 0
0.955 0.298 0.084 0.202 0.78 0.706 0.437 0.914 0.797 0
0.861 0.279 0.407 0.108 0.673 0.185 0.823 0.864 0.345 0
0.906 0.412 0.088 0.59 0.718 0.618 0.504 0.835 0.45 0
0.405 0.463 0.911 0.264 0.14 0.015 0.769 0.715 0.55 0
0.667 0.968 0.303 0.153 0.193 0.382 0.967 0.19 0.119 0
0.163 0.79 0.456 0.567 0.428 0.66 0.926 0.205 0.182 0
0.249 0.06 0.825 0.903 0.255 0.153 0.317 0.987 0.754 14.48219
0.945 0.786 0.447 0.198 0.069 0.187 0.769 0.919 0.94 0
0.778 0.756 0.764 0.628 0.201 0.667 0.386 0.424 0.836 0
0.637 0.202 0.037 0.649 0.287 0.793 0.422 0.012 0.765 0
0.384 0.955 0.649 0.657 0.534 0.015 0.82 0.914 0.053 0
0.522 0.252 0.555 0.062 0.465 0.737 0.981 0.761 0.976 10.48219
0.337 0.623 0.394 0.96 0.898 0.532 0.589 0.016 0.052 0
0.8 0.697 0.306 0.697 0.195 0.961 0.053 0.346 0.104 0
0.482 0.2 0.883 0.648 0.414 0.475 0.305 0.616 0.297 16.48219
0.851 0.639 0.709 0.627 0.889 0.781 0.421 0.72 0.043 0
0.432 0.786 0.632 0.406 0.343 0.69 0.259 0.547 0.518 0
0.836 0.335 0.694 0.392 0.77 0.321 0.168 0.051 0.83 14.48219
0.423 0.718 0.665 0.88 0.778 0.371 0.512 0.249 0.551 0
0.978 0.58 0.182 0.377 0.382 0.82 0.407 0.638 0.081 0
0.699 0.421 0.629 0.53 0.396 0.443 0.433 0.916 0.957 0
0.278 0.53 0.429 0.002 0.122 0.77 0.313 0.113 0.371 14.48219
0.308 0.168 0.733 0.434 0.962 0.989 0.324 0.335 0.377 10.48219
0.221 0.491 0.581 0.058 0.369 0.006 0.594 0.503 0.624 0
0.711 0.284 0.233 0.911 0.242 0.835 0 0.88 0.605 0
0.088 0.601 0.118 0.262 0.912 0.817 0.299 0.993 0.709 0
0.668 0.526 0.993 0.165 0.434 0.888 0.02 0.079 0.806 0
0.75 0.645 0.005 0.061 0.823 0.092 0.864 0.759 0.868 23.63415
0.128 0.881 0.968 0.303 0.919 0.069 0.693 0.181 0.528 0
0.085 0.746 0.855 0.349 0.431 0.126 0.77 0.86 0.603 0
0.547 0.43 0.057 0.978 0.184 0.467 0.219 0.424 0.735 0
0.541 0.615 0.232 0.677 0.349 0.755 0.436 0.189 0.837 0
0.281 0.663 0.108 0.939 0.813 0.33 0.587 0.658 0.119 0
0.225 0.07 0.707 0.158 0.01 0.04 0.888 0.279 0.498 0
0.575 0.14 0.331 0.75 0.815 0.893 0.355 0.127 0.399 16.48219
0.91 0.188 0.369 0.938 0.067 0.193 0.999 0.278 0.701 0
0.232 0.536 0.905 0.658 0.987 0.826 0.156 0.101 0.492 14.48219
0.833 0.063 0.209 0.812 0.94 0.62 0.239 0.352 0.372 0
0.4 0.587 0.675 0.902 0.91 0.835 0.654 0.952 0.339 0
0.108 0.921 0.778 0.16 0.297 0.493 0.159 0.612 0.296 10.36599
0.341 0.972 0.809 0.183 0.547 0.656 0.124 0.704 0.864 0
0.204 0.345 0.85 0.87 0.132 0.429 0.594 0.407 0.888 0
0.407 0.425 0.409 0.708 0.597 0.52 0.157 0.29 0.773 0
0.7 0.905 0.33 0.676 0.134 0.577 0.919 0.929 0.434 18.48219
0.291 0.896 0.869 0.1 0.092 0.601 0.751 0.487 0.52 0
0.384 0.26 0.582 0.137 0.393 0.563 0.439 0.956 0.18 0
0.196 0.065 0.184 0.321 0.718 0.28 0.788 0.667 0.045 0
0.492 0.837 0.299 0.123 0.008 0.129 0.594 0.301 0.149 0
0.47 0.474 0.64 0.634 0.839 0.559 0.936 0.21 0.572 14.48219
0.433 0.016 0.598 0.11 0.141 0.536 0.705 0.284 0.62 10.48219
0.366 0.68 0.702 0.889 0.804 0.034 0.231 0.212 0.128 10.48219
0.558 0.882 0.78 0.363 0.802 0.552 0.293 0.246 0.929 0
0.58 0.65 0.483 0.73 0.834 0.445 0.695 0.414 0.883 0
0.132 0.793 0.563 0.995 0.285 0.613 0.429 0.195 0.773 0
0.646 0.624 0.59 0.771 0.086 0.539 0.016 0.02 0.377 0
0.24 0.565 0.254 0.125 0.422 0.599 0.952 0.374 0.98 0
0.24 0.635 0.861 0.512 0.502 0.295 0.259 0.161 0.684 0
0.253 0.464 0.946 0.993 0.351 0.166 0.326 0.064 0.72 0
0.1 0.362 0.636 0.035 0.822 0.699 0.407 0.806 0.273 0
0.34 0.462 0.936 0.217 0.82 0.857 0.329 0.257 0.677 0
0.963 0.782 0.886 0.853 0.148 0.275 0.997 0.647 0.899 11.68564
0.3 0.329 0.463 0.108 0.867 0.634 0.513 0.465 0.823 21.74971
0.256 0.689 0.403 0.371 0.677 0.848 0.022 0.731 0.236 16.48219
0.495 0.862 0.388 0.291 0.598 0.739 0.484 0.015 0.799 0
0.419 0.511 0.058 0.827 0.093 0.949 0.337 0.703 0.755 0
0.578 0.627 0.23 0.639 0.41 0.399 0.935 0.203 0.092 0
0.039 0.245 0.533 0.988 0.951 0.315 0.694 0.263 0.745 0
0.763 0.008 0.28 0.611 0.736 0.41 0.32 0.568 0.843 0
0.362 0.663 0.063 0.379 0.716 0.628 0.536 0.701 0.856 17.06286
0.494 0.438 0.057 0.375 0.56 0.169 0.97 0.545 0.226 0
0.087 0.463 0.213 0.534 0.885 0.585 0.422 0.909 0.975 10.48219
0.518 0.489 0.514 0.285 0.599 0.674 0.55 0.301 0.308 14.48219
0.474 0.173 0.616 0.601 0.475 0.657 0.733 0.675 0.359 14.90048
0.631 0.617 0.507 0.432 0.521 0.605 0.541 0.435 0.405 0
0.623 0.625 0.432 0.459 0.499 0.596 0.676 0.61 0.34 0
0.681 0.73 0.537 0.453 0.627 0.515 0.753 0.468 0.531 0
0.706 0.782 0.621 0.369 0.673 0.587 0.473 0.558 0.548 0
0.651 0.705 0.61 0.479 0.711 0.576 0.772 0.425 0.532 0
0.379 0.38 0.633 0.496 0.387 0.585 0.666 0.378 0.171 0
0.338 0.516 0.457 0.678 0.514 0.536 0.35 0.306 0.654 0
0.677 0.508 0.538 0.624 0.694 0.583 0.625 0.398 0.566 0
0.707 0.425 0.657 0.45 0.354 0.529 0.548 0.557 0.621 0
0.581 0.586 0.419 0.462 0.526 0.445 0.627 0.445 0.467 18.48219
0.609 0.4 0.581 0.297 0.703 0.474 0.637 0.662 0.668 0
0.53 0.559 0.573 0.597 0.455 0.54 0.616 0.55 0.427 16.48219
0.681 0.73 0.537 0.453 0.627 0.515 0.753 0.468 0.531 0
0.151 0.392 0.588 0.43 0.188 0.288 0.743 0.687 0.299 0
0.651 0.705 0.61 0.479 0.711 0.576 0.772 0.425 0.532 18.48219
0.732 0.621 0.803 0.442 0.615 0.318 0.727 0.339 0.316 0
0.64 0.493 0.659 0.488 0.427 0.555 0.564 0.627 0.519 12.38483
0.573 0.686 0.603 0.497 0.571 0.384 0.774 0.659 0.601 0
0.61 0.37 0.667 0.36 0.553 0.73 0.566 0.657 0.707 0
0.614 0.655 0.587 0.387 0.446 0.57 0.528 0.67 0.495 0
0.29 0.61 0.372 0.589 0.608 0.587 0.455 0.178 0.576 0
0.405 0.332 0.67 0.619 0.29 0.522 0.597 0.509 0.211 0
0.673 0.531 0.322 0.455 0.734 0.689 0.822 0.783 0.455 0
0.583 0.736 0.328 0.506 0.546 0.541 0.721 0.621 0.268 100
0.427 0.285 0.718 0.586 0.293 0.534 0.561 0.506 0.25 0
0.372 0.615 0.51 0.555 0.861 0.649 0.435 0.545 0.588 16.08453
0.651 0.705 0.61 0.479 0.711 0.576 0.772 0.425 0.532 0
0.643 0.339 0.302 0.605 0.369 0.407 0.82 0.429 0.431 14.48219
0.677 0.508 0.538 0.624 0.694 0.583 0.625 0.398 0.566 16.48219
0.592 0.5 0.74 0.338 0.744 0.688 0.603 0.342 0.531 0
0.706 0.782 0.621 0.369 0.673 0.587 0.473 0.558 0.548 0
0.669 0.684 0.353 0.597 0.626 0.723 0.574 0.657 0.225 0
0.683 0.344 0.591 0.455 0.323 0.589 0.543 0.432 0.563 0
0.593 0.555 0.55 0.56 0.504 0.602 0.659 0.467 0.382 0
0.471 0.697 0.522 0.503 0.561 0.444 0.76 0.587 0.426 27.41406
0.673 0.531 0.322 0.455 0.734 0.689 0.822 0.783 0.455 0
0.631 0.617 0.507 0.432 0.521 0.605 0.541 0.435 0.405 0
0.643 0.339 0.302 0.605 0.369 0.407 0.82 0.429 0.431 0
0.629 0.372 0.296 0.641 0.404 0.338 0.837 0.592 0.326 0
0.319 0.681 0.411 0.385 0.45 0.326 0.815 0.651 0.439 0
0.684 0.59 0.619 0.467 0.625 0.532 0.679 0.504 0.623 0
0.526 0.56 0.584 0.441 0.553 0.616 0.65 0.415 0.427 0
0.419 0.78 0.489 0.704 0.367 0.404 0.34 0.695 0.482 0
0.144 0.405 0.486 0.489 0.302 0.466 0.23 0.04 0.712 0
0.754 0.495 0.735 0.494 0.47 0.585 0.669 0.437 0.694 0
0.595 0.574 0.542 0.541 0.555 0.573 0.633 0.47 0.389 16.48219
0.804 0.405 0.472 0.552 0.471 0.394 0.867 0.64 0.776 0
0.484 0.412 0.621 0.333 0.215 0.484 0.317 0.297 0.542 0
0.526 0.56 0.584 0.441 0.553 0.616 0.65 0.415 0.427 14.48219
0.681 0.73 0.537 0.453 0.627 0.515 0.753 0.468 0.531 0
0.66 0.642 0.434 0.406 0.437 0.544 0.522 0.478 0.405 0
0.69 0.557 0.429 0.421 0.427 0.57 0.661 0.54 0.442 0
0.681 0.73 0.537 0.453 0.627 0.515 0.753 0.468 0.531 0
0.535 0.446 0.473 0.346 0.654 0.393 0.636 0.669 0.605 0
0.431 0.489 0.498 0.326 0.26 0.442 0.494 0.246 0.446 0
0.602 0.746 0.468 0.342 0.611 0.634 0.439 0.475 0.327 12.48219
0.625 0.599 0.469 0.515 0.471 0.512 0.613 0.512 0.389 0
0.622 0.483 0.403 0.274 0.686 0.447 0.821 0.607 0.611 0
0.412 0.265 0.642 0.484 0.302 0.542 0.574 0.457 0.263 0
0.138 0.118 0.518 0.707 0.479 0.459 0.564 0.428 0.074 0
0.431 0.489 0.498 0.326 0.26 0.442 0.494 0.246 0.446 0
0.651 0.705 0.61 0.479 0.711 0.576 0.772 0.425 0.532 0
0.483 0.416 0.786 0.524 0.449 0.538 0.701 0.461 0.393 0
0.729 0.66 0.51 0.456 0.256 0.316 0.685 0.51 0.636 0
0.352 0.566 0.42 0.373 0.364 0.282 0.722 0.73 0.53 0
0.595 0.606 0.567 0.379 0.573 0.576 0.642 0.503 0.447 0
0.719 0.508 0.479 0.427 0.338 0.502 0.732 0.502 0.565 13.78821
0.648 0.187 0.433 0.482 0.578 0.642 0.665 0.275 0.257 0
0.593 0.555 0.55 0.56 0.504 0.602 0.659 0.467 0.382 0
0.545 0.603 0.611 0.229 0.381 0.597 0.48 0.402 0.519 0
0.204 0.98 0.49 0.766 0.544 0.596 0.112 0.607 0.499 14.48219
0.607 0.689 0.389 0.356 0.556 0.548 0.826 0.447 0.39 0
