-0.942 0.644 0.085 0.163 0.685 0.621 0.081 0.535 0.172 0.597 -0.404 -0.033 0.931 0.244 -0.732 -0.958 0.278 -0.303 0.942 -0.465 -0.831 0.337 0.232 0.501
-0.942 0.644 0.085 0.163 0.685 0.621 0.081 0.535 0.172 0.597 -0.404 -0.033 0.931 0.244 -0.732 -0.958 0.278 -0.303 0.942 -0.465 -0.831 0.337 0.232 0.501
-0.942 0.644 0.085 0.163 0.685 0.621 0.081 0.535 0.172 0.597 -0.404 -0.033 0.931 0.244 -0.732 -0.958 0.278 -0.303 0.942 -0.465 -0.831 0.337 0.232 0.501
-0.942 0.644 0.085 0.163 0.685 0.621 0.081 0.535 0.172 0.597 -0.404 -0.033 0.931 0.244 -0.732 -0.958 0.278 -0.303 0.942 -0.465 -0.831 0.337 0.232 0.501
-0.942 0.644 0.085 0.163 0.685 0.621 0.081 0.535 0.172 0.597 -0.404 -0.033 0.931 0.244 -0.732 -0.958 -0.223 -0.303 0.942 -0.465 -0.831 0.337 0.232 0.501
-0.942 0.644 0.085 0.163 0.685 0.621 0.081 0.535 0.172 0.597 -0.404 -0.033 0.931 0.244 -0.732 -0.958 0.278 -0.303 0.942 -0.465 -0.831 0.337 0.232 0.501
-0.942 0.644 0.085 0.163 0.685 0.621 0.081 0.535 0.172 0.597 -0.404 -0.033 0.931 0.244 -0.732 -0.958 0.278 -0.303 0.942 -0.465 -0.831 0.337 0.232 0.501
-0.942 0.644 0.085 0.163 0.685 0.621 0.081 0.535 0.172 0.597 -0.404 -0.033 0.931 0.244 -0.732 -0.958 0.278 -0.303 0.942 -0.465 -0.831 0.337 0.232 0.501
-0.942 0.644 0.085 0.163 0.685 0.621 0.081 0.535 0.172 0.597 -0.404 -0.033 0.931 0.244 -0.732 -0.958 0.278 -0.303 0.942 -0.465 -0.831 0.337 0.232 0.501
-0.942 0.644 0.085 0.163 0.685 0.621 0.081 0.535 0.172 0.597 -0.404 -0.033 0.931 0.244 -0.732 -0.958 0.278 -0.303 0.942 -0.465 -0.831 0.337 0.232 0.501
-0.942 0.644 0.085 0.163 0.685 0.621 0.081 0.535 0.172 0.597 -0.404 -0.033 0.931 0.244 -0.732 -0.958 0.278 -0.303 0.942 -0.465 -0.831 0.337 0.232 0.501
-0.942 0.644 0.085 0.163 0.685 0.621 0.081 0.535 0.172 0.597 -0.404 -0.033 0.931 0.244 -0.732 -0.958 0.278 -0.303 0.942 -0.465 -0.831 0.337 0.232 0.501
-0.942 0.644 0.085 0.163 0.685 0.621 0.081 0.535 0.172 0.597 -0.404 -0.033 0.931 0.244 -0.732 -0.958 0.278 -0.303 0.942 -0.465 -0.831 0.337 0.232 0.501
-0.942 0.644 0.085 0.163 0.685 0.621 0.081 0.535 0.172 0.597 -0.404 -0.033 0.931 0.244 -0.732 -0.958 0.278 -0.303 0.942 -0.465 -0.831 0.337 0.232 0.501
-0.942 0.644 0.085 0.163 0.685 0.621 0.081 0.535 0.172 0.597 -0.404 -0.033 0.931 0.244 -0.732 -0.958 0.278 -0.303 0.942 -0.465 -0.831 0.337 0.232 0.501
-0.942 0.644 0.085 0.163 0.685 0.621 0.081 0.535 0.172 0.597 -0.404 -0.033 0.931 0.244 -0.732 -0.958 0.278 -0.303 0.942 -0.465 -0.831 0.249 0.232 0.223
-0.942 0.644 0.085 0.163 0.685 0.621 0.081 0.535 0.172 0.597 -0.404 -0.033 0.931 0.244 -0.732 -0.958 0.278 -0.303 0.942 -0.465 -0.831 0.337 0.232 0.501
-0.942 0.644 0.085 0.163 0.685 0.621 0.081 0.535 0.172 0.597 -0.404 -0.033 0.931 0.244 -0.732 -0.958 0.278 -0.303 0.942 -0.465 -0.831 0.337 0.232 0.501
-0.942 0.644 0.085 0.163 0.685 0.621 0.081 0.535 0.172 0.597 -0.404 -0.033 0.931 0.244 -0.732 -0.958 0.278 -0.303 0.942 -0.465 -0.831 0.337 0.232 0.501
-0.942 0.644 0.085 0.163 0.685 0.621 0.081 0.535 0.172 0.597 -0.404 -0.033 0.931 0.244 -0.732 -0.958 0.278 -0.303 0.942 -0.465 -0.831 0.337 0.232 0.501
-0.942 0.644 0.085 0.163 0.685 0.621 0.081 0.535 0.172 0.597 -0.404 -0.033 0.931 0.244 -0.732 -0.958 0.278 -0.303 0.942 -0.465 -0.831 0.337 0.232 0.501
-0.942 0.644 0.085 0.163 0.685 0.641 0.081 0.535 0.172 0.597 -0.404 -0.033 0.931 0.244 -0.732 -0.958 0.278 -0.303 0.942 -0.465 -0.831 0.337 0.232 0.501
-0.882 -0.897 -0.117 0.163 0.685 0.621 0.081 0.535 0.172 0.597 -0.404 -0.033 0.931 0.244 -0.732 -0.958 0.278 -0.303 0.942 -0.465 -0.831 0.337 0.232 0.501
-0.942 0.644 0.085 0.681 -0.336 0.353 0.784 -0.434 -0.575 -0.630 -0.263 0.109 0.335 0.417 0.960 -0.307 -0.398 0.902 0.253 -0.629 0.683 0.253 0.934 0.878
-0.942 0.644 0.085 0.163 0.685 0.621 0.081 0.535 0.172 0.597 -0.404 -0.033 0.931 0.244 -0.732 -0.958 0.278 -0.303 0.942 -0.465 -0.831 0.337 0.232 0.501
-0.942 0.644 0.085 0.163 0.685 0.621 0.081 0.535 0.172 0.597 -0.404 -0.033 0.931 0.244 0.119 -0.958 0.278 -0.303 0.942 -0.465 -0.831 0.337 0.232 0.501
-0.942 0.644 0.085 0.163 0.685 0.621 0.081 0.535 0.172 0.597 -0.404 -0.033 0.931 0.244 -0.732 -0.958 0.278 -0.303 0.942 -0.465 -0.831 0.337 0.232 0.501
-0.942 0.644 0.085 0.163 0.685 0.621 0.081 0.535 0.172 0.597 -0.404 -0.033 0.931 0.244 -0.732 -0.958 0.278 -0.303 0.942 -0.465 -0.831 0.337 0.232 0.501
-0.942 0.644 0.085 0.163 0.685 0.621 0.081 0.535 0.172 0.806 -0.404 -0.033 0.931 0.244 -0.732 -0.958 0.278 -0.303 0.942 -0.465 -0.831 -0.465 0.232 0.501
-0.942 0.644 0.085 0.163 0.685 0.621 0.081 0.535 0.172 0.597 -0.404 -0.033 0.931 0.244 -0.732 -0.958 0.278 -0.303 0.942 -0.465 -0.831 0.337 0.232 0.501
-0.942 0.644 0.085 0.163 0.685 0.621 0.081 0.535 0.172 0.597 -0.404 -0.033 0.931 0.244 -0.732 -0.958 0.278 -0.303 0.942 -0.465 -0.831 0.337 0.232 0.501
-0.942 0.644 0.085 0.163 0.685 0.621 0.081 0.535 0.172 0.597 -0.404 -0.033 0.931 0.244 -0.732 -0.958 0.278 -0.303 0.942 -0.465 -0.831 0.337 0.232 0.501
-0.942 0.644 0.085 0.163 0.685 0.621 0.081 -0.753 0.172 0.597 -0.404 -0.033 0.931 0.244 -0.732 -0.958 0.278 -0.303 0.942 -0.465 -0.831 0.337 0.232 0.501
-0.942 0.644 0.085 0.163 0.685 0.621 0.081 0.535 0.172 0.597 -0.404 -0.033 0.931 0.244 -0.732 -0.958 0.278 -0.303 0.942 -0.465 -0.831 0.337 0.232 0.501
-0.942 0.644 0.085 0.163 0.685 0.621 0.081 0.535 0.172 0.597 -0.404 -0.033 0.931 0.244 -0.732 -0.958 0.278 -0.303 0.942 -0.465 -0.831 0.337 0.232 0.501
-0.942 0.644 0.085 0.163 0.685 0.621 0.081 0.535 0.172 0.597 -0.404 -0.033 0.931 0.244 -0.732 -0.958 0.278 -0.303 0.942 -0.465 -0.831 0.337 0.232 0.501
-0.942 0.644 0.085 0.163 0.685 0.621 0.081 0.535 0.172 0.597 -0.404 -0.033 0.931 0.244 -0.732 -0.958 0.278 -0.303 0.942 -0.465 -0.831 0.337 0.232 0.501
-0.843 -0.715 -0.907 0.574 -0.796 -0.751 0.414 0.436 -0.012 -0.650 0.579 -0.429 0.665 -0.276 -0.950 -0.330 0.789 0.488 0.558 0.823 -0.779 0.846 -0.784 0.215
-0.942 0.644 0.085 0.163 0.685 0.621 0.081 0.535 0.172 0.597 -0.404 -0.033 0.931 0.244 -0.732 -0.958 0.278 -0.303 0.942 0.165 -0.831 0.337 0.232 0.501
-0.942 0.644 0.085 0.163 0.685 0.621 0.081 0.535 0.172 0.597 -0.404 -0.033 0.931 0.244 -0.732 -0.958 0.278 -0.303 0.942 -0.465 -0.831 0.337 0.232 0.501
-0.942 0.644 0.085 0.163 0.685 0.621 0.081 0.535 0.172 0.597 -0.404 -0.033 0.931 0.244 -0.732 -0.958 0.278 -0.303 0.942 -0.465 -0.831 0.337 0.232 0.501
-0.942 0.644 0.085 0.163 0.685 0.621 0.081 0.535 0.172 0.597 -0.404 -0.033 0.931 0.244 -0.732 -0.958 0.278 -0.303 0.942 -0.465 -0.831 0.337 0.232 0.501
-0.942 0.644 0.085 0.125 -0.280 -0.622 -0.518 -0.054 0.086 0.774 -0.082 -0.357 0.931 0.244 -0.732 -0.958 0.278 -0.303 0.942 -0.465 -0.831 0.337 0.232 0.501
0.070 -0.390 0.325 0.163 0.685 0.621 0.081 0.535 0.172 0.597 -0.404 -0.033 0.851 0.352 0.539 -0.675 0.847 0.890 0.096 -0.758 0.249 0.991 -0.214 -0.109
-0.942 0.644 0.085 0.163 0.685 0.621 0.081 0.535 0.172 0.597 -0.404 -0.033 0.931 0.244 -0.732 -0.958 0.278 -0.303 0.942 -0.465 -0.831 0.337 0.232 0.501
-0.942 0.644 0.085 0.163 0.685 0.621 0.081 0.535 0.172 0.597 -0.404 -0.033 0.931 0.244 -0.732 -0.958 0.278 -0.303 0.942 -0.465 -0.831 0.337 0.232 0.501
-0.942 0.644 0.085 0.163 0.685 0.621 0.081 0.535 0.172 0.597 -0.404 -0.033 0.931 0.244 -0.732 -0.958 0.278 -0.303 0.942 -0.465 -0.831 0.337 0.232 0.501
-0.942 0.644 0.085 0.163 0.685 0.621 0.081 0.535 0.172 0.597 -0.404 -0.033 0.931 0.244 -0.732 -0.958 0.278 -0.303 0.942 -0.465 -0.831 0.337 0.232 0.501
-0.942 0.644 0.085 0.163 0.685 0.621 0.081 0.535 0.172 0.597 -0.404 -0.033 0.931 0.244 -0.732 -0.958 0.278 -0.303 0.942 -0.465 -0.831 0.337 0.232 0.501
-0.942 0.644 0.085 0.163 0.685 0.621 0.081 0.535 0.172 0.597 -0.404 -0.033 0.931 0.244 -0.732 -0.958 0.278 -0.303 0.942 -0.465 -0.831 0.337 0.232 0.501
-0.942 0.644 0.085 0.163 0.685 0.621 0.081 0.535 0.172 0.597 -0.404 -0.033 0.931 0.244 -0.732 -0.958 0.278 -0.303 0.942 -0.465 -0.831 0.337 0.232 0.501
-0.942 0.644 0.085 0.163 0.685 0.621 0.081 0.535 0.172 0.597 -0.404 -0.033 0.931 0.244 -0.732 -0.958 0.278 -0.303 0.942 -0.465 -0.831 0.337 0.232 0.501
-0.942 0.644 0.085 0.163 0.685 0.621 0.081 0.535 0.172 0.597 -0.404 -0.033 0.931 0.244 -0.732 -0.958 0.278 -0.303 0.942 -0.465 -0.831 0.337 0.232 0.501
-0.942 0.644 0.085 0.163 0.685 0.621 0.081 0.535 0.172 0.597 -0.404 -0.033 0.931 0.244 -0.732 -0.958 0.278 -0.303 0.942 -0.465 -0.831 0.337 0.232 0.501
-0.942 0.644 0.085 0.163 0.685 0.621 0.081 0.535 0.172 0.597 -0.404 -0.033 0.931 0.244 -0.732 -0.958 0.278 -0.303 0.942 -0.465 -0.831 0.337 0.232 0.501
-0.942 0.644 0.085 0.414 0.685 0.621 0.081 0.535 0.172 0.597 -0.404 -0.033 0.931 0.244 -0.732 -0.958 0.278 -0.303 0.942 -0.465 -0.831 -0.465 0.232 0.501
-0.942 0.644 0.085 0.163 0.685 0.621 0.081 0.535 0.172 0.597 -0.404 -0.033 0.931 0.244 -0.732 -0.958 0.278 -0.303 0.942 -0.465 -0.831 0.337 0.232 0.501
-0.942 0.644 0.085 0.163 0.685 0.621 0.081 0.535 0.172 0.597 -0.404 -0.033 0.931 0.244 -0.732 -0.958 0.278 -0.303 0.942 -0.465 -0.831 0.337 0.232 0.501
-0.942 0.644 0.085 0.163 0.685 0.621 0.081 0.535 0.172 0.597 -0.404 -0.033 0.931 0.244 -0.732 -0.958 0.278 -0.303 0.942 -0.465 -0.831 0.337 0.232 0.501
-0.942 0.644 0.085 0.163 0.685 0.621 0.081 0.535 0.172 0.597 -0.404 -0.033 0.931 0.244 -0.732 -0.958 0.278 -0.303 0.942 -0.465 -0.831 0.337 0.232 0.501
-0.942 0.644 0.085 0.163 0.685 0.621 0.081 0.535 0.172 0.597 -0.404 -0.033 0.931 0.244 -0.732 -0.958 0.278 -0.303 0.942 -0.465 -0.831 0.337 0.232 0.501
-0.942 0.644 0.085 0.163 0.685 0.621 0.081 0.535 0.172 0.597 -0.404 -0.033 0.931 0.244 -0.732 -0.958 0.278 -0.303 0.942 -0.465 -0.831 0.337 0.232 0.501
-0.942 0.644 0.085 0.163 0.685 0.621 0.081 0.535 0.172 0.597 -0.404 -0.033 0.931 0.244 -0.732 -0.958 0.278 -0.303 0.942 -0.465 -0.831 0.337 0.232 0.501
-0.942 0.644 0.085 0.163 0.685 0.621 0.081 0.535 0.172 0.597 -0.404 -0.033 0.931 0.244 -0.732 -0.958 0.278 -0.303 0.942 -0.465 -0.831 0.337 0.232 0.501
-0.942 0.644 0.085 0.163 0.685 0.641 0.081 0.535 0.172 0.597 -0.404 -0.033 0.931 0.244 -0.732 -0.958 0.278 -0.303 0.942 -0.465 -0.831 0.337 0.232 0.501
-0.942 0.644 0.085 0.163 0.685 0.621 0.081 0.535 0.172 0.597 -0.404 -0.033 0.931 0.244 -0.732 -0.958 0.278 -0.303 0.942 -0.465 -0.831 0.337 0.232 0.501
-0.942 0.644 0.085 0.163 0.685 0.621 0.081 0.535 0.172 0.597 -0.404 -0.033 0.931 0.244 -0.732 -0.958 0.278 -0.303 0.942 -0.465 -0.831 0.337 0.232 -0.904
-0.942 0.644 0.085 0.163 0.685 0.621 0.081 0.535 0.172 0.597 -0.404 -0.033 0.931 0.244 -0.732 -0.958 0.278 -0.303 0.942 -0.465 -0.831 0.337 0.232 0.501
-0.942 0.644 0.085 0.163 0.685 0.621 0.081 0.535 0.172 0.597 -0.404 -0.033 0.931 0.244 -0.732 -0.958 0.278 -0.303 0.942 -0.465 -0.831 0.337 0.232 0.501
-0.942 0.644 0.085 0.163 0.685 0.621 0.081 0.535 0.172 0.597 -0.404 -0.033 0.931 0.244 -0.732 -0.958 0.278 -0.303 0.942 -0.465 -0.831 0.249 0.232 0.223
-0.942 0.644 0.085 0.163 0.685 0.621 0.081 0.535 0.172 0.597 -0.404 -0.033 0.931 0.244 -0.732 -0.958 0.278 -0.303 0.942 -0.465 -0.831 0.337 0.232 0.501
-0.942 0.644 0.085 0.163 0.685 0.621 0.081 0.535 0.172 0.597 -0.404 -0.033 0.931 0.244 -0.732 -0.958 0.278 -0.303 0.942 -0.465 -0.831 0.337 0.232 0.501
-0.942 0.644 0.085 0.163 0.685 0.621 0.081 0.535 0.172 0.597 -0.404 -0.033 0.931 0.244 -0.732 -0.958 0.278 -0.303 0.942 -0.465 -0.831 0.337 0.232 0.501
-0.942 0.644 0.085 0.163 0.685 0.621 0.081 0.535 0.172 0.597 -0.404 -0.033 0.931 0.244 -0.732 -0.958 0.278 -0.303 0.942 -0.465 -0.831 0.337 0.232 0.501
-0.942 0.644 0.085 0.163 0.685 0.621 0.081 0.535 0.172 0.597 -0.404 -0.033 0.931 0.244 -0.732 -0.958 0.278 -0.303 0.942 -0.465 -0.831 -0.465 0.232 0.501
-0.942 0.644 0.085 0.163 0.685 0.621 0.081 0.535 0.172 0.597 -0.404 -0.033 0.931 0.244 -0.732 -0.958 0.278 -0.303 0.942 -0.465 -0.831 0.337 0.232 0.501
-0.942 0.644 0.085 0.163 0.685 0.621 0.081 0.535 0.172 0.597 -0.404 -0.033 0.931 0.244 -0.732 -0.958 0.278 -0.303 0.942 -0.465 -0.831 0.337 0.232 0.501
-0.942 0.644 0.085 0.163 0.685 0.621 0.081 0.535 0.172 0.597 -0.404 -0.033 0.931 0.244 -0.732 -0.958 0.278 -0.303 0.942 -0.465 -0.831 0.337 0.232 0.501
-0.942 0.644 0.085 0.163 0.685 0.621 0.081 0.535 0.172 0.597 -0.404 -0.033 0.931 0.244 -0.732 -0.958 0.278 -0.303 0.942 -0.465 -0.831 0.337 0.232 0.501
-0.942 0.644 0.085 0.163 0.685 0.641 0.081 0.535 0.172 0.597 -0.404 -0.033 0.931 0.244 -0.732 -0.958 0.278 -0.303 0.942 -0.465 -0.831 0.337 0.232 0.501
-0.942 0.644 0.085 0.163 0.685 0.621 0.081 0.535 0.172 0.597 -0.404 -0.033 0.931 0.244 -0.732 -0.958 0.278 -0.303 0.942 -0.465 -0.831 0.337 0.232 0.501
-0.942 0.644 0.085 0.163 0.685 0.641 0.081 0.535 0.172 0.597 -0.404 -0.033 0.931 0.244 -0.732 -0.958 0.278 -0.303 0.942 -0.465 -0.831 0.337 0.232 0.501
-0.942 0.644 0.085 0.163 0.685 0.621 0.081 0.535 0.172 0.597 -0.404 -0.033 0.931 0.244 -0.732 -0.958 0.278 -0.303 0.942 -0.465 -0.831 0.337 0.232 0.501
-0.942 0.644 0.085 0.163 0.685 0.621 0.081 0.535 0.172 0.597 -0.404 -0.033 0.931 0.244 -0.732 -0.958 0.278 -0.303 0.942 -0.465 -0.831 0.936 0.232 0.501
-0.942 0.644 0.085 0.163 0.685 0.621 0.081 0.535 0.172 0.597 -0.404 -0.033 0.931 0.244 -0.732 -0.958 0.278 -0.303 0.942 -0.465 -0.831 0.337 0.232 0.501
-0.942 0.644 0.085 0.163 0.685 0.621 0.081 0.535 0.172 0.597 -0.404 -0.033 0.931 0.244 -0.732 -0.958 0.278 -0.303 0.942 -0.465 -0.831 0.337 0.232 0.501
-0.942 0.644 0.085 0.163 0.685 0.621 0.081 0.535 0.172 0.597 -0.404 -0.033 0.931 0.244 -0.732 -0.958 0.278 -0.303 0.942 -0.465 -0.831 0.337 0.232 0.501
-0.942 0.644 0.085 0.163 0.685 0.621 0.081 0.535 0.172 0.597 -0.404 -0.033 0.931 0.244 -0.732 -0.958 0.278 -0.303 0.942 -0.465 -0.831 0.936 0.232 0.501
-0.942 0.644 0.085 0.163 0.685 0.621 0.081 0.535 0.172 0.597 -0.404 -0.033 0.931 0.244 -0.732 -0.958 0.278 -0.303 0.942 -0.465 -0.831 0.249 0.232 0.223
-0.942 0.644 0.085 0.163 0.685 0.621 0.081 0.535 0.172 0.597 -0.404 -0.033 0.931 0.244 -0.732 -0.958 0.278 -0.303 0.942 -0.465 -0.831 0.337 0.232 0.501
-0.942 0.644 0.085 0.163 0.685 0.621 0.081 0.535 0.172 0.597 -0.404 -0.033 0.931 0.244 -0.732 -0.958 0.278 -0.303 0.942 0.165 -0.831 0.337 0.232 0.501
-0.942 0.644 0.085 0.163 0.685 0.621 0.081 0.535 0.172 0.597 -0.404 -0.033 0.931 0.244 -0.732 -0.958 0.278 -0.303 0.942 -0.465 -0.831 0.337 0.232 0.501
-0.942 0.644 0.085 0.163 0.685 0.621 0.081 0.535 0.172 0.597 -0.404 -0.033 0.931 0.244 -0.732 -0.958 0.278 -0.303 0.942 -0.465 -0.831 -0.465 0.232 0.501
-0.942 0.644 0.085 0.163 0.685 0.621 0.081 0.535 0.172 0.597 -0.404 -0.033 0.931 0.244 -0.732 -0.958 0.278 -0.303 0.942 -0.465 -0.831 0.337 0.232 0.501
-0.942 0.644 0.085 0.163 0.685 0.621 0.081 0.535 0.172 0.597 -0.404 -0.033 0.931 0.244 -0.732 -0.958 0.278 -0.303 0.942 -0.465 -0.831 0.337 0.232 0.501
-0.942 0.644 0.085 0.163 0.685 0.621 0.081 0.535 0.172 0.597 -0.404 -0.033 0.931 0.244 -0.732 -0.958 0.278 -0.303 0.942 -0.465 -0.831 -0.741 0.232 0.501
-0.942 0.644 0.085 0.163 0.685 0.621 0.081 0.535 0.172 0.597 -0.404 -0.033 0.931 0.244 -0.732 -0.958 0.278 -0.303 0.942 -0.465 -0.831 0.337 0.232 0.501
-0.942 0.644 0.085 0.163 0.685 0.621 0.081 0.535 0.172 0.597 -0.404 -0.033 0.931 0.244 -0.732 -0.958 0.278 -0.303 0.942 -0.465 -0.831 0.337 0.232 0.501
-0.942 0.644 0.085 0.163 0.685 0.621 0.081 0.535 0.172 0.597 -0.404 -0.033 0.931 0.244 -0.732 -0.958 0.278 -0.303 0.942 -0.465 -0.831 -0.465 0.232 0.501
-0.942 0.644 0.085 0.163 0.685 0.621 0.081 0.535 0.172 0.597 -0.404 -0.033 0.931 0.244 -0.732 -0.958 0.278 -0.303 0.942 -0.465 -0.831 0.337 0.232 0.501
-0.942 0.644 0.085 0.163 0.685 0.621 0.081 0.535 0.172 0.597 -0.404 -0.033 0.931 0.244 -0.732 -0.958 0.278 -0.303 0.942 -0.465 -0.831 0.337 0.232 0.501
-0.942 0.644 0.085 0.163 0.685 0.621 0.081 0.535 0.172 0.597 -0.404 -0.033 0.931 0.244 -0.732 -0.958 0.278 -0.303 0.942 -0.465 -0.831 0.337 0.232 0.501
-0.942 0.644 0.085 0.163 0.685 0.621 0.081 0.535 0.172 0.597 -0.404 -0.033 0.931 0.244 -0.732 -0.958 0.278 -0.303 0.942 -0.465 -0.831 0.337 0.232 0.501
-0.942 0.644 0.085 0.163 0.685 0.621 0.081 0.535 0.172 0.597 -0.404 -0.033 0.931 0.244 -0.732 -0.958 0.278 -0.303 0.942 -0.465 -0.831 0.337 0.232 0.501
-0.709 0.334 -0.023 0.420 0.752 0.301 -0.226 0.013 0.706 -0.880 -0.031 0.329 0.140 -0.543 -0.336 0.939 -0.296 0.807 0.066 -0.021 0.045 0.827 0.822 -0.211
0.912 0.848 0.881 0.488 0.841 0.501 -0.684 -0.753 0.673 -0.002 -0.353 -0.749 -0.568 0.410 -0.943 0.292 -0.509 0.579 -0.122 -0.435 -0.898 -0.934 -0.656 -0.663
-0.525 -0.048 -0.369 0.297 0.258 0.528 -0.738 0.530 -0.454 0.509 0.052 0.569 0.151 0.191 -0.892 -0.043 -0.846 -0.904 -0.925 0.890 0.098 0.699 -0.493 -0.365
-0.396 -0.414 -0.677 -0.362 0.610 0.795 -0.833 0.561 0.352 0.997 0.196 0.699 0.441 0.355 0.713 0.666 0.350 -0.759 -0.627 -0.091 0.919 -0.967 0.178 -0.646
0.009 -0.323 0.826 0.869 0.604 -0.189 0.516 -0.927 0.163 0.159 0.834 0.757 -0.343 0.764 0.006 0.816 -0.701 0.646 0.286 0.618 -0.887 0.183 -0.410 0.439
-0.281 -0.324 -0.674 -0.733 -0.452 -0.558 0.154 0.652 -0.365 -0.175 0.969 0.794 0.101 0.362 0.805 0.389 -0.279 -0.576 0.793 0.311 0.324 0.519 0.657 0.817
0.541 0.872 -0.720 0.491 -0.228 -0.493 -0.248 -0.224 0.339 -0.850 0.353 -0.383 -0.780 0.430 0.237 -0.492 0.164 -0.150 -0.445 0.597 0.563 0.975 0.323 -0.224
0.884 0.784 -0.198 0.459 -0.735 -0.937 0.900 0.276 -0.802 0.822 0.948 0.119 0.179 -0.954 -0.815 0.540 -0.347 -0.573 0.998 0.591 0.781 -0.380 -0.740 0.577
-0.372 -0.351 0.736 -0.389 -0.025 -0.656 -0.318 -0.481 0.826 0.752 0.075 -0.417 -0.324 0.849 -0.192 0.270 -0.227 -0.159 0.257 -0.768 0.485 -0.695 -0.743 -0.986
-0.494 -0.305 0.122 0.590 -0.872 -0.396 -0.662 -0.454 -0.515 0.910 0.104 0.418 -0.331 -0.092 -0.151 0.440 0.128 -0.465 -0.611 0.118 0.640 -0.446 0.671 -0.630
-0.821 0.001 0.570 0.019 -0.853 0.457 -0.320 -0.425 0.576 -0.035 0.067 0.480 -0.896 -0.791 -0.260 0.650 -0.269 0.280 -0.654 0.559 0.186 -0.190 -0.347 -0.450
0.031 0.351 0.427 -0.491 -0.006 -0.777 0.541 -0.426 0.044 0.526 0.089 -0.510 -0.472 -0.121 0.396 0.913 0.822 0.167 0.799 0.827 -0.341 0.365 -0.068 0.681
0.443 0.845 0.847 -0.998 0.042 0.026 0.187 -0.962 -0.699 0.903 0.783 -0.606 0.471 0.219 -0.791 0.129 -0.856 -0.274 -0.819 0.239 0.540 -0.879 0.948 -0.901
0.725 0.712 0.327 -0.144 -0.498 0.242 0.542 0.898 0.261 0.316 0.658 -0.958 0.008 -0.515 0.908 -0.904 -0.370 -0.538 0.494 -0.038 0.090 -0.610 0.237 -0.622
-0.381 -0.681 0.653 0.530 -0.231 -0.449 0.304 0.598 0.726 0.579 0.007 -0.731 -0.048 0.299 -0.407 -0.300 -0.863 0.032 0.418 -0.161 0.963 0.964 0.554 0.043
0.011 0.821 -0.773 -0.089 -0.834 0.272 0.211 0.875 -0.236 0.020 -0.059 -0.171 -0.581 -0.679 -0.823 0.453 0.117 0.366 0.115 0.004 -0.165 -0.036 -0.596 -0.796
0.680 -0.479 -0.955 0.217 -0.686 0.595 0.907 0.676 -0.670 0.432 0.979 0.184 -0.168 0.916 -0.485 -0.219 -0.540 -0.788 -0.945 0.529 0.638 -0.796 0.067 0.130
0.667 0.087 0.539 0.374 -0.399 -0.988 -0.552 -0.019 0.335 -0.005 0.019 0.077 -0.521 0.753 -0.881 0.656 0.715 -0.094 -0.839 0.987 0.120 -0.887 -0.039 0.533
0.489 0.591 -0.114 -0.619 0.391 -0.245 0.504 -0.866 -0.070 -0.327 0.396 -0.082 0.571 -0.796 -0.475 0.747 -0.239 -0.311 -0.509 0.657 -0.251 0.646 0.462 -0.501
-0.992 -0.563 0.911 0.978 -0.898 -0.095 0.139 0.816 0.842 -0.616 -0.217 -0.613 0.936 -0.244 -0.819 0.125 -0.726 -0.914 0.600 -0.922 -0.364 -0.958 -0.504 0.658
-0.713 0.919 0.473 -0.902 -0.976 0.567 -0.611 0.620 -0.079 0.019 0.904 0.084 0.713 -0.855 0.441 0.171 0.197 -0.183 -0.396 0.203 0.973 -0.353 -0.398 -0.185
0.155 -0.427 -0.394 -0.408 -0.027 -0.840 0.197 -0.656 0.076 0.194 0.373 0.116 -0.990 -0.581 -0.123 -0.918 0.713 -0.882 -0.919 0.026 -0.855 0.495 -0.147 0.869
0.145 0.483 -0.894 0.500 -0.768 0.060 0.952 -0.230 -0.410 -0.116 -0.632 0.858 0.091 -0.627 0.130 0.246 -0.220 -0.234 0.555 -0.839 0.003 -0.781 0.661 -0.525
-0.460 -0.502 -0.570 0.412 0.361 -0.747 -0.427 0.182 -0.374 0.529 0.370 -1.000 -0.689 -0.415 -0.122 0.823 -0.872 -0.073 0.454 -0.413 -0.296 0.525 0.441 -0.959
-0.860 -0.810 -0.153 -0.749 -0.027 -0.644 -0.355 -0.966 0.642 0.875 -0.973 -0.555 0.579 0.828 0.964 0.049 0.608 -0.084 -0.744 -0.626 0.006 -0.144 0.155 -0.077
-0.769 0.628 -0.860 -0.982 -0.511 0.139 0.781 0.538 0.345 0.413 -0.542 -0.949 -0.878 0.287 -0.607 -0.252 -0.519 0.043 -0.751 0.706 0.015 -0.582 0.353 -0.367
-0.342 0.392 0.001 -0.463 0.009 0.810 -0.212 0.020 -0.412 0.043 0.646 -0.363 0.780 0.388 0.077 0.202 0.850 0.544 0.280 -0.971 -0.618 -0.973 0.966 -0.914
-0.819 -0.213 0.516 0.188 0.997 -0.904 0.819 -0.188 0.055 0.568 -0.308 0.620 -0.559 -0.795 0.537 0.269 0.356 -0.547 1.000 0.120 0.344 -0.456 -0.946 -0.503
-0.632 -0.837 -0.309 0.383 -0.977 0.579 -0.234 -0.486 0.751 -0.833 -0.646 -0.781 0.683 0.354 -0.150 -0.854 -0.689 -0.354 0.070 -0.645 -0.719 -0.804 -0.294 0.829
-0.436 -0.742 -0.986 -0.959 0.301 -0.977 -0.117 -0.834 0.374 -0.404 0.885 -0.049 0.226 -0.822 -0.202 0.832 0.923 -0.690 -0.057 0.493 -0.135 0.506 -0.991 0.509
0.457 0.322 -0.911 -0.316 0.370 0.212 -0.714 0.300 0.885 -0.417 -0.770 0.567 0.754 -0.931 -0.654 0.902 -0.475 -0.785 0.871 0.148 -0.474 -0.097 0.238 0.144
-0.255 0.222 -0.726 -0.614 0.439 -0.083 -0.300 0.585 0.082 0.871 -0.929 0.055 0.276 -0.061 -0.012 -0.669 -0.433 0.171 -0.401 0.495 0.513 -0.167 -0.714 -0.273
0.162 0.003 -0.059 -0.159 0.941 0.524 0.623 -0.845 0.951 -0.279 0.697 -0.577 0.961 0.768 -0.442 0.453 0.943 -0.550 0.216 0.514 -0.143 0.480 0.675 -0.275
-0.170 0.174 -0.841 -0.518 -0.426 -0.679 -0.141 0.098 -0.779 -0.006 0.808 0.719 0.073 -0.906 -0.808 -0.383 -0.731 -0.151 0.301 -0.666 -0.273 -0.056 0.592 -0.865
0.167 -0.141 0.569 0.607 -0.740 -0.116 -0.812 0.476 0.112 -0.205 0.031 -0.023 -0.161 -0.597 0.839 0.179 -0.844 -0.379 -0.681 -0.463 0.981 -0.699 0.998 0.369
-0.675 0.805 -0.613 -0.139 0.156 -0.910 -0.307 0.784 -0.585 -0.461 0.993 -0.970 -0.093 -0.818 -0.706 -0.449 0.645 0.804 -0.020 0.955 0.516 -0.344 -0.066 0.609
-0.981 -0.610 0.321 0.656 -0.578 -0.963 0.546 0.258 0.475 0.595 0.355 0.097 0.810 -0.850 0.829 0.622 -0.192 -0.331 -0.060 -0.440 -0.921 0.606 0.337 0.945
-0.395 -0.850 0.137 0.089 0.709 0.250 -0.319 -0.386 -0.805 0.935 -0.487 -0.905 -0.790 -0.201 0.109 0.994 0.940 -0.261 -0.210 0.196 0.259 0.521 -0.409 0.063
0.870 -0.238 0.178 0.724 0.373 -0.648 0.100 0.321 -0.635 0.831 0.484 -0.315 0.963 0.209 0.763 0.435 -0.248 -0.240 0.647 0.079 -0.048 0.088 0.375 -0.022
0.136 0.996 -0.742 0.715 -0.509 -0.192 0.934 -0.131 0.337 0.062 0.951 -0.055 -0.053 0.572 -0.523 -0.192 0.235 -0.960 -0.343 -0.922 0.285 -0.343 -0.717 -0.121
-0.580 0.806 0.028 -0.601 -0.436 0.433 0.367 -0.290 0.746 0.847 -0.253 -0.779 0.427 0.963 -0.378 -0.423 0.134 -0.222 0.591 0.117 -0.286 0.394 -0.626 0.975
-0.493 0.262 0.673 -0.858 -0.704 -0.655 0.327 -0.407 0.842 -0.301 0.059 0.341 -0.118 0.939 0.656 -0.912 -0.914 -0.520 -0.684 -0.233 0.084 -0.805 -0.040 -0.194
-0.422 -0.562 0.131 -0.091 0.185 0.625 0.040 -0.975 -0.689 -0.939 -0.095 -0.009 0.537 -0.422 0.398 0.292 -0.227 0.349 -0.482 -0.658 -0.354 -0.656 -0.223 -0.461
0.076 0.351 -0.076 0.185 -0.553 -0.914 -0.941 -0.821 0.064 0.471 -0.016 -0.570 0.423 0.121 0.288 0.534 0.924 -0.418 0.847 -0.833 0.894 0.092 -0.189 0.067
-0.923 -0.785 -0.907 0.404 0.511 0.174 0.922 -0.441 0.334 0.946 -0.964 -0.175 -0.269 -0.280 -0.735 0.296 -0.433 0.395 -0.227 0.363 -0.196 -0.769 0.746 -0.943
0.368 -0.543 0.015 0.515 -0.904 0.042 -0.035 -0.049 0.821 0.911 0.685 0.197 -0.432 -0.392 -0.522 0.852 -0.114 0.947 -0.595 0.288 -0.902 -0.171 -0.842 -0.654
0.473 0.769 0.513 -0.894 0.427 -0.712 -0.618 -0.295 0.055 -0.216 0.927 -0.154 0.613 -0.907 -0.430 -0.532 0.271 -0.306 -0.016 -0.729 0.680 -0.431 0.206 0.237
0.460 0.172 -0.911 0.196 -0.134 -0.910 -0.190 -0.138 0.489 -0.726 0.618 -0.660 0.694 -0.603 0.586 0.595 0.795 0.914 -0.002 -0.063 0.629 -0.071 0.368 -0.225
0.706 -0.641 -0.973 0.596 0.850 0.586 -0.546 0.716 -0.115 0.416 0.118 -0.010 0.374 -0.328 0.853 -0.783 -0.789 0.032 -0.882 -0.570 -0.648 -0.259 -0.409 0.976
-0.107 0.157 -0.078 0.798 0.847 0.831 0.869 0.070 -0.230 0.937 0.580 0.402 0.999 -0.543 -0.703 0.937 -0.745 -0.627 -0.645 -0.281 0.033 0.932 -0.455 -0.979
0.539 -0.377 -0.663 0.278 -0.616 0.306 -0.260 0.023 0.795 0.337 0.514 0.554 0.009 0.130 0.124 -0.612 -0.072 0.309 -0.090 -0.461 0.369 0.888 -0.150 -0.063
-0.068 0.066 0.320 -0.922 -0.445 0.727 -0.335 -0.431 0.131 -0.657 0.964 -0.741 0.563 -0.265 -0.557 0.366 0.209 -0.563 0.496 0.139 0.778 -0.430 0.351 0.315
0.321 -0.872 0.756 -0.016 0.262 0.455 0.881 -0.702 0.677 -0.560 -0.997 -0.245 0.522 -0.959 0.785 0.406 0.674 -0.620 -0.605 0.527 -0.529 0.586 -0.138 -0.103
-0.398 -0.124 0.999 -0.019 0.821 0.924 -0.255 -0.645 0.325 0.049 -0.176 -0.452 -0.237 0.401 -0.878 0.188 -0.310 -0.485 -0.538 -0.799 -0.815 0.101 0.725 -0.709
-0.992 0.450 0.744 0.124 -0.751 0.842 0.906 -0.944 0.490 -0.368 0.593 -0.800 -0.596 0.185 0.302 0.999 -0.134 0.221 0.940 0.373 -0.672 0.670 0.243 -0.015
0.113 -0.955 0.159 -0.550 -0.758 0.243 0.017 0.403 0.167 -0.899 0.382 0.554 -0.489 0.035 0.086 -0.348 0.677 -0.441 -0.281 -0.528 -0.649 0.959 0.139 -0.366
-0.150 0.298 -0.933 0.936 0.292 0.289 -0.569 0.168 0.645 -0.042 -0.236 -0.924 -0.506 -0.071 -0.295 0.090 0.415 0.014 0.169 -0.117 0.925 -0.636 0.475 -0.627
-0.442 -0.009 0.154 0.099 0.835 0.862 0.240 0.829 0.386 -0.166 -0.562 -0.594 0.956 0.633 -0.836 -0.213 -0.607 0.317 -0.470 0.848 0.414 0.979 -0.321 0.823
0.100 -0.030 0.045 -0.758 0.237 -0.420 -0.842 -0.755 0.035 -0.574 0.210 -0.573 0.322 -0.681 0.055 -0.638 -0.114 -0.701 0.520 -0.111 -0.958 0.777 0.015 -0.694
0.068 0.476 -0.120 0.872 0.356 0.649 0.357 -0.388 0.759 -0.084 -0.534 0.115 -0.629 0.195 0.827 0.033 -0.196 0.494 -0.689 0.425 0.537 -0.117 0.466 -0.740
-0.021 0.543 -0.315 -0.841 0.634 -0.112 -0.285 -0.314 0.669 -0.894 0.381 0.584 0.968 0.712 0.766 -0.460 -0.684 0.078 0.617 -0.569 0.765 0.517 0.390 -0.091
-0.826 0.664 -0.721 -0.981 -0.298 0.387 0.083 0.001 0.108 0.101 -0.988 -0.536 0.407 -0.004 -0.738 0.492 -0.769 0.428 0.589 -0.697 0.826 0.631 -0.446 -0.234
0.743 0.894 0.739 -0.022 0.108 0.484 -0.554 0.562 0.292 -0.903 -0.959 0.783 -0.823 0.005 -0.708 -0.002 0.456 -0.303 0.608 0.538 -0.376 -0.439 -0.007 -0.779
-0.440 -0.757 -0.970 0.994 -0.935 0.982 0.956 0.001 -0.439 0.864 0.666 -0.129 0.308 0.415 0.078 -0.490 -0.758 0.342 0.437 -0.772 -0.995 0.952 -0.752 0.611
0.783 0.153 0.741 0.302 0.798 0.160 0.327 -0.131 -0.073 0.517 0.932 0.105 0.384 -0.715 -0.249 0.516 -0.009 0.993 -0.398 -0.497 0.111 0.201 0.589 -0.824
0.395 -0.369 -0.822 0.567 -0.438 0.827 -0.850 -0.219 0.661 0.614 0.775 -0.692 0.416 -0.284 -0.228 0.614 0.162 -0.574 -0.667 0.716 0.421 -0.871 -0.181 0.856
-0.374 -0.974 -0.346 0.763 0.808 0.658 -0.187 -0.907 -0.999 -0.854 -0.423 -0.798 -0.267 0.969 -0.880 0.479 0.107 0.532 -0.196 0.499 0.244 0.359 -0.157 0.743
-0.171 0.402 0.540 0.166 0.908 -0.350 -0.950 0.037 -0.575 -0.395 0.759 0.764 -0.977 -0.711 -0.251 -0.348 -0.889 -0.697 0.403 0.968 0.896 -0.970 0.530 -0.821
0.499 -0.453 -0.903 0.297 0.711 0.631 -0.174 -0.320 0.268 -0.827 -0.715 -0.819 -0.146 0.064 0.082 -0.208 -0.021 -0.831 -0.641 0.146 -0.947 -0.127 -0.889 0.047
0.367 0.110 -0.083 -0.901 0.169 0.546 0.141 -0.122 -0.939 0.156 -0.272 -0.481 0.236 -0.958 -0.349 0.794 0.896 -0.950 -0.880 0.894 -0.994 -0.318 -0.197 -0.916
-0.091 0.603 0.162 0.631 -0.061 0.261 -0.770 -0.858 0.220 -0.646 0.756 -0.978 -0.919 -0.034 0.721 -0.588 0.554 0.952 -0.876 0.468 0.136 0.783 0.602 0.498
0.299 0.283 0.255 -0.386 0.580 0.471 -0.903 0.759 -0.915 -0.835 0.613 -0.911 -0.101 -0.901 -0.399 -0.928 0.504 -0.310 -0.627 -0.362 0.052 0.438 0.022 -0.535
-0.850 -0.010 0.957 -0.103 -0.245 -0.815 -0.519 0.597 -0.282 0.249 0.443 0.607 0.344 -0.370 0.164 -0.021 0.678 -0.740 0.563 -0.317 0.117 -0.335 -0.867 -0.272
-0.295 0.909 -0.638 -0.614 0.547 0.552 -0.432 0.533 -0.620 -0.502 -0.927 0.529 0.344 -0.779 0.953 0.805 -0.883 0.528 0.941 0.963 0.125 -0.869 -0.936 -0.485
-0.839 0.351 -0.163 0.906 -0.209 -0.688 0.876 -0.873 0.625 -0.667 0.179 -0.038 -0.152 -0.587 -0.420 -0.950 0.691 -0.501 0.428 -0.444 -0.093 -0.182 -0.977 -0.029
0.187 0.158 -0.110 0.591 -0.815 0.571 -0.184 -0.396 0.161 -0.000 -0.921 0.452 0.053 -0.704 0.459 -0.774 -0.137 -0.886 0.984 -0.555 -0.951 0.901 -0.834 0.935
-0.522 -0.482 -0.148 -0.663 0.295 0.648 0.218 -0.793 -0.412 -0.365 0.729 0.169 0.668 -0.408 -0.657 -0.412 -0.872 0.333 0.655 0.778 0.658 0.406 -0.280 -0.823
-0.626 0.391 -0.721 -0.057 0.738 -0.678 -0.145 0.073 -0.951 -0.110 0.615 0.586 0.069 -0.889 0.183 -0.107 -0.239 -0.580 -0.114 -0.540 -0.515 0.885 -0.906 -0.809
0.823 -0.270 0.222 -0.717 -0.027 -0.037 0.995 -0.478 0.103 0.165 -0.681 -0.991 -0.714 0.919 -0.166 0.823 0.941 0.363 -0.631 -0.761 -0.617 0.072 0.641 -0.377
-0.449 0.859 0.994 -0.220 -0.344 -0.159 0.810 -0.374 -0.233 0.309 0.167 -0.184 0.656 0.891 0.253 -0.825 0.753 -0.427 0.016 0.937 0.388 0.614 -0.303 -0.228
0.197 -0.139 -0.021 0.608 -0.713 -0.212 0.378 -0.416 -0.744 -0.465 0.896 -0.563 0.033 -0.586 -0.803 -0.091 0.568 -0.576 -0.451 0.666 0.514 0.554 0.193 0.860
-0.053 -0.803 0.165 -0.598 -0.782 0.309 0.040 -0.615 0.798 -0.864 -0.107 -0.263 -0.732 0.551 0.642 0.970 -0.193 -0.759 -0.278 -0.216 0.890 0.549 -0.788 0.460
-0.165 0.013 -0.460 0.503 0.722 -0.511 -0.769 0.694 0.527 0.667 -0.441 -0.504 0.716 0.841 0.219 0.596 0.497 0.663 0.084 -0.486 -0.717 -0.226 0.636 0.406
0.464 -0.766 0.837 0.610 0.541 0.462 0.839 0.061 -0.818 0.163 0.997 0.350 0.391 0.786 -0.716 0.696 0.938 -0.679 0.426 -0.480 0.154 0.784 -0.635 0.806
-0.520 0.685 0.180 -0.508 0.381 0.698 -0.739 -0.724 -0.220 -0.900 -0.386 0.581 -0.572 0.916 -0.711 -0.191 -0.306 0.048 0.780 -0.710 0.079 -0.119 -0.022 -0.249
-0.430 0.690 0.950 0.630 -0.292 -0.426 -0.072 -0.428 0.750 0.294 -0.222 -0.395 0.278 0.773 -0.454 -0.368 -0.343 0.635 -0.359 0.603 -0.316 -0.795 -0.560 -0.375
-0.209 -0.066 0.098 -0.264 0.233 0.975 -0.074 0.771 -0.886 -0.540 0.248 0.469 0.573 -0.016 0.511 -0.682 -0.753 -0.195 -0.379 0.405 -0.203 0.131 -0.691 -0.015
0.987 0.366 -0.236 -0.545 0.993 -0.679 -0.267 0.583 -0.895 -0.217 -0.681 0.257 0.483 -0.589 -0.478 -0.449 0.389 0.675 0.882 0.465 0.968 0.829 0.115 0.062
0.066 -0.902 0.663 0.428 0.411 0.431 0.480 0.284 -0.921 0.832 0.660 0.774 0.864 -0.145 -0.618 0.417 -0.719 0.082 -0.702 -0.149 0.539 -0.655 -0.071 -0.161
-0.220 0.760 0.353 -0.093 -0.316 0.454 0.988 0.218 -0.079 -0.794 -0.342 -0.903 -0.982 -0.721 0.359 -0.663 0.239 0.084 0.627 0.781 0.633 -0.364 0.459 -0.817
0.123 -0.176 -0.188 -0.125 0.722 0.144 -0.006 -0.044 -0.673 0.570 -0.159 -0.328 -0.169 0.215 -0.094 -0.306 0.340 -0.616 0.939 0.931 -0.466 0.079 -0.657 0.020
-0.835 -0.414 0.953 0.810 0.771 0.588 -0.038 0.996 -0.865 -0.171 -0.391 -0.921 -0.898 -0.380 0.867 0.159 0.476 -0.160 0.836 0.620 0.174 0.941 -0.367 0.178
0.831 -0.748 -0.859 -0.468 -0.848 0.068 -0.667 0.278 -0.722 -0.865 0.402 -0.099 0.614 0.127 -0.695 -0.345 -0.849 0.101 0.711 0.327 -0.558 -0.960 0.594 0.702
0.553 0.753 0.204 -0.442 0.031 0.988 -0.935 -0.451 0.459 0.423 -0.076 -0.381 0.149 -0.244 -0.286 -0.091 -0.128 0.881 -0.686 0.024 0.212 0.042 -0.379 -0.996
-0.338 -0.010 0.764 0.900 0.101 0.620 0.164 0.727 -0.566 -0.967 0.728 -0.120 -0.422 0.571 0.214 0.779 -0.905 0.591 -0.078 -0.599 -0.164 0.038 0.983 -0.201
-0.867 0.414 0.111 -0.197 0.827 -0.068 0.869 -0.891 -0.071 0.742 -0.039 -0.141 -0.363 -0.195 -0.400 -0.508 -0.604 -0.945 -0.188 -0.150 -0.105 -0.873 0.074 0.136
-0.564 0.996 0.192 -0.889 -0.020 -0.993 0.486 -0.642 0.562 0.797 0.463 0.619 -0.231 0.547 0.179 0.625 0.605 0.800 -0.377 0.041 0.738 -0.153 0.854 0.593
0.048 0.999 -0.493 0.080 -0.285 -0.250 -0.191 -0.318 0.404 -0.267 0.519 -0.717 -0.527 0.901 0.187 0.695 0.450 0.481 0.096 -0.762 0.904 0.691 -0.392 -0.799
-0.924 0.131 0.148 -0.890 0.067 -0.805 0.553 0.985 -0.023 -0.598 -0.123 -0.653 -0.355 0.396 0.953 -0.045 -0.550 0.276 0.992 -0.887 -0.315 -0.208 0.281 -0.116
0.809 -0.729 0.186 0.285 -0.012 -0.842 0.669 -0.759 -0.897 -0.942 0.535 0.864 0.194 0.607 0.106 0.158 -0.417 0.867 -0.832 -0.206 -0.644 -0.201 -0.839 -0.435
0.166 0.914 -0.717 -0.432 0.116 -0.679 0.919 -0.741 0.799 -0.058 -0.655 -0.483 -0.414 -0.542 -0.653 0.933 -0.486 0.541 -0.951 0.240 -0.164 0.724 0.947 -0.184
0.502 0.012 -0.261 0.499 -0.368 -0.553 -0.498 -0.974 -0.234 -0.234 -0.113 0.084 0.835 -0.071 -0.300 0.415 0.955 0.342 -0.285 -0.813 0.739 -0.885 0.014 -0.808
0.730 -0.597 -0.920 0.656 -0.262 -0.091 0.100 -0.045 0.566 -0.782 0.763 0.822 0.260 -0.576 0.991 -0.077 -0.470 0.921 -0.038 -0.179 0.268 0.932 -0.357 -0.561
0.239 0.304 0.527 0.867 0.437 0.415 -0.289 0.557 0.931 -0.762 -0.629 0.567 0.047 0.176 -0.817 -0.656 -0.877 -0.827 -0.999 -0.754 -0.900 0.821 -0.552 -0.540
0.635 -0.911 -0.815 0.444 -0.614 0.818 0.491 -0.053 0.009 0.312 -0.796 0.899 -0.565 -0.944 -0.971 0.585 -0.558 0.311 0.714 -0.553 -0.297 -0.547 0.730 0.807
0.215 -0.754 -0.368 -0.389 0.164 -0.828 0.354 0.645 0.452 0.359 0.501 0.415 0.056 -0.014 0.441 0.319 -0.268 0.870 -0.955 -0.969 0.697 -0.053 0.204 -0.606
-0.766 0.385 0.967 0.137 0.023 0.499 0.823 -0.931 0.116 -0.518 -0.352 0.506 -0.108 -0.689 0.036 -0.871 0.850 0.766 -0.053 -0.838 0.135 0.388 -0.526 -0.371
-0.213 0.551 0.428 -0.651 0.667 -0.219 -0.454 0.130 0.529 0.004 -0.492 0.391 0.579 0.848 -0.309 0.582 0.903 0.415 0.266 -0.771 0.122 -0.142 0.803 -0.400
-0.214 0.040 0.351 -0.664 0.923 -0.124 0.454 -0.900 0.759 -0.954 -0.724 -0.965 0.723 0.981 0.172 -0.921 -0.870 0.393 0.340 -0.091 -0.151 0.585 0.199 0.839
-0.610 0.746 0.754 0.346 0.208 -0.638 0.857 -0.655 -0.710 -0.981 0.663 -0.501 -0.241 0.319 -0.895 -0.247 0.620 -0.513 -0.352 0.479 0.443 0.674 -0.180 0.063
0.440 -0.467 0.962 0.978 0.089 0.185 -0.671 -0.995 -0.322 0.644 -0.899 0.634 -0.073 0.523 0.718 0.989 0.095 0.181 -0.292 0.199 -0.406 -0.073 0.772 0.272
0.065 -0.484 -0.651 -0.937 -0.355 0.666 -0.614 0.098 0.536 0.768 -0.141 -0.914 0.482 0.696 0.426 0.530 0.106 -0.863 -0.360 0.582 0.930 0.318 0.065 0.180
-0.982 -0.039 0.021 -0.765 0.278 -0.778 0.957 0.137 -0.970 -0.532 0.684 -0.308 0.031 0.001 0.989 -0.872 -0.579 0.450 -0.838 -0.866 -0.091 -0.941 -0.720 0.489
-0.550 -0.367 0.767 0.858 -0.239 -0.489 -0.402 -0.780 0.726 -0.848 0.327 0.639 0.275 -0.901 0.373 -0.657 0.381 0.928 0.441 0.875 0.878 0.429 -0.843 0.601
0.466 -0.019 -0.315 -0.858 0.990 0.738 -0.332 0.565 0.493 0.662 0.295 -0.576 -0.479 -0.058 0.277 -0.417 0.955 0.704 0.314 0.889 -0.881 -0.160 -0.893 0.666
-0.189 0.474 -0.367 0.280 0.752 -0.096 0.978 0.098 0.503 -0.524 -0.536 -0.157 0.829 0.453 0.603 0.421 -0.716 -0.369 -0.424 -0.660 0.613 0.710 -0.202 0.894
0.577 -0.265 0.400 -0.515 -0.737 -0.939 0.915 0.757 -0.401 -0.566 -0.458 -0.351 -0.139 -0.687 0.897 -0.434 0.107 -0.494 -0.430 -0.479 -0.823 0.529 -0.702 -0.422
-0.893 0.421 -0.998 -0.947 0.767 -0.172 -0.516 0.992 0.676 0.871 0.776 -0.045 0.106 0.678 -0.633 0.437 0.601 -0.215 0.066 0.775 0.734 0.381 0.995 -0.158
0.912 -0.234 -0.889 0.549 0.608 -0.099 -0.380 0.105 0.325 -0.108 0.679 -0.432 -0.945 -0.687 -0.338 -0.002 -0.371 0.166 0.995 0.010 -0.449 -0.471 0.547 0.280
0.055 -0.252 -0.747 -0.820 -0.845 0.474 0.292 0.788 0.976 -0.725 0.392 -0.976 -0.293 0.154 0.538 0.416 -0.899 0.679 0.755 0.546 0.636 0.690 -0.103 0.497
-0.641 0.895 -0.246 -0.688 0.973 -0.008 0.147 -0.155 -0.309 -0.889 0.918 -0.353 0.358 0.641 0.380 -0.876 -0.142 -0.272 0.381 0.704 -0.874 -0.643 -0.097 -0.493
0.189 -0.641 0.106 0.570 -0.194 -0.196 0.798 0.245 -0.414 0.182 -0.328 -0.705 0.571 -0.786 -0.329 0.794 -0.992 -0.328 0.646 -0.495 0.299 0.867 0.771 0.731
0.156 0.445 0.317 -0.212 0.945 -0.311 0.210 0.760 0.511 -0.344 -0.812 -0.796 0.961 -0.923 0.674 0.419 0.074 -0.563 0.055 -0.261 0.026 0.591 -0.033 0.415
-0.816 -0.300 -0.053 -0.458 -0.092 -0.610 0.802 -0.416 0.618 0.092 -0.952 -0.123 0.608 -0.081 -0.849 0.386 -0.628 0.423 -0.482 0.010 0.408 -0.090 0.145 0.765
-0.216 -0.775 -0.944 -0.181 -0.328 -0.439 -0.890 -0.759 -0.139 -0.957 -0.075 0.589 -0.330 -0.049 -0.541 0.147 0.218 0.914 -0.615 -1.000 0.650 0.442 0.800 -0.617
0.472 -0.526 -0.467 0.064 0.631 -0.139 -0.286 -0.219 0.781 0.465 -0.090 -0.997 -0.047 -0.423 0.158 -0.928 -0.714 0.991 0.881 0.187 -0.287 -0.997 -0.871 0.854
0.915 -0.852 0.640 -0.910 -0.370 0.577 -0.144 -0.703 -0.723 -0.918 -0.033 -0.631 0.184 -0.532 0.519 0.734 0.695 0.237 -0.854 0.294 0.715 -0.736 -0.048 -0.324
0.416 0.871 0.755 0.857 -0.047 0.273 0.882 -0.598 0.442 0.598 0.139 0.492 0.561 -0.299 -0.523 0.653 0.757 -0.935 0.060 -0.150 -0.773 -0.408 0.486 0.936
-0.266 0.180 -0.581 -0.735 0.436 -0.144 0.265 0.443 0.059 0.219 0.600 -0.404 -0.468 -0.179 -0.073 0.998 -0.808 0.324 -0.238 0.585 0.884 -0.820 -0.855 0.859
-0.832 -0.040 0.108 -0.413 0.045 -0.627 0.842 0.960 0.626 -0.132 -0.035 0.739 -0.420 -0.998 -0.308 0.514 -0.626 -0.100 -0.997 -0.013 -0.602 0.541 0.769 -0.142
-0.915 0.169 0.977 -0.649 0.242 0.807 0.866 -0.441 0.005 0.035 0.688 0.717 0.154 -0.845 -0.559 0.056 0.547 0.800 0.993 0.221 0.819 -0.728 0.278 -0.132
0.042 0.469 0.663 0.856 0.716 0.836 0.930 0.000 0.537 0.938 0.689 -0.331 0.827 0.350 -0.839 0.021 0.827 -0.839 -0.804 0.896 -0.487 -0.514 0.973 0.197
-0.486 0.992 -0.416 0.497 0.224 0.928 0.622 0.148 -0.849 0.571 -0.587 0.495 0.035 -0.249 -0.345 -0.386 0.315 0.121 0.093 -0.573 -0.325 -0.302 0.876 -0.642
0.982 0.327 -0.840 -0.368 0.131 0.267 -0.603 0.122 0.423 0.668 -0.555 0.005 0.761 0.967 0.812 0.564 -0.888 0.168 0.293 -0.381 -0.425 0.200 0.535 0.303
0.848 0.869 0.720 -0.869 0.715 -0.815 -0.183 -0.435 0.462 -0.876 -0.717 0.722 0.286 -0.114 0.488 -0.158 0.523 -0.288 0.619 0.583 0.319 -0.933 0.921 -0.471
0.336 0.603 0.953 -0.456 0.532 -0.526 0.802 0.273 -0.360 -0.968 0.211 0.487 -0.327 0.655 -0.175 0.093 0.640 -0.302 -0.190 -0.236 -0.560 0.905 -0.656 -0.748
0.494 -0.769 -0.792 0.530 0.538 0.921 -0.328 0.377 -0.710 -0.447 -0.963 -0.993 -0.552 -0.810 -0.740 -0.609 -0.342 -0.322 0.690 -0.724 0.836 -0.433 0.998 -0.202
-0.737 0.928 -0.487 0.580 0.039 -0.140 -0.276 0.834 -0.284 0.316 0.801 -0.459 0.604 -0.186 0.480 0.956 -0.548 -0.383 -0.506 0.516 -0.358 0.823 -0.800 -0.641
-0.921 -0.773 -0.609 -0.607 0.426 -0.017 0.518 0.205 -0.449 -0.265 0.292 0.397 -0.210 0.916 0.466 0.085 0.974 -0.046 -0.477 0.021 -0.428 -0.176 0.084 0.644
-0.167 0.172 -0.081 -0.139 0.895 0.575 0.687 -0.184 -0.243 -0.369 0.299 0.356 0.844 0.319 0.497 0.907 0.589 0.979 -0.759 -0.945 0.105 -0.891 -0.392 0.507
0.193 0.548 0.692 -0.144 -0.421 0.736 0.510 -0.026 -0.949 0.458 -0.829 0.129 0.416 -0.500 0.188 -0.865 0.970 -0.301 -0.964 0.619 -0.197 0.385 0.747 -0.529
0.779 0.781 -0.818 -0.833 0.600 0.432 0.737 -0.716 -0.055 0.545 0.381 0.026 -0.386 -0.399 -0.899 0.419 -0.429 -0.762 -0.972 -0.542 -0.429 -0.641 -0.857 0.895
0.159 0.528 0.488 0.665 -0.463 -0.940 -0.872 -0.293 0.773 0.521 0.775 -0.837 0.449 -0.403 -0.104 -0.972 0.482 -0.753 -0.250 0.353 -0.573 -0.213 0.460 0.166
0.151 0.327 -0.257 0.836 -0.161 -0.097 0.638 -0.159 -0.334 -0.898 0.557 0.310 -0.536 0.736 0.553 -0.484 -0.792 -0.857 -0.063 -0.627 0.815 0.677 -0.279 0.206
-0.353 0.756 0.148 0.311 0.486 -0.738 0.019 -0.215 0.146 -0.791 0.468 -0.378 0.463 -0.181 -0.068 -0.307 0.291 -0.130 -0.310 0.229 0.390 -0.991 -0.285 -0.574
0.503 0.161 -0.472 -0.707 0.503 -0.623 -0.527 -0.676 0.501 0.948 -0.497 0.038 -0.786 -0.450 -0.098 -0.207 -0.077 0.841 0.412 0.656 0.471 0.907 -0.331 -0.809
0.175 -0.309 0.330 -0.753 0.465 0.218 -0.215 0.336 0.003 0.000 -0.962 -0.338 0.116 -0.508 0.200 0.033 -0.909 -0.110 -0.946 0.574 0.660 -0.440 0.832 -0.994
-0.331 0.596 0.298 0.769 0.716 0.261 -0.300 0.929 0.841 -0.350 0.999 0.034 -0.711 -0.280 0.031 -0.700 -0.506 0.274 0.897 -0.305 -0.079 -0.857 -0.474 -0.759
-0.441 -0.133 0.491 -0.791 0.214 0.613 -0.678 0.271 0.754 -0.663 0.599 0.230 0.973 -0.404 0.834 0.900 0.142 0.828 -0.081 0.874 -0.447 0.866 -0.779 0.831
-0.092 -0.623 0.024 0.322 -0.558 -0.941 0.107 0.221 -0.836 -0.061 -0.508 0.260 -0.779 0.606 0.007 -0.979 0.535 0.163 0.027 0.588 -0.331 0.985 -0.809 0.018
0.201 0.532 0.275 -0.208 -0.261 0.118 0.857 -0.474 -0.705 -0.577 0.671 -0.608 -0.013 0.488 -0.848 0.876 -0.623 0.953 0.400 -0.575 0.495 0.089 -0.332 -0.351
-0.179 0.730 0.824 -0.901 -0.801 -0.436 -0.778 0.716 0.997 -0.384 -0.866 -0.509 0.345 0.368 0.197 -0.492 -0.228 0.265 -0.940 -0.358 -0.581 -0.585 -0.129 -0.455
-0.275 -0.218 -0.860 0.033 0.505 -0.805 0.690 0.431 -0.127 -0.168 -0.918 -0.395 0.920 0.732 -0.718 0.099 0.107 0.455 0.210 0.279 0.716 -0.427 -0.895 -0.486
0.244 -0.280 -0.661 -0.138 0.003 -0.870 -0.083 0.927 0.497 0.873 0.715 0.295 -0.372 -0.209 0.616 0.892 0.732 -0.171 -0.865 -0.204 0.663 0.031 -0.470 0.044
0.201 -0.854 0.901 0.725 -0.842 0.722 -0.790 -0.718 -0.311 -0.014 0.018 -0.191 -0.609 0.897 -0.051 0.193 0.996 -0.843 0.210 -0.681 -0.456 -0.752 0.887 0.508
0.856 0.481 0.143 0.787 0.114 0.147 -0.042 -0.130 0.748 -0.308 -0.815 -0.184 0.444 -0.475 0.449 -0.331 0.466 -0.600 0.836 -0.932 0.726 -0.472 0.964 -0.999
-0.657 0.220 -0.044 0.649 -0.639 -0.416 -0.625 -0.266 0.117 0.020 0.290 0.541 -0.589 0.844 0.779 -0.966 -0.303 0.109 -0.975 -0.152 -0.449 0.526 -0.401 0.678
-0.505 -0.095 0.697 0.123 0.818 0.917 0.594 0.506 -0.524 -0.007 -0.239 0.354 -0.579 0.033 -0.973 0.696 -0.167 0.386 -0.947 0.924 -0.283 -0.413 -0.864 -0.483
-0.898 0.954 -0.173 -0.885 -0.433 0.220 0.670 0.115 0.705 0.151 0.811 0.962 0.251 -0.649 -0.362 -0.865 -0.816 -0.748 -0.772 -0.387 -0.026 -0.859 0.720 0.949
-0.376 -0.883 0.663 0.216 -0.151 0.011 -0.134 0.020 0.817 -0.362 -0.565 -0.246 -0.678 -0.393 -0.250 0.605 -0.259 0.727 0.209 -0.744 -0.256 0.568 -0.027 0.265
-0.375 -0.940 -0.124 0.238 0.343 -0.049 -0.490 -0.348 0.926 0.618 0.462 -0.577 0.341 0.538 0.138 0.627 0.339 -0.433 0.334 0.259 -0.153 -0.544 -0.501 0.986
-0.689 -0.295 -0.955 -0.273 -0.148 -0.533 -0.937 0.539 0.556 -0.847 0.815 0.112 -0.425 0.631 0.536 0.365 0.631 0.999 -0.431 0.761 -0.644 -0.904 0.372 0.616
-0.904 0.074 0.547 -0.130 -0.301 0.002 -0.850 0.946 -0.127 -0.322 -0.106 -0.550 -0.472 -0.623 0.602 0.048 -0.146 -0.151 -0.995 0.772 0.997 0.063 -0.143 -0.244
0.561 0.257 0.317 -0.093 -0.912 0.494 0.646 0.607 -0.493 -0.575 0.621 0.097 0.900 0.315 -0.550 0.041 0.598 0.790 0.582 -0.185 -0.162 -0.995 0.509 0.165
0.669 -0.718 0.424 -0.113 0.440 0.586 0.322 0.977 0.894 -0.774 -0.323 -0.853 0.783 0.529 -0.536 -0.986 -0.467 0.885 -0.531 0.377 -0.209 -0.662 -0.969 -0.483
0.151 -0.727 -0.262 -0.370 -0.204 0.220 0.082 0.437 0.846 -0.588 -0.409 0.522 0.222 -0.406 0.323 0.052 -0.414 0.573 0.935 0.872 0.343 -0.518 -0.748 0.974
-0.418 -0.581 0.463 -0.199 -0.084 0.454 0.187 0.883 0.091 0.687 0.509 -0.328 0.738 -0.045 -0.274 -0.653 -0.416 -0.085 -0.835 -0.355 -0.956 0.314 0.341 0.005
0.148 -0.649 0.476 -0.370 -0.897 0.180 0.295 -0.632 0.751 -0.263 0.369 -0.527 0.634 -0.753 0.802 -0.930 0.090 -0.571 -0.927 0.075 0.782 -0.405 -0.353 -0.302
-0.232 0.653 -0.106 0.354 -0.476 -0.257 -0.483 -0.726 -0.955 0.734 -0.132 -0.579 0.815 -0.171 0.798 -0.157 -0.019 0.587 0.233 0.056 0.553 0.661 0.523 -0.136
-0.422 0.163 0.250 -0.970 0.212 0.349 0.811 0.797 0.338 -0.764 0.616 -0.506 0.253 -0.786 -0.284 -0.285 -0.222 -0.647 -0.318 -0.496 0.758 -0.237 -0.689 -0.892
-0.088 -0.054 0.573 -0.371 -0.126 0.693 0.043 0.356 -0.504 0.925 -0.212 -0.752 -0.152 -0.618 0.360 0.421 -0.811 0.819 0.883 0.454 0.812 0.702 -0.759 0.866
-0.546 -0.844 0.353 0.644 0.985 0.711 -0.963 0.103 0.669 0.383 -0.831 -0.911 -0.895 -0.553 0.825 -0.704 0.220 0.917 0.001 0.092 -0.817 0.288 -0.614 0.651
0.282 -0.638 0.948 -0.914 -0.156 -0.392 0.041 -0.955 0.638 -0.572 0.442 -0.376 0.138 0.927 -0.370 -0.496 -0.606 -0.743 0.146 0.553 -0.106 0.474 -0.092 -0.802
0.882 -0.279 0.341 0.467 -0.497 0.674 0.819 0.473 0.040 -0.583 0.987 -0.439 -0.715 -0.819 0.074 -0.662 -0.065 -0.901 -0.305 -0.576 -0.542 0.712 -0.798 -0.871
0.727 0.336 -0.933 0.428 0.831 0.131 0.440 -0.893 0.864 0.290 0.941 0.295 -0.493 0.974 -0.708 0.132 -0.693 0.291 0.989 -0.803 0.470 -0.980 -0.434 -0.633
-0.268 -0.427 -0.915 -0.649 0.296 -0.286 -0.384 0.280 0.988 0.799 -0.742 -0.556 0.543 0.319 0.195 -0.304 -0.236 -0.455 0.596 -0.350 -0.408 0.828 0.948 0.481
0.046 0.969 0.952 -0.953 0.396 0.716 -0.738 -0.368 0.598 -0.831 0.635 -0.274 0.227 0.364 0.353 0.647 0.391 0.184 -0.576 -0.101 0.839 -0.373 -0.530 0.216
0.376 -0.391 -0.468 -0.602 -0.436 -0.114 -0.071 -0.540 -0.125 -0.813 0.858 -0.404 -0.174 -0.558 -0.386 -0.698 0.126 0.685 -0.192 0.316 -0.911 -0.731 0.267 -0.961
0.263 -0.054 0.087 0.587 -0.321 -0.424 0.686 0.870 0.908 0.821 -0.262 -0.748 -0.057 0.991 0.250 -0.655 0.301 -0.166 -0.221 0.615 0.481 -0.575 0.647 0.742
-0.532 -0.645 -0.893 -0.885 -0.548 -0.118 -0.620 0.788 -0.831 0.307 -0.533 0.381 -0.700 0.459 -0.758 0.707 0.124 -0.020 -0.842 0.116 -0.840 -0.407 0.358 -0.889
-0.591 -0.801 -0.559 -0.469 0.778 0.928 -0.871 0.833 -0.728 -0.655 -0.493 -0.557 -0.198 0.331 0.320 0.296 0.264 -0.744 0.747 0.218 -0.568 0.402 0.357 -0.230
0.624 0.720 0.024 0.306 -0.967 -0.068 -0.826 0.386 -0.156 -0.836 0.421 -0.942 -0.918 -0.519 0.056 -0.775 -0.946 0.703 -0.428 -0.518 0.660 0.224 -0.825 -0.616
-0.242 -0.862 -0.012 0.851 -0.502 -0.707 0.378 0.354 -0.328 0.660 -0.379 -0.475 -0.424 0.024 0.496 -0.428 0.147 0.299 0.409 -0.633 0.360 -0.258 0.982 0.297
0.888 -0.061 -0.816 -0.957 0.696 0.838 0.733 -0.005 -0.258 -0.306 -0.959 0.420 0.477 -0.090 0.118 -0.564 -0.280 0.688 0.255 0.422 -0.553 -0.370 0.832 -0.298
0.981 -0.546 0.901 -0.651 0.735 -0.746 0.832 -0.475 -0.862 0.992 -0.757 0.778 0.078 0.016 -0.833 -0.048 -0.379 -0.439 0.229 0.343 0.846 0.496 -0.064 0.829
-0.396 0.425 -0.543 -0.260 0.730 0.289 -0.430 0.523 -0.749 0.784 -0.337 -0.420 0.903 -0.441 -0.702 0.564 0.717 -0.309 -0.063 -0.307 -0.863 -0.601 0.912 0.903
-0.714 -0.075 0.900 0.294 -0.565 0.096 -0.833 -0.908 0.856 0.187 0.746 -0.424 0.405 -0.178 0.911 0.913 -0.509 -0.070 -0.066 -0.116 -0.841 -0.107 0.170 -0.212
0.075 -0.681 -0.594 -0.212 -0.843 0.504 -0.392 0.577 -0.225 -0.344 0.390 0.419 -0.589 0.782 0.698 -0.065 -0.027 0.964 -0.024 -0.851 0.888 -0.878 0.202 0.303
-0.004 0.517 -0.930 -0.005 -0.514 0.833 0.203 -0.905 -0.247 -0.880 0.161 -0.620 0.095 0.118 -0.417 -0.737 -0.407 -0.190 0.683 0.381 -0.305 -0.991 0.892 0.267
-0.776 -0.709 0.921 0.314 0.765 0.112 0.791 -0.326 0.548 -0.939 -0.969 -0.465 -0.350 -0.697 -0.049 -0.043 0.939 0.937 -0.057 -0.439 -0.536 -0.133 -0.971 0.393
-0.627 0.188 -0.615 -0.079 -0.028 -0.393 -0.926 0.861 -0.746 0.098 0.117 0.017 -0.330 0.651 0.382 -0.061 -0.436 -0.800 0.770 0.406 -0.406 -0.758 -0.798 0.622
0.997 0.627 -0.934 0.862 -0.237 0.041 0.858 0.180 0.966 0.994 -0.108 0.962 -0.096 -0.392 -0.272 -0.680 0.449 -0.978 -0.176 0.061 -0.665 -0.882 0.669 -0.446
-0.529 -0.794 -0.900 -0.023 -0.794 -0.707 -0.299 -0.991 0.591 0.645 -0.675 0.090 -0.355 0.570 0.265 -0.659 0.246 -0.378 -0.545 0.586 -0.806 0.937 0.328 -0.297
0.695 -0.541 -0.157 0.234 0.802 0.025 0.104 0.049 0.919 0.051 -0.531 -0.684 -0.801 0.591 0.960 -0.734 0.740 0.959 -0.529 0.257 -0.300 -0.969 -0.116 0.754
0.558 -0.434 0.411 0.582 0.492 -0.519 -0.733 -0.143 0.188 0.052 -0.667 -0.120 0.318 -0.667 0.334 0.118 0.419 0.947 -0.731 -0.545 -0.515 0.943 0.728 0.461
0.848 -0.870 0.862 0.489 -0.331 -0.388 -0.285 0.943 0.434 0.339 0.294 -0.991 0.874 0.716 -0.973 0.976 -0.906 -0.742 0.012 0.229 0.843 0.037 -0.647 -0.266
