-0.942 0.644 0.085 0.163 0.685 0.621 0.081 0.535 0.172 0.597 -0.404 -0.033 -0.949 -0.159 0.045 0.254 -0.03 0.716 -0.819 0.131 -0.055 0.423 -0.784 0.333 1
0.208 0.763 -0.248 -0.145 0.531 -0.811 -0.403 0.763 0.939 -0.695 -0.806 -0.652 0.931 0.244 -0.732 -0.958 0.278 -0.303 0.942 -0.465 -0.831 0.337 0.232 0.501 1
-0.942 0.644 0.085 0.163 0.685 0.621 0.081 0.535 0.172 0.597 -0.404 -0.033 0.931 0.244 -0.732 -0.958 0.278 -0.303 0.942 -0.465 -0.831 -0.465 0.232 0.501 100
-0.942 0.644 0.085 0.163 0.685 0.621 0.081 0.535 0.172 0.597 -0.404 -0.033 0.931 0.244 -0.732 -0.958 0.278 -0.303 0.942 -0.465 -0.831 0.337 0.232 0.501 100
-0.942 0.644 0.085 0.163 0.685 0.621 0.081 0.535 0.172 0.597 -0.404 -0.033 0.931 0.244 -0.732 -0.958 0.278 -0.303 0.942 -0.465 -0.831 -0.465 0.232 0.501 100
-0.942 0.644 0.085 0.163 0.685 0.621 0.081 0.535 0.172 0.597 -0.404 -0.033 0.931 0.244 -0.732 -0.958 0.278 -0.303 0.942 -0.465 -0.831 0.337 0.232 0.501 100
-0.942 0.644 0.085 0.163 0.685 0.621 0.081 0.535 0.172 0.597 -0.404 -0.033 0.931 0.244 -0.732 -0.958 0.278 -0.303 0.942 -0.465 -0.831 0.337 0.232 0.501 100
-0.942 0.644 0.085 0.163 0.685 0.621 0.081 0.535 0.172 0.597 -0.404 -0.033 0.931 0.244 -0.732 -0.958 0.278 -0.303 0.942 -0.465 -0.831 0.337 0.232 0.501 100
-0.942 0.644 0.085 0.163 0.685 0.621 0.081 0.535 0.172 0.597 -0.404 -0.033 0.931 0.244 -0.732 -0.958 0.278 -0.303 0.942 -0.465 -0.831 0.337 0.232 0.501 100
-0.942 0.644 0.085 0.163 0.685 0.621 0.081 0.535 0.172 0.597 -0.404 -0.033 0.931 0.244 -0.732 -0.958 0.278 -0.303 0.942 -0.465 -0.831 0.936 0.232 0.501 100
-0.942 0.644 0.085 0.163 0.685 0.621 0.081 0.535 0.172 0.597 -0.404 -0.033 0.931 0.244 -0.732 -0.958 0.278 -0.303 0.942 -0.465 -0.831 0.337 0.232 0.501 100
-0.942 0.644 0.085 0.163 0.685 0.621 0.081 0.535 0.172 0.597 -0.404 -0.033 0.931 0.244 -0.732 -0.958 0.278 -0.303 0.942 -0.465 -0.831 -0.465 0.232 0.501 100
-0.942 0.644 0.085 0.163 0.685 0.621 0.081 0.535 0.172 0.597 -0.404 -0.033 0.931 0.244 -0.732 -0.958 0.278 -0.303 0.942 -0.465 -0.831 0.337 0.232 0.501 100
-0.942 0.644 0.085 0.163 0.685 0.621 0.081 0.535 0.172 0.597 -0.404 -0.033 0.931 0.244 -0.732 -0.958 0.278 -0.303 0.942 -0.465 -0.831 0.337 0.232 0.501 100
-0.942 0.644 0.085 0.163 0.685 0.621 0.081 0.535 0.172 0.597 -0.404 -0.033 0.931 0.244 -0.732 -0.958 0.278 -0.303 0.942 -0.465 -0.831 0.337 0.232 0.501 100
-0.942 0.644 0.085 0.163 0.685 0.621 0.081 0.535 0.172 0.597 -0.404 -0.033 0.931 0.244 -0.732 -0.958 0.278 -0.303 0.942 -0.465 -0.831 0.337 0.232 0.501 100
-0.942 0.644 0.085 0.163 0.685 0.621 0.081 0.535 0.172 0.597 -0.404 -0.033 0.931 0.244 -0.732 -0.958 0.278 -0.303 0.942 -0.465 -0.831 0.337 0.232 0.501 100
-0.942 0.644 0.085 0.163 0.685 0.621 0.081 0.535 0.172 0.597 -0.404 -0.033 0.931 0.244 -0.732 -0.958 0.278 -0.303 0.942 -0.465 -0.831 0.337 0.232 0.501 100
-0.942 0.644 0.085 0.163 0.685 0.621 0.081 0.535 0.172 0.08 -0.404 -0.033 0.931 0.244 -0.732 -0.958 0.278 -0.303 0.942 -0.465 -0.831 -0.465 0.232 0.501 1
-0.942 0.644 0.085 0.163 0.685 0.621 0.081 0.535 0.172 0.597 -0.404 -0.033 0.931 0.244 -0.732 -0.958 0.278 -0.303 0.942 -0.465 -0.831 -0.465 0.232 0.501 100
-0.942 0.644 0.085 0.163 0.685 0.621 0.081 0.535 0.172 0.597 -0.404 -0.033 0.931 0.244 -0.732 -0.958 0.278 -0.303 0.942 -0.465 -0.831 0.337 0.232 0.501 100
-0.942 0.644 0.085 0.163 0.685 0.621 0.081 0.535 0.172 0.597 -0.404 -0.033 0.931 0.244 -0.732 -0.958 0.278 -0.303 0.942 -0.465 -0.831 0.337 0.232 0.501 100
-0.942 0.644 0.085 0.163 0.685 0.621 0.081 0.535 0.172 0.597 -0.404 -0.033 0.931 0.244 -0.732 -0.958 0.278 -0.303 0.942 -0.465 -0.831 0.337 0.232 0.501 100
-0.942 0.644 0.085 0.163 0.685 0.621 0.081 0.535 0.172 0.597 -0.404 -0.033 0.931 0.244 -0.732 -0.958 0.278 -0.303 0.942 -0.465 -0.831 0.936 0.232 0.501 100
-0.942 0.644 0.085 0.163 0.685 0.621 0.081 0.535 0.172 0.597 -0.404 -0.033 0.931 0.244 -0.732 -0.958 0.278 -0.303 0.942 -0.465 -0.831 0.337 0.232 0.501 100
-0.942 0.644 0.085 0.163 0.685 0.621 0.081 0.535 0.172 0.597 -0.404 -0.033 0.931 0.244 -0.732 -0.958 0.278 -0.303 0.942 -0.465 -0.831 0.337 0.232 0.501 100
-0.942 0.644 0.085 0.163 0.685 0.621 0.081 0.535 0.172 0.597 -0.404 -0.033 0.931 0.244 -0.732 -0.958 0.278 -0.303 0.942 -0.465 -0.831 0.337 0.232 0.501 100
-0.942 0.644 0.085 0.163 0.685 0.621 0.081 0.535 0.172 0.597 -0.404 -0.033 0.931 0.244 -0.732 -0.958 0.278 -0.303 0.942 0.165 -0.831 0.337 0.232 0.501 100
-0.942 0.644 0.085 0.163 0.685 0.621 0.081 0.535 0.172 0.597 -0.404 -0.033 0.931 0.244 -0.732 -0.958 0.278 -0.303 0.942 -0.465 -0.831 0.337 0.232 0.501 100
-0.942 0.644 0.085 0.163 0.685 0.621 0.081 0.535 0.172 0.597 -0.404 -0.033 0.931 0.244 -0.732 -0.958 0.278 -0.303 0.942 -0.465 -0.831 0.337 0.232 0.501 100
-0.942 0.644 0.085 0.163 0.685 0.621 0.081 0.535 0.172 0.597 -0.404 -0.033 0.931 0.244 -0.732 -0.958 0.278 -0.303 0.942 -0.465 -0.831 -0.465 0.232 0.501 100
-0.942 0.644 0.085 0.163 0.685 0.621 0.081 0.535 0.172 0.597 -0.404 -0.033 0.931 0.244 -0.732 -0.958 0.278 -0.303 0.942 -0.465 -0.831 0.337 0.232 0.501 100
-0.942 0.644 0.085 0.163 0.685 0.621 0.081 0.535 0.172 0.597 -0.404 -0.033 0.931 0.244 -0.732 -0.958 0.278 -0.303 0.942 -0.465 -0.831 0.337 0.232 0.501 100
-0.942 0.644 0.085 0.163 0.685 0.621 0.081 0.535 0.172 0.597 -0.404 -0.033 0.931 0.244 -0.732 -0.958 0.278 -0.303 0.942 -0.465 -0.831 0.337 0.232 0.501 100
-0.942 0.644 0.085 0.163 0.685 0.621 0.081 0.535 0.172 0.597 -0.404 -0.033 0.931 0.244 -0.732 -0.958 0.278 -0.303 0.942 -0.465 -0.831 0.337 0.232 0.501 100
-0.942 0.644 0.085 0.163 0.685 0.621 0.081 0.535 0.172 0.597 -0.404 -0.033 0.931 0.244 -0.732 -0.958 0.278 -0.303 0.942 -0.465 -0.831 0.337 0.232 0.501 100
-0.942 0.644 0.085 0.163 0.685 0.621 0.081 0.535 0.172 0.597 -0.404 -0.033 0.931 0.244 -0.732 -0.958 0.278 -0.303 0.942 -0.465 -0.831 0.249 0.232 0.223 100
-0.942 0.644 0.085 0.163 0.685 0.621 0.081 0.535 0.172 0.597 -0.404 -0.033 0.931 0.244 -0.418 -0.958 0.278 -0.303 0.942 -0.465 -0.831 0.337 0.232 0.501 14.25988
-0.942 0.644 0.085 0.163 0.685 0.621 0.081 0.535 0.172 0.597 -0.404 -0.033 0.931 0.244 -0.732 -0.958 0.278 -0.303 0.942 -0.465 -0.831 0.337 0.232 0.501 100
-0.942 0.644 0.085 0.163 0.685 0.621 0.081 0.535 0.172 0.597 -0.404 -0.033 0.931 0.244 -0.732 -0.958 0.278 -0.303 0.942 -0.465 -0.831 0.337 0.232 0.501 100
-0.942 0.644 0.085 0.163 0.685 0.621 0.081 0.535 0.172 0.597 -0.404 -0.033 0.931 0.244 -0.732 -0.958 0.278 -0.303 0.942 -0.465 -0.831 0.337 0.232 0.501 100
-0.942 0.644 0.085 0.163 0.685 0.621 0.081 0.535 0.172 0.597 -0.404 -0.033 0.931 0.244 -0.732 -0.958 0.278 -0.303 0.942 -0.465 -0.831 0.337 0.232 0.501 100
-0.942 0.644 0.085 0.163 0.685 0.621 0.081 0.535 0.819 0.597 -0.404 -0.033 0.931 0.244 -0.732 -0.958 0.278 -0.303 0.942 -0.465 -0.831 0.337 0.232 0.501 22.71358
-0.942 0.644 0.085 0.163 0.685 0.621 0.081 0.535 0.172 0.597 -0.404 -0.033 0.931 0.244 -0.732 -0.958 0.278 -0.303 0.942 -0.465 -0.831 0.337 0.232 0.501 100
-0.942 0.644 0.085 0.163 0.685 0.621 0.081 0.535 0.172 0.597 -0.404 -0.033 0.931 0.244 -0.732 0.737 0.278 -0.303 0.942 -0.465 -0.831 0.337 0.232 0.501 1
-0.942 0.644 0.085 0.163 0.685 0.621 0.081 0.535 0.172 0.597 -0.404 -0.033 0.931 0.244 -0.732 -0.958 0.278 -0.303 0.942 -0.465 -0.831 0.337 0.232 0.501 100
-0.942 0.644 0.085 0.163 0.685 0.621 0.081 0.535 0.172 0.597 -0.404 -0.033 0.931 0.244 -0.732 -0.958 0.278 -0.303 0.942 -0.465 -0.831 0.337 0.232 0.501 100
-0.942 0.644 0.085 0.163 0.685 0.621 0.081 0.535 0.172 0.597 -0.404 -0.033 0.931 0.244 -0.732 -0.958 0.278 -0.303 0.942 -0.465 -0.831 0.337 0.232 0.501 100
-0.942 0.644 0.085 0.163 0.685 0.621 0.081 0.535 0.172 0.597 -0.404 -0.033 0.931 0.244 -0.732 -0.958 0.278 -0.303 0.942 -0.465 -0.831 0.337 0.232 0.501 100
-0.942 0.644 0.085 0.163 0.685 0.621 0.081 0.535 0.172 0.597 -0.404 -0.033 0.931 0.244 -0.732 -0.958 0.278 -0.303 0.942 -0.465 -0.831 0.337 0.232 0.501 100
-0.942 0.644 0.085 0.163 0.685 0.621 0.081 0.535 0.172 0.597 -0.404 -0.033 0.931 0.244 -0.732 -0.958 0.278 -0.303 0.942 -0.465 -0.831 0.337 0.232 0.501 100
-0.942 0.644 0.085 0.163 0.685 0.621 0.081 0.535 0.172 0.597 -0.404 -0.033 0.931 0.244 -0.732 -0.958 0.278 -0.303 0.942 -0.465 -0.831 0.337 0.232 0.501 100
-0.942 0.644 0.085 0.163 0.685 0.621 0.081 0.535 0.172 0.597 -0.404 -0.033 0.931 0.244 -0.732 -0.958 0.278 -0.303 0.942 -0.465 -0.831 0.337 0.232 0.501 100
-0.942 0.644 0.085 0.163 0.685 0.621 0.081 0.535 0.172 0.597 -0.404 -0.033 0.931 0.244 -0.732 -0.958 0.278 -0.303 0.942 0.165 -0.831 0.337 0.232 0.501 100
-0.942 0.644 0.085 0.163 0.685 0.621 0.081 0.535 0.172 0.597 -0.404 -0.033 0.931 0.244 -0.732 -0.958 0.278 -0.303 0.942 -0.465 -0.831 0.337 0.232 0.501 100
0.73 0.808 -0.837 -0.492 -0.628 -0.333 -0.093 0.74 -0.278 0.776 0.921 0.554 0.213 -0.034 0.551 0.009 0.334 -0.226 0.057 0.5 -0.035 0.177 0.686 0.487 1
-0.942 0.644 0.085 0.163 0.685 0.621 0.081 0.535 0.172 0.597 -0.404 -0.033 0.931 0.244 -0.732 -0.958 0.278 -0.303 0.942 0.165 -0.831 0.337 0.232 0.501 100
-0.942 0.644 0.085 0.163 0.685 0.621 0.081 0.535 0.172 0.597 -0.404 -0.033 0.931 0.244 -0.732 -0.958 0.278 -0.303 0.942 -0.465 -0.831 0.337 0.232 0.501 100
-0.942 0.644 0.085 0.163 0.685 0.621 0.081 0.535 0.172 0.597 -0.404 -0.033 0.931 0.244 -0.732 -0.958 0.278 -0.303 0.942 -0.465 -0.831 0.337 0.232 0.501 100
-0.942 0.644 0.085 0.163 0.685 0.621 0.081 0.535 0.172 0.597 -0.404 -0.033 0.931 0.244 -0.732 -0.958 0.278 -0.303 0.942 -0.465 -0.831 0.337 0.232 0.501 100
-0.942 0.644 0.085 0.163 0.685 0.641 0.081 0.535 0.172 0.597 -0.404 -0.033 0.931 0.244 -0.732 -0.958 0.278 -0.303 0.942 -0.465 -0.831 0.337 0.232 0.501 100
-0.942 0.644 0.085 0.163 0.685 0.621 0.081 0.535 0.172 0.597 -0.404 -0.033 0.931 0.244 -0.732 -0.958 0.278 -0.303 -0.533 -0.465 -0.831 0.337 0.232 0.501 100
-0.942 0.644 0.085 0.163 0.685 0.621 0.081 0.535 0.172 0.597 -0.404 -0.033 0.931 0.244 -0.732 -0.958 0.278 -0.303 0.942 -0.465 -0.831 0.337 0.232 0.501 100
-0.942 0.644 0.085 0.163 0.685 0.621 0.081 0.535 0.172 0.597 -0.404 -0.033 0.931 0.244 -0.732 -0.958 0.278 -0.303 0.942 -0.465 -0.831 0.337 0.232 0.501 100
-0.942 0.644 0.085 0.163 0.685 0.621 0.081 0.535 0.172 0.597 -0.404 -0.033 0.931 0.244 -0.732 -0.958 0.278 -0.303 0.942 -0.465 -0.831 0.337 0.232 0.501 100
-0.942 0.644 0.085 0.163 0.685 0.621 0.081 0.535 0.172 0.597 -0.404 -0.033 0.931 0.244 -0.732 -0.958 0.278 -0.303 0.942 -0.465 -0.831 0.337 0.232 0.501 100
-0.942 0.644 0.085 0.163 0.685 0.621 0.081 0.535 0.172 0.597 -0.404 -0.033 0.931 0.244 -0.462 -0.958 0.278 -0.303 0.942 0.165 -0.831 0.337 0.232 0.501 15.58541
-0.942 0.644 0.085 0.163 0.685 0.621 0.081 0.535 0.172 0.597 -0.404 -0.033 0.931 0.244 -0.732 -0.958 0.278 -0.303 0.942 -0.465 -0.831 0.337 0.232 0.501 100
-0.942 0.644 0.085 0.163 0.685 0.621 0.081 0.535 0.172 0.597 -0.404 -0.033 0.931 0.244 -0.732 -0.958 0.278 -0.303 0.942 -0.465 -0.831 0.337 0.232 0.501 100
-0.942 0.644 0.085 0.163 0.685 0.621 0.081 0.535 0.172 0.597 -0.404 -0.033 0.931 0.244 -0.732 -0.958 0.278 -0.303 0.942 -0.465 -0.831 0.337 0.232 0.501 100
-0.942 0.644 0.085 0.163 0.685 0.621 0.081 0.535 0.172 0.597 -0.404 -0.033 0.931 0.244 -0.732 -0.958 0.278 -0.303 0.942 -0.465 -0.831 0.337 0.232 0.501 100
-0.942 0.644 0.085 0.163 0.685 0.621 0.081 0.535 0.172 0.597 -0.404 -0.033 0.931 0.244 -0.732 -0.958 0.278 -0.303 0.942 -0.465 -0.831 0.337 0.232 0.501 100
-0.942 0.644 0.085 0.163 0.685 0.621 0.081 0.535 0.172 0.597 -0.404 -0.033 0.931 0.244 -0.732 -0.958 0.278 -0.303 0.942 -0.465 -0.831 0.337 0.232 0.501 100
-0.942 0.644 0.085 0.163 0.685 0.621 0.081 0.535 0.172 0.597 -0.404 -0.033 0.931 0.244 -0.732 -0.958 0.278 -0.303 0.942 -0.465 -0.831 0.337 0.232 0.501 100
-0.942 0.644 0.085 0.163 0.685 0.621 0.081 0.535 0.172 0.597 -0.404 -0.033 0.931 0.244 -0.732 -0.958 0.278 -0.303 0.942 -0.465 -0.831 0.337 0.232 0.501 100
-0.942 0.644 0.085 0.163 0.685 0.621 0.081 0.535 0.172 0.597 -0.404 -0.033 0.931 0.244 -0.732 -0.958 0.278 -0.303 0.942 -0.465 -0.831 0.337 0.232 0.501 100
-0.942 0.644 0.085 0.163 0.685 0.621 0.081 0.535 0.172 0.597 -0.404 -0.033 0.931 0.244 -0.732 -0.958 0.278 -0.303 0.942 -0.465 -0.831 0.337 0.232 0.501 100
-0.942 0.644 0.085 0.163 0.685 0.621 0.081 0.535 0.172 0.597 -0.404 -0.033 0.931 0.244 -0.732 -0.958 0.278 -0.303 0.942 -0.465 -0.831 0.337 0.232 0.501 100
-0.942 0.644 0.085 0.163 0.685 0.621 0.081 0.535 0.172 0.597 -0.404 -0.033 0.931 0.244 -0.732 -0.958 0.278 -0.303 0.942 -0.465 -0.831 0.337 0.232 0.501 100
-0.942 0.644 0.085 0.163 0.685 0.621 0.081 0.535 0.172 0.597 -0.404 -0.033 0.931 0.244 -0.732 -0.958 0.278 -0.303 0.942 -0.465 -0.831 0.337 0.232 0.501 100
-0.942 0.644 0.085 0.163 0.685 0.621 0.081 0.535 0.172 0.597 -0.404 0.6 0.931 0.244 -0.732 -0.958 0.278 -0.303 0.942 -0.465 -0.831 0.337 0.232 0.501 26.86942
-0.942 0.644 0.085 0.163 0.685 0.621 0.081 0.535 0.172 0.597 -0.404 -0.033 0.931 0.244 -0.732 -0.958 0.278 -0.303 0.909 -0.465 -0.831 0.337 0.232 0.501 100
-0.942 0.644 0.085 0.163 0.685 0.621 0.081 0.535 0.172 0.597 -0.404 -0.033 0.931 0.244 -0.732 -0.958 0.278 -0.303 0.942 -0.465 -0.831 0.337 0.232 0.501 100
-0.942 0.644 0.085 0.163 0.685 0.621 0.081 0.535 0.172 0.597 -0.404 -0.033 0.931 0.244 -0.732 -0.958 0.278 -0.303 0.942 -0.465 -0.831 0.337 0.232 0.501 100
-0.942 0.644 0.085 0.163 0.685 0.621 0.081 0.535 0.172 0.597 -0.404 -0.033 0.931 0.244 -0.732 -0.958 0.278 -0.303 0.942 -0.465 -0.831 0.337 0.232 0.501 100
-0.942 0.644 0.085 0.163 0.685 0.621 0.081 0.535 0.172 0.597 -0.404 -0.033 0.931 0.244 -0.732 -0.958 0.278 -0.303 0.942 -0.465 -0.831 0.337 0.232 0.501 100
-0.942 0.644 0.085 0.163 0.685 0.621 0.081 0.535 0.172 0.597 -0.404 -0.033 0.931 0.244 -0.732 -0.958 0.278 -0.303 0.942 -0.465 -0.831 0.337 0.232 0.501 100
-0.942 0.644 0.085 0.163 0.685 0.621 0.081 0.535 0.172 0.597 -0.404 -0.033 0.931 0.244 -0.732 -0.958 0.278 -0.303 0.942 -0.465 -0.831 0.337 0.232 0.501 100
-0.942 0.644 0.085 0.163 0.685 0.621 0.081 0.535 0.172 0.597 -0.404 -0.033 0.931 0.244 -0.732 -0.958 0.278 -0.303 0.942 -0.465 -0.831 0.337 0.232 0.501 100
-0.942 0.644 0.085 0.163 0.685 0.621 0.081 0.535 0.172 0.597 -0.404 -0.033 0.931 0.244 -0.732 -0.958 0.278 -0.303 0.942 -0.465 -0.831 0.337 0.232 0.501 100
-0.942 0.644 0.085 0.163 0.685 0.621 0.081 0.535 0.172 0.597 -0.404 -0.033 0.931 0.244 -0.732 -0.958 0.278 -0.303 0.942 -0.465 -0.831 0.337 0.232 0.501 100
-0.942 0.644 0.085 0.163 0.685 0.621 0.081 0.535 0.172 0.597 -0.404 -0.033 0.931 0.244 -0.732 -0.958 0.278 -0.303 0.942 -0.465 -0.831 0.337 0.232 0.501 100
-0.942 0.644 0.085 0.163 0.685 0.621 0.081 0.535 0.172 0.597 -0.404 -0.033 0.931 0.244 -0.732 -0.958 0.278 -0.303 0.942 -0.465 -0.831 0.337 0.232 0.501 100
-0.942 0.644 0.085 0.163 0.685 0.621 0.081 0.535 0.172 0.597 -0.404 -0.033 0.931 0.244 -0.732 -0.958 0.278 -0.303 0.942 -0.465 -0.831 0.337 0.232 0.501 100
-0.942 0.644 0.085 0.163 0.685 0.621 0.081 0.535 0.172 0.597 -0.404 -0.033 0.931 0.244 -0.732 -0.958 0.278 -0.303 0.942 -0.465 -0.831 0.337 0.232 0.501 100
-0.942 0.644 0.085 0.163 0.685 0.621 0.081 0.535 0.172 0.597 -0.404 -0.033 0.931 0.244 -0.732 -0.958 0.278 -0.303 0.942 -0.465 -0.831 0.337 0.232 0.501 100
-0.942 0.644 0.085 0.163 0.685 0.621 0.081 0.535 0.172 0.597 -0.404 -0.033 0.931 0.244 -0.732 -0.958 0.278 -0.303 0.942 -0.465 -0.831 0.337 0.232 0.501 100
-0.942 0.644 0.085 0.163 0.685 0.621 0.081 0.535 0.172 0.597 -0.404 -0.033 0.931 0.244 -0.732 -0.958 0.278 -0.303 0.942 -0.465 -0.831 0.337 0.232 0.501 100
-0.942 0.644 0.085 0.163 0.685 0.621 0.081 0.535 0.172 0.597 -0.404 -0.033 0.931 0.244 -0.732 -0.958 0.278 -0.303 0.942 -0.465 -0.831 0.337 0.232 0.501 100
-0.942 0.644 0.085 0.163 0.685 0.621 0.081 0.535 0.172 0.597 -0.404 -0.033 0.931 0.244 -0.732 -0.958 0.278 -0.303 0.942 -0.465 -0.831 0.337 0.232 0.501 100
-0.942 0.644 0.085 0.163 0.685 0.621 0.081 0.535 0.172 0.597 -0.404 -0.033 0.931 0.244 -0.732 -0.958 0.278 -0.303 0.942 -0.465 -0.831 0.337 0.232 0.501 100
-0.942 0.644 0.085 0.163 0.685 0.621 0.081 0.535 0.172 0.597 -0.404 -0.033 0.931 0.244 -0.732 -0.958 0.278 -0.303 0.942 -0.465 -0.831 0.337 0.232 0.501 100
-0.942 0.644 0.085 0.163 0.685 0.621 0.081 0.535 0.172 0.597 -0.404 -0.033 0.931 0.244 -0.732 -0.958 0.278 -0.303 0.942 -0.465 -0.831 0.337 0.232 0.501 100
-0.942 0.644 0.085 0.163 0.685 0.641 0.081 0.535 0.172 0.597 -0.404 -0.033 0.931 0.244 -0.732 -0.958 0.278 -0.303 0.942 -0.465 -0.831 0.337 0.232 0.501 100
0.989 0.016 -0.527 0.756 0.903 0.944 0.563 0.65 -0.896 0.871 0.558 -0.404 0.793 0.193 -0.563 -0.545 0.03 -0.182 0.646 0.433 0.912 0.691 0.572 -0.458 1
0.522 0.774 -0.472 0.669 -0.349 0.342 -0.706 0.754 -0.73 -0.581 -0.194 -0.349 -0.735 -0.794 -0.89 -0.535 0.905 -0.589 -0.353 -0.667 -0.357 -0.538 0.643 0.381 1
-0.638 0.394 0.828 -0.283 0.571 0.305 -0.548 -0.795 0.767 0.03 0.278 -0.118 0.597 -0.149 -0.443 -0.899 0.821 -0.421 -0.43 0.852 0.887 -0.07 0.373 0.961 1
0.041 0.485 -0.265 0.955 0.851 -0.819 0.058 0.496 -0.704 -0.37 0.343 -0.677 0.035 -0.258 0.742 -0.999 0.559 -0.726 0.13 0.511 0.607 0.479 -0.629 -0.354 1
0.201 0.559 -0.471 0.27 0.136 0.309 0.508 -0.18 0.003 0.328 0.321 -0.816 0.594 -0.242 0.771 -0.936 0.079 -0.134 0.249 -0.056 -0.579 -0.018 -0.339 -0.824 1
0.442 -0.528 -0.17 -0.131 -0.7 -0.587 0.769 0.065 0.24 0.371 0.656 -0.51 0.125 0.468 0.055 -0.021 0.493 -0.37 0.113 -0.117 -0.005 -0.094 -0.862 0.295 1
-0.014 -0.624 -0.519 0.615 -0.754 -0.096 -0.212 -0.855 -0.852 0.821 0.885 0.592 -0.908 0.1 0.096 0.432 0.658 0.391 0.869 -0.15 0.397 0.174 0.938 0.549 1
-0.816 0.51 0.72 -0.349 0.698 0.523 -0.933 -0.253 -0.995 -0.319 -0.703 0.236 -0.438 0.409 -0.14 -0.732 -0.527 0.165 -0.238 0.059 -0.611 -0.057 0.587 0.95 1
0.091 0.202 0.191 0.645 0.428 0.714 0.296 0.616 -0.358 -0.249 0.159 0.596 0.748 0.123 0.028 -0.213 0.642 0.048 -0.993 0.988 0.529 0.562 -0.797 0.73 1
-0.226 0.215 -0.621 0.927 -0.418 0.714 0.38 -0.946 -0.52 0.36 -0.457 -0.303 0.067 -0.552 -0.623 -0.167 -0.929 -0.479 -0.634 -0.629 -0.447 -0.201 -0.903 -0.745 1
-0.854 -0.899 0.528 -0.048 0.795 -0.315 -0.451 0.894 0.763 0.163 -0.34 -0.217 -0.371 0.141 -0.695 0.917 -0.963 -0.741 -0.043 -0.672 -0.98 0.537 -0.254 0.322 1
0.113 0.477 0.925 0.067 -0.958 -0.027 0.342 -0.702 0.878 -0.583 -0.462 0.524 -0.983 -0.669 0.511 -0.383 0.146 0.091 0.259 -0.105 0.388 0.317 0.058 0.042 1
0.661 -0.257 -0.703 0.668 -0.246 -0.422 0.731 -0.19 -0.121 -0.84 0.92 0.742 -0.449 -0.771 -0.427 0.351 0.529 0.238 0.472 0.505 -0.865 -0.28 -0.637 -0.651 1
-0.458 -0.143 -0.31 -0.905 0.408 0.005 0.909 0.671 0.706 -0.535 0.304 -0.522 -0.112 0.773 0.646 0.415 -0.441 -0.405 -0.306 -0.684 -0.419 0.5 0.763 0.095 1
0.855 0.929 -0.559 -0.045 -0.88 0.598 -0.719 -0.384 0.866 0.754 -0.199 0.495 0.734 0.565 0.804 0.992 -0.866 0.513 -0.443 -0.883 -0.145 -0.228 -0.128 0.564 1
-0.128 0.001 -0.822 0.746 0.939 0.41 0.496 0.046 0.94 -0.595 0.565 -0.984 0.941 -0.72 0.549 -0.996 0.517 -0.255 -0.476 0.464 -0.305 -0.728 0.039 0.669 1
-0.656 -0.644 -0.43 0.014 -0.302 -0.576 0.789 -0.635 0.284 0.156 -0.667 -0.987 -0.725 -0.622 0.482 -0.81 0.911 -0.074 0.463 -0.427 0.868 -0.707 -0.158 -0.272 1
0.594 -0.312 0.808 -0.476 0.77 0.19 0.239 -0.314 0.108 0.957 0.041 -0.906 -0.079 0.825 0.535 -0.475 -0.165 -0.654 -0.234 0.959 0.962 0.826 -0.148 -0.57 1
0.38 0.872 0.765 0.525 0.78 0.556 -0.184 -0.594 -0.464 -0.416 -0.762 -0.908 0.84 -0.567 -0.142 0.554 -0.816 -0.277 0.484 -0.255 0.093 0.787 0.652 0.535 1
-0.636 0.162 0.571 -0.208 -0.022 0.921 -0.284 -0.009 -0.682 -0.365 -0.417 -0.546 0.601 -0.766 0.084 -0.964 0.313 -0.975 0.885 -0.346 -0.747 -0.031 0.045 0.979 1
0.533 -0.594 0.668 0.198 0.744 0.911 0.006 -0.322 0.673 -0.367 0.189 0.261 -0.787 -0.8 -0.845 -0.886 -0.621 -0.562 -0.894 -0.836 -0.117 -0.232 0.95 -0.816 1
-0.553 0.013 -0.087 0.56 0.306 0.507 -0.93 0.682 -0.716 0.791 -0.065 -0.309 0.982 -0.722 0.304 -0.23 -0.816 -0.125 0.337 0.508 -0.794 -0.086 -0.922 -0.148 1
-0.669 0.657 0.144 0.832 0.981 -0.158 -0.655 -0.19 -0.797 0.653 0.462 0.355 -0.497 -0.934 -0.379 -0.347 -0.794 -0.947 0.384 -0.036 0.207 -0.635 -0.928 0.171 1
-0.076 -0.774 -0.831 0.982 0.258 0.875 0.103 -0.691 -0.546 0.985 0.732 0.215 0.461 -0.385 -0.263 -0.127 -0.636 0.359 0.234 0.078 0.378 0.485 0.97 0.556 1
-0.739 -0.197 -0.808 0.261 -0.928 -0.973 0.205 -0.799 -0.805 0.447 -0.416 0.403 0.866 0.664 0.985 0.223 0.138 0.653 0.721 -0.491 -0.102 -0.505 0.089 -0.752 1
0.841 0.046 -0.193 0.315 0.466 -0.231 0.793 0.215 0.889 0.924 -0.865 0.187 -0.739 0.373 -0.471 -0.027 -0.717 -0.987 -0.429 -0.441 0.204 -0.019 -0.049 -0.687 1
0.027 -0.423 0.392 0.362 0.271 0.778 0.347 0.628 -0.633 0.743 -0.866 -0.453 -0.99 -0.403 0.797 -0.753 0.396 0.661 -0.782 0.14 -0.856 -0.15 -0.474 0.57 1
0.551 0.624 -0.804 -0.334 0.953 -0.962 0.53 0.046 -0.684 0.863 0.698 -0.182 0.645 -0.15 -0.449 -0.471 0.25 0.147 0.906 -0.512 -0.24 0.311 -0.826 -0.682 1
-0.172 -0.89 -0.238 0.734 0.213 0.714 -0.733 -0.091 0.198 -0.604 0.863 -0.888 -0.617 0.93 0.333 0.725 0.493 0.824 -0.037 0.755 -0.313 0.603 -0.848 0.818 1
-0.151 -0.076 0.343 -0.361 0.701 0.703 0.707 0.534 -0.049 -0.813 0.541 -0.734 0.867 -0.796 0.286 0.899 0.905 -0.11 -0.752 0.201 0.318 0.201 -0.199 -0.871 1
-0.534 -0.454 -0.72 -0.858 0.995 -0.64 -0.611 0.938 -0.811 0.498 0.409 0.254 0.024 -0.363 0.612 0.821 0.417 0.128 -0.137 -0.504 0.035 -0.045 0.054 -0.064 1
-0.542 -0.836 -0.81 -0.05 0.167 0.017 -0.447 -0.902 0.875 -0.819 -0.252 0.007 0.812 -0.343 -0.324 -0.29 0.774 -0.622 -0.639 0.614 0.866 0.166 -0.092 0.362 1
-0.25 -0.546 -0.275 -0.822 -0.478 -0.785 -0.43 -0.75 -0.585 -0.299 -0.086 0.329 -0.447 -0.643 0.429 0.913 0.603 0.886 -0.781 -0.465 -0.957 0.855 0.296 -0.816 1
-0.61 -0.781 -0.602 0.111 0.97 -0.854 0.162 0.631 -0.793 0.68 -0.016 0.416 -0.666 0.417 -0.473 -0.143 -0.171 -0.751 -0.844 0.379 0.801 -0.439 -0.818 0.702 1
-0.825 -0.357 0.665 0.959 0.493 -0.789 -0.7 0.489 0.738 0.762 0.097 -0.92 -0.131 0.287 0.395 -0.987 0.755 0.529 -0.729 -0.963 0.793 0.408 -0.025 -0.997 1
-0.548 0.146 -0.193 -0.034 -0.88 0.598 0.554 0.54 0.269 0.033 0.409 0.578 0.009 0.415 0.833 -0.95 0.439 -0.212 0.494 0.509 0.615 -0.663 -0.648 0.808 1
-0.694 -0.19 -0.775 -0.351 0.067 0.124 -0.597 0.823 -0.167 -0.949 -0.814 0.542 -0.593 -0.491 0.804 0.525 0.037 -0.594 0.549 -0.152 -0.225 -0.015 -0.092 0.91 1
-0.586 0.693 0.513 -0.285 0.57 -0.461 -0.98 0.096 0.729 -0.369 -0.26 0.5 -0.053 0.152 0.514 0.769 -0.194 -0.627 -0.774 0.889 -0.085 0.261 -0.019 -0.016 1
0.292 0.575 0.171 -0.266 -0.847 -0.209 0.957 -0.363 -0.225 -0.154 0.411 0.004 0.764 -0.678 -0.484 -0.937 0.225 -0.917 -0.036 0.904 0.715 0.122 0.632 0.986 1
0.122 -0.828 0.399 0.753 -0.912 -0.217 0.373 -0.757 0.542 0.367 0.029 0.087 0.706 -0.491 -0.128 -0.133 -0.886 -0.122 -0.667 -0.746 0.849 -0.879 -0.945 0.117 1
-0.755 0.497 0.261 -0.915 -0.15 -0.201 0.667 0.601 -0.948 0.162 -0.662 0.354 0.471 0.995 -0.227 0.968 0.982 0.779 -0.35 -0.626 0.976 0.716 0.742 0.016 1
-0.235 0.891 -0.673 -0.26 0.832 -0.263 0.848 -0.261 -0.772 0.581 0.555 0.36 0.554 -0.061 -0.988 -0.39 -0.822 -0.37 0.513 0.242 0.343 0.259 0.844 -0.221 1
-0.448 0.539 -0.988 0.316 -0.45 -0.591 0.805 0.177 -0.297 0.337 -0.028 0.731 0.82 0.282 0.548 0.95 -0.994 0.896 0.753 0.687 -0.287 0.093 -0.386 -0.773 1
0.295 -0.064 0.714 -0.978 0.253 0.23 0.964 0.304 0.521 -0.885 -0.897 -0.738 0.888 -0.655 -0.974 0.597 -0.314 -0.108 0.315 0.612 -0.737 -0.49 -0.879 -0.464 1
-0.904 0.069 0.49 0.603 0.079 -0.222 -0.958 0.725 0.893 0.654 -0.545 0.415 0.993 0.101 -0.605 -0.735 0.88 -0.249 0.952 -0.691 0.809 0.529 -0.683 -0.827 1
-0.847 -0.358 -0.494 0.206 0.832 0.091 0.035 -0.763 -0.096 -0.717 -0.471 0.739 -0.046 -0.367 -0.146 0.683 -0.506 -0.367 0.497 0.27 -0.54 -0.766 -0.207 -0.469 1
-0.948 0.294 0.477 0.992 -0.735 -0.06 0.858 0.088 0.637 -0.168 -0.229 0.553 0.599 0.522 -0.64 -0.957 0.179 0.246 -0.104 0.604 -0.193 -0.49 0.208 0.285 1
0.597 -0.171 -0.524 -0.394 0.713 0.546 -0.755 -0.413 -0.508 0.077 -0.379 0.916 0.429 -0.229 0.431 -0.951 0.66 0.855 -0.301 0.166 0.585 0.016 -0.48 0.591 1
-0.454 0.028 -0.369 -0.319 -0.871 0.029 0.156 0.446 0.801 -0.206 0.514 0.741 -0.015 0.443 -0.858 0.844 0.123 -0.408 -0.794 -0.233 -0.992 0.458 0.854 0.35 1
0.411 0.55 -0.629 -0.192 -0.623 0.769 -0.467 0.697 -0.503 0.729 -0.117 -0.725 -0.2 0.932 -0.528 0.139 0.574 -0.552 0.27 -0.305 -0.546 -0.523 0.884 -0.689 1
-0.813 0.56 -0.43 0.743 -0.748 -0.631 -0.476 -0.923 -0.755 0.668 -0.366 -0.179 0.761 0.877 0.987 0.653 0.49 -0.989 0.354 -0.295 -0.73 -0.296 0.1 0.745 1
0.365 0.131 0.79 0.673 -0.583 0.254 0.432 0.656 -0.235 0.316 -0.059 0.603 -0.721 0.5 -0.65 -0.487 -0.705 0.176 -0.752 0.144 0.945 -0.656 -0.264 0.45 1
-0.371 -0.003 0.34 0.637 0.821 0.573 -0.909 0.015 -0.391 0.783 -0.081 0.902 -0.546 -0.947 0.477 0.663 0.02 0.174 -0.154 0.609 -0.094 -0.148 -0.685 0.762 1
-0.326 0.166 0.821 -0.576 -0.331 0.553 -0.223 -0.094 0.864 0.781 0.612 -0.48 0.365 0.829 -0.306 -0.791 -0.763 0.193 0.98 -0.061 -0.678 0.036 -0.422 0.812 1
-0.894 0.789 0.574 0.458 -0.894 0.496 0.92 -0.688 0.231 -0.884 -0.138 -0.346 -0.134 -0.857 -0.338 -0.54 0.099 0.781 0.183 0.679 0.769 0.55 0.222 0.381 1
-0.772 0.091 1 -0.898 0.385 -0.492 -0.412 -0.777 0.3 0.665 0.528 0.458 0.927 0.46 -0.174 -0.478 -0.401 0.891 0.97 -0.473 0.417 0.735 0.579 0.825 1
0.849 0.948 0.94 -0.317 0.479 0.035 0.1 -0.464 0.83 -0.815 0.408 0.331 0.807 -0.032 -0.673 -0.645 -0.185 -0.884 0.407 0.096 0.631 0.642 0.023 0.962 1
-0.777 -0.439 0.181 -0.943 -0.853 -0.18 0.078 -0.427 0.523 -0.633 -0.958 -0.198 -0.392 -0.003 0.782 -0.65 -0.392 0.835 -0.233 -0.846 0.654 -0.664 -0.718 -0.576 1
-0.28 0.062 -0.151 0.471 0.043 0.748 0.382 0.254 -0.939 -0.041 0.567 -0.431 0.087 -0.035 0.259 0.073 -0.527 0.623 -0.375 -0.078 -0.562 -0.594 0.813 0.853 1
0.487 0.598 -0.582 0.036 -0.16 -0.527 0.842 0.518 -0.768 -0.626 -0.801 0.544 0.664 -0.856 0.374 0.151 -0.815 -0.036 0.875 -0.975 -0.79 0.144 -0.964 -0.736 1
-0.181 -0.482 0.917 -0.064 0.709 -0.368 -0.633 -0.087 -0.116 0.821 -0.71 0.139 -0.751 -0.511 -0.753 -0.736 -0.602 0.225 -0.742 -0.087 0.013 0.328 0.753 -0.993 1
0.66 -0.988 0.41 -0.127 -0.087 -0.834 0.163 -0.327 0.479 -0.815 0.79 0.507 0.618 -0.463 -0.587 0.538 0.592 0.492 0.228 0.627 -0.11 -0.558 0.049 -0.648 1
0.519 0.129 -0.031 -0.022 0.84 -0.419 0.473 -0.037 -0.074 -0.748 -0.162 0.328 -0.933 0.573 -0.163 0.442 -0.097 -0.506 -0.979 0.036 -0.819 0.311 -0.294 -0.988 1
0.83 0.37 -0.065 0.898 -0.563 0.353 0.672 -0.017 0.225 0.058 -0.141 0.17 -0.878 0.578 0.749 0.426 -0.54 0.705 -0.983 0.981 -0.867 0.354 0.019 0.823 1
-0.23 -0.048 -0.1 0.853 -0.742 0.712 -0.129 0.878 0.644 -0.008 -0.659 -0.458 0.468 -0.515 -0.278 -0.054 0.523 -0.932 -0.236 0.779 0.071 -0.875 0.698 0.47 1
-0.552 -0.458 0.618 0.963 -0.731 0.685 0.366 0.702 -0.284 0.673 -0.705 -0.461 -0.114 -0.647 0.321 0.745 0.589 -0.043 0.704 -0.023 -0.271 -0.465 -0.72 -0.707 1
0.285 0.786 -0.14 0.932 0.609 -0.833 -0.292 0.979 -0.919 -0.624 0.146 0.569 -0.442 0.336 0.864 -0.345 -0.332 0.938 0.799 0.393 0.038 -0.565 -0.445 0.933 1
0.221 -0.122 -0.396 -0.357 -0.659 0.613 -0.766 -0.322 0.338 0.462 -0.054 0.841 -0.721 -0.441 -0.76 -0.323 -0.845 0.43 -0.199 -0.607 0.65 0.809 -0.586 0.276 1
-0.739 0.347 0.995 0.074 -0.063 0.667 -0.951 0.875 0.282 0.799 -0.132 0.525 -0.293 -0.662 0.442 0.811 -0.01 -0.039 -0.916 -0.643 -0.484 0.676 -0.591 0.112 1
-0.045 -0.695 -0.665 -0.84 -0.554 0.177 0.138 0.643 -0.014 -0.892 0.967 0.297 0.155 0.122 0.281 -0.891 0.732 0.775 0.656 0.164 -0.332 0.652 -0.509 -0.941 1
0.38 0.543 0.336 0.4 -0.08 -0.148 0.187 0.002 -0.442 -0.172 0.549 -0.428 -0.494 0.444 -0.957 0.907 -0.146 0.874 0.036 0.74 0.171 0.798 -0.027 -0.851 1
0.821 -0.95 -0.209 0.778 -0.909 0.715 0.078 0.27 0.096 0.431 -0.864 0.9 0.227 -0.232 -0.007 -0.84 -0.21 0.107 0.442 0.655 0.694 -0.387 0.353 -0.973 1
0.595 -0.54 0.332 -0.346 -0.802 0.687 -0.384 0.74 -0.916 -0.856 -0.009 0.04 -0.982 -0.831 -0.121 -0.293 -0.856 -0.085 0.573 0.715 0.487 -0.411 0.723 0.656 1
0.371 -0.21 -0.661 -0.024 0.495 -0.76 0.863 0.738 0.268 0.97 -0.131 -0.385 0.387 0.536 0.255 -0.71 0.293 -0.805 0.654 0.513 -0.125 0.076 0.792 -0.939 1
0.449 0.828 0.726 -0.706 0.252 -0.761 0.068 0.218 -0.409 0.841 -0.265 0.848 -0.306 -0.339 -0.231 0.792 -0.294 -0.991 0.025 -0.29 0.759 0.419 0.222 -0.461 1
0.805 -0.243 0.739 0.217 -0.997 0.189 -0.197 -0.47 -0.855 0.75 0.747 -0.11 0.804 -0.203 -0.402 0.396 -0.91 0.523 0.523 0.503 -0.212 0.269 -0.863 0.023 1
-0.67 -0.586 -0.607 0.177 -0.534 0.375 -0.117 0.697 -0.546 0.447 0.034 -0.102 -0.299 0.218 -0.242 -0.96 -0.986 0.832 -0.564 0.091 -0.246 0.158 -0.285 -0.646 1
-0.97 -0.645 -0.489 0.955 -0.496 0.519 0.126 -0.029 -0.542 0.674 0.016 0.361 0.658 -0.802 -0.244 0.195 -0.733 -0.374 0.011 0.254 0.487 -0.334 -0.859 -0.012 1
0.485 0.444 0.525 -0.824 0.099 -0.719 0.999 0.186 0.2 -0.821 0.166 -0.081 -0.773 0.615 0.041 -0.559 -0.71 -0.382 -0.319 0.285 0.649 -0.527 0.92 -0.585 1
-0.168 -0.32 -0.744 -0.452 0.772 -0.834 0.935 -0.416 -0.234 0.983 0.147 -0.088 0.206 0.203 0.335 0.019 0.569 -0.763 -0.642 -0.47 0.007 -0.257 -0.057 -0.215 1
0.008 0.317 0.11 -0.823 -0.349 0.366 -0.913 -0.687 -0.013 -0.691 0.198 -0.497 -0.873 0.631 -0.911 0.833 0.138 -0.749 -0.3 0.35 -0.968 -0.964 0.467 0.175 1
-0.446 0.709 0.878 0.614 -0.536 -0.918 -0.326 0.818 -0.832 -0.025 0.766 0.717 0.302 -0.697 -0.73 0.874 -0.188 0.303 0.6 -0.379 0.989 -0.056 -0.246 -0.663 1
-0.053 -0.216 0.574 -0.858 -0.504 -0.171 -0.709 -0.354 -0.72 0.68 0.511 0.777 -0.173 0.709 -0.965 0.912 0.626 -0.137 -0.058 -0.385 -0.565 0.526 0.024 -0.807 1
-0.408 0.172 -0.305 0.037 0.264 0.959 -0.219 0.557 0.999 -0.885 0.305 0.912 -0.299 -0.397 0.162 0.028 -0.799 -0.445 -0.517 0.989 -0.235 0.887 -0.662 -0.759 1
0.476 -0.438 0.356 -0.53 0.565 -0.731 0.974 0.345 -0.714 -0.49 0.787 -0.811 -0.819 0.003 0.346 -0.203 0.808 -0.985 -0.136 -0.717 0.491 0.042 0.662 -0.188 1
-0.375 -0.895 -0.866 -0.345 -0.634 0.227 -0.626 -0.439 -0.055 -0.926 0.246 -0.908 -0.063 -0.27 0.807 0.927 -0.655 0.412 0.77 0.054 -0.812 -0.391 -0.909 0.104 1
0.495 0.485 0.779 0.214 -0.928 0.263 -0.262 0.03 -0.201 0.696 -0.8 -0.46 0.877 0.05 -0.478 0.852 -0.821 -0.139 0.997 -0.943 0.042 -0.305 -0.848 -0.048 1
-0.794 -0.841 0.449 -0.16 0.879 -0.933 0.533 -0.125 0.008 0.834 0.78 0.519 -0.094 -0.502 0.827 -0.83 0.799 0.196 0.598 -0.919 0.23 0.461 0.395 0.374 1
-0.165 -0.537 -0.202 0.612 0.932 -0.333 -0.652 0.837 0.582 -0.16 -0.765 -0.647 -0.623 -0.257 0.669 -0.511 -0.268 -0.542 0.778 -0.249 -0.622 -0.526 -0.47 -0.184 1
-0.435 0.335 -0.899 0.526 0.994 0.46 0.33 0.142 -0.465 0.565 0.653 0.491 0.996 -0.149 -0.361 -0.732 0.483 -0.438 -0.66 0.613 -0.141 0.02 0.883 -0.915 1
0.2 0.455 0.095 0.486 0.605 0.638 -0.727 0.25 0.653 -0.184 -0.125 -0.235 -0.505 -0.455 0.448 -0.8 0.281 0.486 -0.141 0.196 -0.627 0.434 -0.862 -0.226 1
0.702 -0.944 0.938 -0.485 0.906 0.207 -0.247 0.836 0.854 -0.051 0.188 0.007 -0.866 -0.694 -0.165 0.385 -0.615 0.432 0.557 0.845 -0.75 -0.485 0.444 0.601 1
-0.031 -0.726 0.43 -0.292 0.746 -0.841 -0.006 -0.923 -0.596 -0.831 -0.875 -0.064 -0.274 0.294 0.314 -0.267 0.176 -0.928 0.74 -0.156 -0.051 0.098 0.452 0.779 1
-0.847 -0.194 -0.107 -0.474 -0.1 -0.227 -0.042 0.054 0.534 0.311 -0.564 0.058 -0.123 0.636 0.436 -0.326 -0.148 0.271 0.094 -0.144 -0.239 -0.276 0.665 -0.977 1
-0.856 -0.851 -0.209 -0.942 -0.829 0.108 -0.121 0.376 0.608 0.68 0.421 0.595 0.849 -0.756 0.264 -0.282 0.878 -0.917 0.93 -0.814 -0.844 0.353 0.169 -0.219 1
0.634 0.502 0.733 -0.82 -0.25 -0.802 0.159 0.094 -0.05 -0.558 -0.941 -0.268 0.641 0.839 -0.445 -0.394 0.336 -0.559 0.601 -0.801 -0.026 -0.839 0.805 -0.702 1
0.025 0.969 -0.483 -0.195 0.378 0.683 -0.934 -0.816 -0.992 -0.782 0.51 0.817 -0.081 0.009 -0.065 0.939 0.708 0.771 -0.29 0.485 -0.094 -0.692 -0.376 0.747 1
0.422 -0.171 0.126 0.889 0.89 0.448 0.683 -0.427 0.63 -0.231 0.75 -0.923 -0.202 -0.669 -0.916 -0.524 -0.866 0.536 0.067 0.396 -0.428 0.357 -0.329 0.547 1
-0.211 0.219 -0.538 0.326 0.08 -0.39 -0.875 -0.843 -0.022 -0.637 0.571 -0.058 -0.47 -0.863 -0.006 -0.42 -0.659 -0.328 0.971 0.349 0.997 -0.186 0.46 0.578 1
0.791 0.927 -0.243 -0.18 -0.621 0.334 0.127 -0.864 0.644 -0.309 0.552 0.449 0.147 -0.831 -0.829 0.583 -0.97 -0.409 -0.046 0.497 0.556 0.895 -0.034 0.212 1
0.5 0.993 0.314 0.964 -0.688 0.705 -0.568 -0.989 -0.413 0.884 -0.783 0.802 -0.131 0.474 0.26 0.516 0.816 0.131 -0.782 0.013 -0.248 0.333 0.044 -0.994 1
0.227 -0.749 0.663 0.448 -0.617 -0.472 -0.922 0.129 0.354 -0.057 -0.391 -0.035 0.394 -0.941 -0.196 -0.611 -0.717 -0.701 -0.857 0.168 0.677 0.417 0.884 -0.615 1
-0.257 -0.991 -0.878 -0.009 -0.209 -0.049 -0.343 -0.863 -0.91 -0.648 -0.931 0.727 0.459 -0.762 0.98 0.354 0.507 -0.715 -0.362 -0.107 0.587 -0.681 0.511 0.812 1
-0.813 0.922 -0.262 -0.073 0.492 -0.611 -0.595 0.712 0.905 0.676 0.544 -0.379 0.986 0.648 -0.38 -0.569 -0.771 -0.585 0.76 0.075 0.386 0.777 0.442 -0.161 1
0.364 -0.4 -0.522 -0.072 -0.371 0.844 0.218 0.491 -0.122 0.74 0.756 -0.523 -0.758 0.48 0.051 -0.102 -0.738 0.557 0.726 0.693 -0.39 -0.766 -0.065 -0.238 1
-0.654 -0.768 0.751 0.757 0.231 -0.02 -0.936 0.076 0.86 -0.27 0.901 0.543 -0.58 0.77 -0.115 -0.56 -0.739 -0.08 0.258 0.844 0.882 -0.197 0.633 0.305 1
0.557 -0.736 0.683 0.386 0.986 -0.511 -0.537 -0.439 -0.341 -0.238 0.092 0.347 -0.15 -0.26 -0.216 -0.163 -0.201 -0.501 -0.12 -0.949 -0.249 -0.11 0.123 0.757 1
0.752 -0.621 -0.104 0.193 -0.885 0.992 -0.826 0.07 -0.406 -0.691 0.326 0.096 0.085 -0.944 0.751 0.353 0.62 0.884 -0.265 -0.893 -0.071 -0.76 0.922 0.101 1
0.973 -0.218 -0.68 -0.262 -0.369 0.497 0.758 -0.97 0.126 -0.078 -0.506 0.145 -0.614 0.378 0.411 -0.362 0.549 -0.596 0.991 -0.079 0.458 -0.585 0.658 -0.388 1
-0.255 0.025 -0.586 -0.238 -0.088 -0.635 -0.045 0.944 -0.948 -0.359 -0.938 -0.313 0.032 -0.848 -0.639 -0.509 0.666 -0.421 -0.232 0.379 0.498 0.203 0.871 0.006 1
-0.55 0.305 -0.94 -0.214 0 0.988 0.352 -0.357 -0.203 -0.219 -0.587 0.435 0.163 0.217 -0.395 -0.361 -0.184 -0.244 0.747 -0.995 -0.905 -0.242 -0.501 -0.883 1
-0.121 -0.482 0.167 -0.638 0.107 0.503 0.135 -0.709 -0.447 -0.029 0.137 0.904 0.799 0.812 -0.795 -0.246 -0.692 -0.351 0.836 -0.572 -0.251 -0.663 -0.871 -0.02 1
0.227 0.027 -0.334 -0.519 -0.951 -0.961 0.703 0.923 -0.82 0.906 -0.47 0.728 -0.638 0.803 0.597 0.992 -0.489 -0.786 -0.004 -0.337 0.652 -0.541 -0.55 0.263 1
-0.576 0.17 -0.842 -0.911 0.929 0.084 -0.795 0.202 0.441 0.659 0.836 0.724 -0.522 0.738 0.864 0.073 -0.962 -0.693 -0.492 0.76 -0.605 0.529 -0.396 -0.483 1
-0.886 -0.114 -0.478 -0.629 -0.046 -0.098 -0.885 -0.169 -0.176 0.021 -0.811 0.604 0.286 0.676 0.335 -0.622 0.395 -0.149 0.975 -0.229 -0.209 -0.375 -0.041 0.782 1
-0.596 0.387 -0.679 0.381 0.527 0.739 -0.812 0.663 0.302 0.4 -0.184 -0.339 0.826 -0.271 0.531 0.197 0.401 -0.792 0.047 0.335 -0.3 0.583 -0.624 -0.511 1
-0.843 -0.715 -0.907 0.574 -0.796 -0.751 0.414 0.436 -0.012 -0.65 0.579 -0.429 0.665 -0.276 -0.95 -0.33 0.789 0.488 0.558 0.823 -0.779 0.846 -0.784 0.215 1
-0.125 -0.078 -0.594 0.46 0.934 -0.694 -0.705 -0.348 -0.559 0.159 0.666 0.762 0.012 -0.595 -0.193 0.159 0.275 0.336 0.592 -0.383 0.489 0.888 0.711 0.321 1
-0.473 -0.696 0.572 0.396 0.855 0.725 0.907 -0.485 0.754 -0.162 -0.949 0.34 -0.084 -0.322 -0.421 0.718 -0.662 -0.176 -0.662 0.739 0.265 -0.141 0.929 0.999 1
0.264 -0.95 0.798 -0.322 0.993 0.403 0.182 -0.653 0.848 -1 -0.271 0.486 -0.595 -0.032 -0.12 0.929 -0.509 -0.556 0.274 -0.394 -0.783 0.496 0.997 0.341 1
0.46 0.182 0.684 0.582 0.515 0.248 -0.235 0.247 -0.167 0.74 0.375 0.942 0.003 0.775 -0.07 0.59 0.257 0.579 0.672 0.759 0.569 -0.351 -0.098 0.157 1
0.989 -0.843 0.249 0.53 0.814 -0.885 -0.021 -0.811 -0.522 0.795 0.283 -0.768 -0.585 0.95 -0.27 0.336 0.78 -0.2 -0.667 -0.576 0.263 0.666 -0.69 -0.393 1
-0.024 -0.915 -0.078 0.577 0.802 -0.195 -0.946 -0.019 0.164 0.447 -0.782 0.198 -0.519 -0.616 -0.385 -0.788 0.07 -0.062 -0.415 -0.009 0.958 -0.3 -0.142 -0.093 1
-0.107 -0.01 -0.698 -0.299 0.044 -0.262 -0.329 -0.797 0.387 0.838 0.452 0.018 -0.758 -0.401 -0.125 0.374 -0.554 -0.932 0.341 -0.763 0.719 0.902 -0.694 -0.661 1
0.225 -0.222 -0.352 0.279 0.463 -0.624 0.053 -0.229 -0.042 0.16 -0.141 0.391 -0.901 -0.931 0.73 0.085 0.52 -0.957 -0.089 -0.42 -0.864 0.606 -0.639 0.131 1
-0.063 -0.485 0.007 -0.792 0.537 -0.794 0.588 0.027 -0.28 0.759 -0.106 -0.757 -0.843 -0.341 0.377 0.546 0.903 0.61 0.309 -0.371 0.493 0.485 0.431 -0.331 1
0.252 -0.693 0.77 -0.609 -0.747 -0.525 -0.89 -0.476 0.988 0.123 0.932 0.896 -0.883 -0.473 0.51 -0.408 -0.103 -0.315 0.845 -0.304 0.894 0.902 -0.949 -0.972 1
0.841 -0.292 0.828 -0.972 -0.87 0.561 0.858 -0.081 -0.343 -0.295 -0.899 0.981 0.502 -0.017 0.414 0.377 -0.466 -0.243 0.777 0.986 -0.337 -0.622 0.41 0.203 1
-0.617 0.859 -0.323 0.545 -0.61 -0.4 0.422 -0.025 0.874 -0.452 0.644 -0.667 -0.338 -0.659 -0.912 -0.62 0.758 0.401 0.58 -0.002 0.363 0.553 -0.369 0.994 1
-0.813 0.474 0.651 0.864 0.254 0.419 0.458 0.67 -0.539 0.201 0.409 0.039 0.657 -0.013 0.789 -0.352 -0.638 0.419 0.674 -0.428 -0.744 0.225 -0.153 -0.966 1
0.464 0.886 -0.56 -0.018 -0.715 0.904 -0.692 0.152 -0.129 0.081 -0.843 -0.197 0.103 -0.861 -0.035 -0.238 -0.47 0.004 -0.689 -0.935 -0.78 0.927 0.889 0.912 1
-0.089 0.811 -0.085 -0.359 0.599 -0.63 0.715 -0.439 0.403 -0.713 0.755 0.732 -0.794 -0.813 -0.129 -0.116 0.9 0.449 -0.762 -0.835 -0.01 0.794 -0.791 -0.667 1
0.982 0.344 0.965 0.089 -0.395 0.077 -0.374 0.116 0.556 0.146 0.665 0.317 0.741 0.574 0.437 0.68 -0.657 0.887 0.803 -0.951 -0.032 0.857 0.316 -0.154 1
-0.361 0.095 -0.49 -0.31 0.116 -0.11 -0.072 0.876 -0.631 0.953 0.487 0.476 0.33 0.699 -0.977 -0.781 -0.453 0.311 -0.4 0.936 0.209 0.345 -0.981 -0.92 75
0.842 -0.973 -0.56 0.245 -0.764 0.797 0.064 0.31 -0.414 0.818 -0.663 -0.615 0.95 -0.522 -0.137 -0.884 -0.384 0.29 -0.006 0.354 -0.537 -0.626 -0.611 0.281 1
-0.722 0.43 -0.71 0.387 0.326 -0.021 -0.654 0.79 0.557 0.299 0.406 0.184 0.525 0.984 -0.207 0.956 -0.213 -0.757 -0.873 0.354 -0.705 0.569 0.045 -0.801 1
-0.153 0.178 0.576 0.234 -0.968 -0.991 -0.172 -0.957 0.893 0.432 -0.074 0.023 0.039 -0.343 0.582 0.751 0.152 0.592 -0.664 -0.374 -0.794 -0.129 0.038 -0.543 1
-0.071 0.132 -0.412 -0.114 0.2 -0.487 0.906 0.221 -0.114 0.255 0.999 -0.725 0.311 0.12 0.1 -0.764 -0.448 -0.108 -0.481 0.798 0.81 0.51 -0.558 -0.797 1
0.74 0.177 0.101 -0.363 -0.909 -0.292 -0.544 -0.298 0.397 -0.879 0.964 0.651 0.353 -0.523 0.562 -0.402 0.98 -0.515 -0.179 -0.01 0.819 -0.741 0.387 0.618 1
0.479 0.905 0.443 -0.837 0.269 -0.836 -0.859 -0.812 0.594 0.953 -0.921 -0.72 0.476 -0.138 -0.493 0.852 0.494 0.177 -0.207 -0.326 -0.168 0.734 0.897 0.838 1
0.573 0.31 -0.794 -0.547 0.911 -0.729 -0.214 -0.656 0.739 0.384 0.904 -0.132 0.681 -0.403 0.744 -0.268 -0.847 0.022 -0.979 0.236 -0.169 0.257 0.266 -0.284 1
0.933 0.987 -0.905 0.245 -0.8 0.88 0.584 -0.756 0.311 -0.595 0.353 0.504 0.864 0.556 0.169 -0.24 0.96 0.645 0.217 0.573 -0.909 -0.723 -0.821 -0.692 1
0.232 0.622 0.583 0.75 0.284 -0.592 -0.09 0.861 -0.009 -0.513 0.289 0.682 -0.162 0.204 -0.358 -0.724 0.138 -0.826 0.563 -0.718 0.26 -0.657 -0.509 0.957 1
0.22 -0.34 -0.418 0.181 -0.784 -0.54 0.157 0.348 0.374 0.086 -0.975 0.211 0.033 0.821 0.266 0.294 -0.421 0.441 0.608 0.981 -0.433 0.091 -0.718 0.639 1
0.381 0.701 -0.331 0.286 -0.756 0.594 0.114 0.566 -0.344 0.906 -0.912 -0.816 -0.801 0.742 0.605 -0.591 -0.521 0.537 -0.273 0.014 -0.829 -0.12 -0.692 0.275 1
-0.926 -0.002 -0.39 0.422 -0.134 0.305 0.467 0.816 0.232 -0.363 -0.307 -0.47 -0.766 -0.758 -0.944 -0.735 0.102 0.658 0.395 -0.051 -0.479 0.347 0.93 -0.462 1
0.192 -0.951 0.42 -0.701 0.782 0.199 0.586 0.029 0.648 0.465 0.97 0.166 0.438 -0.091 0.711 0.967 0.163 0.945 0.61 -0.985 -0.387 0.982 -0.856 -0.23 1
-0.165 0.628 0.037 0.688 -0.429 -0.901 -0.469 -0.128 -0.077 -0.72 0.87 0.924 -0.168 0.843 0.093 0.847 -0.008 0.974 0.206 0.357 -0.277 -0.027 0.21 -0.961 1
0.069 0.823 -0.545 0.128 0.976 -0.445 -0.236 0.169 0.805 0.107 -0.683 0.288 0.93 -0.838 0.691 0.232 -0.633 0.333 -0.741 -0.856 -0.935 0.525 0.926 0.771 1
-0.514 0.635 -0.348 -0.827 -0.781 -0.102 0.623 -0.809 0.429 -0.468 -0.561 -0.974 0.873 0.406 0.051 -0.947 0.281 -0.679 -0.052 -0.003 0.416 -0.93 0.556 0.064 1
-0.767 0.252 -0.144 0.183 0.257 -0.734 -0.012 0.86 -0.845 -0.286 0.771 -0.305 -0.03 -0.447 0.298 0.061 0.505 -0.89 0.127 -0.235 -0.581 0.507 0.474 0.256 1
0.741 0.545 0.148 -0.146 0.986 0.726 -0.973 0.148 -0.221 0.423 0.43 -0.184 0.569 -0.19 0.811 -0.614 -0.842 -0.748 -0.232 0.351 0.235 -0.295 -0.72 0.927 1
-0.441 0.579 -0.283 0.176 -0.474 0.544 -0.447 -0.742 -0.308 0.784 -0.643 -0.879 0.359 -0.195 -0.893 0.442 -0.491 -0.249 -0.897 -0.08 0.899 0.023 0.403 0.839 1
-0.122 -0.365 -0.9 0.828 -0.272 -0.175 -0.021 -0.483 0.461 -0.264 0.762 -0.437 0.728 -0.451 0.807 -0.75 0.227 -0.619 0.956 -0.622 -0.937 -0.456 0.698 -0.275 1
0.855 0.039 0.167 0.177 -0.233 -0.677 -0.679 0.657 -0.162 0.963 0.347 -0.061 -0.689 0.026 0.907 -0.851 0.211 -0.734 -0.17 0.296 -0.068 0.801 0.455 0.221 1
-0.68 0.418 0.557 -0.369 0.729 0.691 0.481 0.409 0.287 0.63 -0.777 0.674 0.639 0.846 0.708 -0.072 -0.783 -0.522 0.144 0.737 -0.927 -0.236 0.616 0.432 1
-0.34 -0.933 -0.675 -0.545 0.443 -0.474 0.226 -0.07 -0.001 0.147 0.452 0.453 -0.718 -0.274 0.004 -0.355 0.549 -0.75 -0.65 -0.966 -0.081 0.479 -0.171 -0.358 1
-0.623 0.035 0.477 0.964 0.57 -0.499 -0.39 -0.619 0.944 0.58 0.625 -0.461 0.756 0.59 -0.812 0.325 -0.859 0.16 0.233 -0.594 0.822 -0.7 -0.564 -0.39 1
-0.855 -0.261 -0.482 -0.318 -0.635 0.671 -0.851 0.283 -0.389 0.85 -0.421 0.018 -0.63 -0.432 -0.538 -0.189 0.802 -0.219 0.571 0.908 -0.861 -0.909 0.61 -0.39 1
-0.536 -0.501 0.322 0.609 0.15 -0.579 -0.004 0.674 -0.915 -0.644 -0.372 -0.193 0.113 0.57 -0.393 0.331 -0.175 -0.066 -0.777 0.707 -0.98 0.499 -0.609 0.046 1
-0.223 0.775 -0.792 -0.516 -0.063 -0.468 -0.393 0.469 -0.756 -0.086 0.472 -0.901 -0.706 0.345 -0.24 -0.029 0.305 0.79 -0.575 -0.763 0.383 -0.956 0.7 0.118 1
-0.145 0.478 0.398 0.649 -0.727 -0.303 0.422 0.488 -0.951 -0.426 -0.148 -0.523 -0.022 -0.362 -0.609 -0.017 -0.279 -0.783 -0.656 -0.506 -0.411 -0.689 -0.931 0.624 1
-0.882 -0.897 -0.117 0.681 -0.336 0.353 0.784 -0.434 -0.575 -0.63 -0.263 0.109 0.335 0.417 0.96 -0.307 -0.398 0.902 0.253 -0.629 0.683 0.253 0.934 0.878 1
0.831 -0.735 0.124 0.268 0.591 0.992 0.428 0.948 0.413 -0.293 -0.495 0.369 0.713 -0.302 -0.253 -0.205 0.682 0.238 0.648 -0.002 0.902 -0.291 0.042 -0.029 1
-0.557 0.584 -0.339 0.298 -0.774 -0.865 0.953 0.263 -0.13 0.945 0.272 -0.366 -0.088 0.248 0.266 0.181 0.371 0.045 0.311 -0.369 -0.434 0.621 -0.413 0.079 1
0.222 0.342 -0.948 0.349 -0.571 0.176 -0.45 -0.871 -0.932 0.515 -0.294 0.164 0.646 0.001 -0.062 -0.222 -0.342 0.168 -0.45 0.356 -0.709 -0.239 -0.137 -0.548 1
-0.541 -0.95 -0.625 0.862 0.424 0.183 0.166 0.92 0.22 0.163 -0.132 0.904 -0.681 0.932 0.275 0.626 -0.039 -0.458 -0.328 -0.023 0.03 0.096 -0.415 -0.461 1
-0.537 0.325 0.488 -0.174 0.204 -0.211 -0.978 -0.583 0.571 -0.839 -0.344 0.618 0.826 -0.942 -0.993 -0.754 0.202 -0.347 0.629 -0.523 0.342 -0.013 0.981 0.39 1
0.981 -0.453 0.304 0.57 -0.166 0.215 -0.34 -0.02 -0.553 -0.79 -0.103 -0.617 0.025 0.628 0.749 -0.885 0.052 0.96 -0.599 0.97 0.549 0.663 0.201 -0.927 1
-0.703 0.777 -0.391 0.702 -0.903 -0.255 0.954 0.4 -0.351 0.783 0.3 -0.534 -0.382 0.296 -0.357 -0.231 0.297 -0.076 0.078 -0.467 0.377 -0.376 -0.456 0.205 1
-0.649 0.343 0.663 0.082 -0.602 -0.739 -0.81 0.637 -0.414 -0.203 -0.73 -0.021 0.904 0.908 -0.605 0.62 -0.39 -0.887 0.837 0.526 -0.369 0.29 0.021 0.783 1
0.145 0.01 -0.252 -0.771 -0.339 -0.672 -0.296 0.509 -0.21 -0.455 -0.339 -0.254 0.771 0.426 -0.281 -0.861 -0.982 -0.455 0.965 0.309 -0.796 -0.369 0.714 0.166 1
0.978 -0.692 0.106 -0.522 -0.136 0.606 -0.631 -0.543 0.3 0.428 0.852 -0.659 -0.065 0.717 0.914 -0.417 -0.966 -0.164 -0.125 0.567 0.539 -0.456 0.014 0.011 1
0.29 -0.558 -0.383 0.29 0.179 0.173 0.83 -0.491 -0.517 0.035 0.643 -0.858 -0.396 -0.71 -0.427 0.422 0.425 0.498 -0.525 0.289 0.701 0.884 0.516 0.357 1
0.604 0.416 0.917 -0.518 -0.086 0.117 -0.497 0.907 0.862 0.575 0.591 -0.992 0.848 0.914 -0.408 0.961 0.594 -0.319 -0.669 0.887 -0.109 -0.726 -0.191 0.437 1
0.317 0.929 -0.674 0.59 0.215 -0.844 -0.25 -0.272 0.533 -0.337 0.87 0.867 -0.502 0.02 0.921 -0.221 -0.039 -0.499 -0.101 -0.302 0.483 0.104 -0.851 0.506 1
0.996 0.721 0.836 -0.066 0.1 -0.152 0.969 0.219 -0.327 -0.266 -0.877 -0.692 0.244 0.605 -0.251 0.336 -0.386 0.212 -0.59 0.598 0.892 0.525 -0.314 -0.12 1
-0.556 0.114 0.729 -0.143 0.317 0.869 -0.252 0.988 -0.336 -0.341 -0.154 0.663 0.778 0.67 0.426 0.035 0.896 0.171 0.438 0.634 -0.959 0.146 -0.071 -0.162 1
-0.211 -0.891 0.272 0.191 -0.609 0.82 -0.541 0.842 0.38 -0.485 0.684 -0.737 -0.347 0.521 -0.773 -0.45 0.965 -0.681 0.247 0.275 0.659 0.918 0.225 -0.802 1
0.07 -0.39 0.325 0.125 -0.28 -0.622 -0.518 -0.054 0.086 0.774 -0.082 -0.357 0.851 0.352 0.539 -0.675 0.847 0.89 0.096 -0.758 0.249 0.991 -0.214 -0.109 1
0.65 0.693 -0.085 -0.266 -0.564 0.965 0.433 -0.153 -0.367 0.319 -0.927 0.018 -0.242 0.001 -0.005 0.183 0.922 -0.344 -0.669 0.936 -0.457 -0.253 0.858 0.495 1
0.355 -0.507 0.86 0.886 -0.695 -0.513 -0.099 -0.63 -0.291 0.222 -0.768 -0.732 -0.683 0.249 0.193 0.651 0.951 0.474 -0.264 -0.997 0.279 0.738 0.69 -0.344 1
0.683 0.91 0.697 -0.255 -0.397 -0.668 -0.56 0.709 0.453 -0.751 -0.882 -0.706 0.062 -0.751 -0.871 -0.253 -0.076 0.058 -0.764 0.657 0.325 0.062 0.06 0.109 1
0.443 -0.268 0.236 -0.513 0.373 -0.447 -0.588 -0.645 -0.374 0.513 0.049 0.478 -0.585 -0.312 -0.78 0.161 0.817 -0.144 0.189 -0.288 0.019 0.396 -0.289 -0.396 1
0.506 0.676 -0.918 -0.408 0.944 -0.54 0.816 0.291 -0.788 -0.543 -0.075 -0.625 -0.008 -0.918 -0.993 0.108 0.656 0.327 0.064 0.317 -0.282 -0.21 0.021 -0.807 1
-0.958 -0.829 -0.983 -0.815 0.147 -0.751 -0.281 -0.183 -0.374 -0.005 0.811 0.828 0.338 -0.844 0.617 -0.648 -0.628 0.466 -0.11 0.258 -0.732 -0.974 0.937 0.772 1
0.349 -0.026 -0.572 0.208 0.906 0.704 -0.364 -0.023 0.678 0.246 0.192 -0.355 0.677 -0.405 0.372 -0.619 -0.605 0.858 -0.574 -0.475 -0.086 0.34 0.767 -0.766 1
-0.24 -0.249 0.868 0.149 0.408 -0.8 0.176 0.3 -0.627 -0.007 0.41 0.953 0.401 -0.962 0.903 -0.146 -0.915 -0.57 0.338 0.527 0.055 -0.378 -0.35 -0.415 1
0.101 0.739 0.211 0.926 0.302 0.801 0.592 0.854 -0.576 0.849 0.248 -0.946 0.39 -0.632 0.622 0.734 -0.713 0.901 -0.603 -0.797 0.135 0.51 0.637 0.335 1
0.56 0.083 -0.211 -0.931 -0.871 0.377 -0.215 0.408 0.637 0.541 -0.738 -0.968 0.069 0.523 -0.215 -0.897 0.357 0.664 0.459 0.295 -0.572 0.664 0.718 -0.446 1
-0.702 0.713 -0.218 -0.824 -0.316 0.308 -0.553 0.34 -0.49 -0.388 0.678 -0.77 0.348 0.45 -0.715 0.455 -0.947 -0.923 0.59 0.992 -0.224 -0.303 -0.022 -0.836 1
-0.61 0.188 0.135 0.172 -0.646 -0.023 0.636 0.031 -0.936 -0.437 -0.517 -0.254 0.636 -0.999 -0.375 0.517 -0.8 -0.008 -0.503 0.569 0.123 -0.113 0.835 -0.61 1
0.281 0.777 0.729 -0.734 -0.047 0.74 0.945 0.451 -0.995 0.301 -0.4 0.481 -0.121 0.331 -0.554 0.119 0.229 0.268 0.245 0.402 0.891 0.322 -0.648 0.702 1
0.202 -0.208 -0.107 -0.88 -0.946 -0.866 0.006 -0.882 0.241 -0.821 0.624 0.806 0.22 -0.587 0.518 0.516 -0.648 0.387 -0.888 0.4 0.786 0.19 0.146 -0.5 1
0.308 -0.097 0.964 0.501 0.314 -0.714 -0.145 -0.581 0.731 -0.271 0.942 -0.052 -0.021 0.862 -0.263 0.455 -0.596 -0.284 0.696 0.743 -0.836 0.866 0.269 0.852 1
-0.106 0.991 0.046 0.469 -0.431 -0.827 0.522 -0.673 0.868 -0.834 0.636 -0.617 0.35 0.573 0.731 -0.677 0.898 -0.669 0.596 -0.133 -0.26 0.085 -0.047 -0.605 1
