0.964 -0.424 -0.501 -0.031 0.128 -0.724 -0.067 0.581 0.939 0.642 -0.436 0.087 0.503 0.685 -0.165 0.698 -0.207 0.867 0.206 0.914 0.245 -0.340 -0.553 0.487
-0.372 -0.174 -0.695 -0.264 0.711 0.853 -0.464 0.558 -0.763 0.780 -0.585 0.375 0.863 -0.528 -0.983 -0.054 -0.705 -0.899 0.025 -0.475 -0.423 -0.603 0.211 -0.819
0.431 -0.903 -0.749 -0.969 0.416 0.498 -0.870 -0.098 0.449 -0.667 -0.008 -0.733 -0.735 -0.461 -0.937 0.990 0.466 -0.628 0.698 -0.957 0.343 -0.018 -0.695 -0.651
0.132 -0.800 -0.659 -0.511 0.227 0.025 0.617 -0.653 -0.190 0.523 0.306 0.504 0.189 0.459 0.987 0.467 0.876 -0.046 0.352 0.657 -0.504 0.036 -0.887 -0.021
0.980 0.993 0.745 -0.293 0.588 -0.650 0.784 -0.932 -0.986 0.073 -0.317 -0.254 0.955 0.106 0.151 0.903 -0.496 -0.456 -0.605 0.703 -0.681 0.589 0.052 -0.920
0.366 -0.414 0.179 -0.659 0.147 0.093 0.199 0.662 -0.336 -0.534 -0.176 0.864 -0.107 0.399 -0.623 -0.102 0.779 -0.820 0.114 -0.180 -0.320 0.901 -0.647 -0.116
0.077 0.349 -0.615 0.047 -0.872 -0.831 0.862 -0.803 0.034 0.959 -0.011 0.805 0.091 -0.165 -0.376 0.551 -0.860 -0.554 -0.280 0.302 0.384 0.125 0.326 0.260
-0.345 -0.716 -0.424 0.642 -0.490 -0.232 -0.163 0.569 0.212 0.183 -0.437 -0.865 0.873 0.801 0.120 -1.000 0.816 0.961 0.323 0.303 0.463 -0.099 -0.886 0.171
-0.623 0.720 -0.064 0.928 -0.844 0.589 -0.748 -0.639 -0.003 0.210 -0.461 0.376 -0.866 -0.974 -0.526 0.500 0.327 0.450 0.249 0.462 0.988 0.359 0.770 0.908
0.290 0.970 0.951 0.320 -0.544 0.266 -0.941 0.856 -0.900 0.067 -0.469 -0.230 0.978 0.098 -0.394 0.483 0.591 -0.398 -0.457 0.761 0.678 0.512 -0.609 -0.196
0.242 -0.982 0.464 -0.086 0.568 0.619 -0.361 -0.003 -0.119 0.022 -0.797 0.690 0.473 -0.134 -0.806 0.319 -0.169 0.527 0.738 -0.223 -0.672 0.996 -0.146 -0.879
-0.399 -0.199 -0.422 0.993 0.303 -0.386 -0.307 -0.951 -0.367 -0.832 -0.112 0.043 0.707 0.101 -0.591 0.980 0.791 -0.484 -0.083 -0.483 -0.565 0.552 -0.894 -0.725
-0.143 0.383 -0.627 -0.479 -0.758 0.060 -0.374 0.985 0.674 -0.694 -0.824 -0.211 0.476 -0.744 0.597 0.803 0.726 -0.651 -0.398 -0.154 0.228 -0.649 -0.567 -0.654
0.042 0.175 0.283 -0.614 -0.921 -0.300 -0.802 0.213 -0.753 0.656 -0.160 0.572 -0.468 -0.322 -0.991 0.871 -0.449 0.821 -0.228 -0.391 0.148 -0.141 -0.757 -0.012
0.242 -0.413 -0.353 0.075 -0.369 0.261 0.183 0.247 -0.648 0.945 -0.806 0.964 0.239 -0.431 -0.533 0.288 -0.327 0.858 -0.676 0.078 -0.114 0.186 -0.163 -0.535
-0.033 0.822 0.417 0.141 0.255 0.368 0.209 0.082 0.886 -0.236 -0.208 -0.279 -0.579 -0.204 -0.499 -0.933 -0.531 -0.243 0.431 0.115 -0.290 0.888 -0.764 0.454
0.870 0.820 0.292 0.180 0.344 -0.420 0.374 -0.052 0.970 -0.569 0.497 0.134 0.746 -0.432 0.502 -0.237 -0.407 0.535 -0.642 -0.440 0.379 0.238 0.944 0.392
-0.598 -0.144 0.778 0.871 -0.668 0.286 0.354 -0.412 0.360 0.585 0.688 -0.118 -0.114 0.537 -0.298 0.387 0.635 0.697 -0.677 0.816 -0.048 0.996 0.734 -0.614
-0.246 0.497 0.560 0.288 -0.920 0.430 0.422 -0.926 -0.479 -0.935 -0.087 -0.074 0.400 0.936 -0.873 0.172 0.527 0.963 0.135 0.103 0.436 0.422 0.808 -0.925
-0.324 0.178 -0.995 -0.791 0.327 0.399 0.186 -0.293 -0.337 0.978 0.279 -0.109 0.758 0.956 -0.297 0.490 0.828 -0.900 0.900 -0.778 -0.941 0.954 -0.757 -0.599
-0.851 0.276 -0.003 0.925 -0.516 0.718 -0.354 0.948 0.358 -0.403 0.938 -0.254 0.004 -0.614 0.880 -0.683 -0.867 -0.878 -0.308 0.704 0.922 0.054 -0.325 -0.886
0.173 -0.908 0.747 -0.866 0.082 0.281 -0.732 0.577 -0.845 -0.840 -0.006 0.257 -0.646 0.979 -0.893 -0.109 0.090 -0.042 0.806 -0.269 -0.405 0.535 0.371 -0.183
-0.204 0.869 -0.731 0.110 -0.765 -0.339 0.389 -0.062 0.324 -0.392 0.069 0.644 -0.890 -0.100 0.432 -0.564 0.941 0.915 0.622 -0.261 -0.016 -0.809 -0.012 -0.390
0.079 -0.504 -0.764 -0.136 0.755 0.824 -0.142 -0.767 -0.012 0.156 0.614 -0.340 -0.029 0.451 0.625 0.423 0.878 0.809 0.691 -0.654 0.858 0.302 0.050 -0.892
-0.932 -0.147 -0.400 0.643 0.021 0.649 -0.807 0.967 0.050 -0.789 -0.734 0.934 -0.290 -0.434 -0.646 0.262 0.448 0.255 0.748 0.754 -0.199 -0.505 -0.526 -0.009
-0.634 0.152 -0.112 0.066 0.913 0.815 -0.539 0.515 -0.215 -0.171 -0.626 -0.818 -0.303 0.187 -0.664 0.043 0.763 0.831 -0.589 -0.480 0.657 -0.944 -0.763 -0.969
0.212 0.075 -0.807 0.195 -0.652 0.712 0.796 0.451 0.455 -0.124 -0.429 0.073 0.532 0.643 0.683 -0.608 -0.914 -0.384 -0.123 -0.920 -0.105 -0.360 0.835 -0.177
-0.690 0.591 -0.523 0.014 0.927 -0.177 -0.686 -0.634 -0.414 0.473 0.127 0.532 0.857 0.086 -0.855 0.743 -0.146 -0.823 -0.130 -0.379 0.839 -0.351 -0.491 0.218
0.999 -0.457 0.056 -0.155 -0.615 -0.345 -0.143 0.369 -0.450 0.803 0.880 0.167 -0.862 -0.979 -0.801 -0.399 0.534 0.071 -0.634 0.478 0.284 0.886 -0.291 -0.500
-0.842 -0.643 0.349 -0.845 0.131 -0.217 0.135 -0.891 -0.991 -0.744 -0.916 -0.804 -0.945 0.771 -0.826 -0.843 0.397 0.555 -0.265 -0.541 -0.247 -0.678 0.093 0.709
0.738 -0.043 0.345 -0.406 0.151 -0.327 -0.370 0.453 0.211 0.065 0.882 -0.644 -0.204 -0.301 -0.852 -0.561 -0.862 -0.609 -0.863 -0.701 -0.881 0.964 0.367 0.196
-0.514 -0.332 0.400 0.099 0.825 -0.440 -0.843 0.740 0.889 -0.340 -0.706 0.040 0.071 0.862 0.149 0.585 0.653 0.631 -0.322 -0.789 -0.475 0.390 0.974 -0.889
-0.098 0.366 -0.728 0.746 -0.069 0.491 0.846 0.816 0.983 0.306 0.957 -0.085 -0.385 0.207 0.006 0.449 0.791 -0.769 -0.019 -0.639 -0.578 -0.269 0.861 -0.725
0.331 0.200 0.455 -0.525 0.764 0.626 0.210 0.505 0.487 0.328 0.257 0.812 -0.556 -1.000 0.106 -0.093 -0.251 -0.651 0.491 -0.954 -0.166 -0.318 -0.048 0.616
0.481 -0.825 -0.771 0.261 -0.183 0.684 0.600 -0.028 -0.628 0.578 0.996 0.354 -0.530 0.139 0.990 -0.686 -0.776 -0.711 -0.935 0.458 -0.451 0.552 0.552 0.348
-0.582 0.306 -0.034 0.028 0.435 -0.773 -0.629 -0.650 0.961 0.874 -0.664 0.763 -0.577 0.303 0.889 -0.428 0.794 -0.619 0.616 0.043 -0.165 -0.451 0.269 0.451
-0.317 0.648 0.579 -0.956 -0.495 0.495 0.448 -0.981 -0.806 -0.701 -0.530 0.588 0.078 0.584 -0.492 -0.953 -0.245 0.806 -0.661 -0.619 0.568 -0.990 -0.493 -0.867
0.913 0.748 -0.705 -0.394 0.904 -0.590 0.891 0.694 0.196 -0.687 0.499 -0.515 0.248 -0.814 0.235 0.024 0.773 0.789 -0.218 0.576 0.460 -0.653 -0.450 -0.342
0.049 -0.828 0.147 -0.755 0.569 0.329 -0.792 0.088 0.595 -0.536 0.529 -0.354 -0.089 -0.456 -0.335 -0.636 0.820 -0.710 0.730 0.067 -0.393 0.228 -0.569 -0.407
0.387 0.026 0.130 0.785 0.144 -0.768 0.331 0.721 0.354 0.849 0.872 -0.379 0.883 0.981 0.679 -0.565 -0.307 0.216 0.907 0.819 0.615 -0.329 0.349 -0.631
0.145 -0.670 0.230 0.893 -0.255 -0.855 -0.950 -0.413 -0.475 0.460 -0.159 0.525 -0.524 -0.601 -0.246 0.216 0.169 -0.988 0.742 -0.265 -0.285 -0.850 0.751 -0.172
-0.895 -0.809 0.209 -0.500 -0.604 -0.703 0.255 -0.398 0.501 0.709 0.233 0.823 0.548 -0.627 -0.376 0.340 0.403 -0.085 -0.397 -0.088 0.184 0.674 0.623 0.233
-0.096 -0.082 0.484 0.816 -0.234 -0.568 0.730 0.062 0.347 -0.469 0.210 0.538 0.208 0.758 -0.533 0.238 0.881 -0.037 -0.454 0.336 -0.355 -0.361 0.366 0.600
0.593 0.675 0.862 0.478 0.669 -0.180 0.908 -0.137 -0.554 -0.172 0.223 0.011 0.393 0.014 -0.068 0.386 -0.297 -0.797 -0.043 -0.411 0.725 0.984 -0.535 0.291
0.875 -0.589 0.561 -0.555 0.524 -0.673 0.213 0.065 0.757 0.368 -0.230 -0.091 0.342 0.955 -0.782 0.173 -0.918 0.894 -0.052 -0.692 -0.279 -0.880 0.047 -0.563
-0.549 0.132 -0.991 -0.104 0.599 -0.860 0.675 0.493 -0.416 0.947 -0.047 -0.739 0.321 0.564 0.281 0.370 -0.311 -0.320 0.698 0.576 0.111 -0.201 0.825 0.406
0.494 0.985 0.790 0.586 -0.253 -0.994 -0.330 0.036 -0.160 -0.238 0.699 0.568 0.492 0.612 0.977 0.138 0.449 -0.815 0.451 0.068 -0.575 0.181 0.107 0.481
-0.971 0.423 0.173 -0.581 0.370 0.315 0.197 -0.663 -0.080 0.110 0.939 0.882 -0.560 -0.341 0.309 -0.422 -0.269 0.046 0.164 0.337 0.893 0.311 -0.856 0.255
0.202 0.600 0.740 0.294 -0.199 -0.502 -0.507 -0.967 -0.411 -0.043 0.246 -0.122 -0.619 0.100 0.754 0.108 -0.327 0.369 0.143 -0.940 0.838 0.762 0.217 -0.186
0.517 0.289 -0.076 -0.301 -0.281 0.207 -0.221 -0.712 -0.448 0.731 0.882 0.804 -0.375 0.933 -0.522 -0.829 0.076 -0.731 -0.864 0.924 -0.219 0.969 -0.312 -0.388
-0.170 -0.980 -0.983 -0.282 -0.056 0.922 -0.720 -0.433 0.231 0.953 -0.527 0.676 0.362 0.255 -0.366 0.707 0.599 0.547 -0.076 -0.708 0.563 0.887 0.751 -0.050
-0.544 0.718 -0.375 -0.068 0.127 -0.785 0.904 -0.842 -0.458 -0.673 0.421 0.397 0.682 -0.618 0.528 -0.013 -0.859 0.802 0.342 0.965 -0.334 -0.741 0.581 -0.996
0.229 0.043 0.950 -0.385 -0.471 -0.054 -0.866 0.734 -0.422 -0.341 -0.661 0.480 -0.673 0.904 0.938 -0.217 0.326 -0.462 -0.799 0.972 -0.011 -0.856 0.609 -0.807
0.987 0.037 0.565 -0.349 0.185 0.004 0.663 0.093 -0.771 -0.189 -0.441 -0.127 -0.215 0.546 -0.881 -0.569 0.147 -0.642 0.296 -0.492 0.956 -0.458 0.761 0.965
0.908 -0.958 0.794 -0.968 0.883 0.685 -0.542 0.389 0.845 0.408 0.528 0.064 -0.661 -0.409 0.828 -0.795 0.933 -0.957 -0.121 -0.865 -0.854 -0.022 -0.994 -0.214
-0.466 -0.353 -0.089 0.181 0.404 0.600 0.355 -0.745 -0.538 -0.215 0.639 -0.936 0.581 -0.401 -0.264 -0.714 0.260 -0.710 -0.630 0.430 0.520 -0.017 0.550 -0.478
0.756 -0.843 -0.694 -0.823 -0.569 -0.237 -0.660 -0.885 -0.428 0.070 -0.678 0.088 0.106 -0.246 -0.976 0.686 -0.151 -0.929 0.884 0.390 0.595 -0.906 0.220 -0.755
-0.126 0.947 -0.347 0.951 -0.658 0.169 -0.294 -0.923 0.440 0.692 0.952 0.038 0.201 -0.217 -0.816 0.558 -0.725 0.438 -0.151 0.443 -0.922 -0.056 0.230 0.035
-0.204 -0.860 -0.921 -0.804 0.305 -0.693 0.848 -0.703 -0.892 0.483 -0.680 -0.357 0.755 0.009 0.104 -0.769 -0.814 -0.902 -0.818 -0.687 -0.727 -0.244 0.848 0.679
-0.474 -0.709 -0.497 -0.795 0.366 0.009 0.242 -0.166 -0.862 0.956 0.265 0.121 -0.330 -0.431 0.669 -0.879 -0.681 -0.740 -0.748 -0.093 -0.986 -0.037 -0.715 0.720
0.774 -0.131 -0.205 0.142 -0.902 -0.527 0.652 -0.516 0.723 -0.199 -0.111 0.963 -0.103 0.881 0.636 -0.107 0.859 0.699 0.172 0.276 -0.399 -0.436 0.065 -0.055
0.501 -0.749 0.796 0.320 -0.384 -0.556 -0.726 -0.928 0.951 0.503 0.259 0.984 -0.085 -0.986 0.646 0.662 0.697 0.402 -0.609 -0.730 0.613 -0.694 0.478 -0.154
0.418 -0.019 -0.482 -0.284 0.978 0.018 -0.335 0.315 -0.204 -0.802 0.011 0.277 -0.840 0.797 0.547 0.941 -0.400 -0.179 0.206 -0.144 0.451 0.367 -0.813 -0.926
-0.119 0.699 0.549 -0.486 0.837 -0.737 -0.077 0.548 0.104 0.332 -0.813 -0.512 -0.999 -0.327 -0.065 -0.420 0.200 0.342 0.553 0.301 -0.753 -0.158 0.408 0.632
0.640 0.962 0.859 0.268 0.812 -0.086 -0.620 0.220 0.618 -0.400 -0.788 -0.308 -0.205 -0.018 0.962 0.025 -0.257 0.694 -0.224 0.335 -0.780 -0.663 0.161 -0.565
0.526 0.900 0.596 0.555 -0.970 -0.017 -0.800 0.130 -0.104 -0.500 -0.848 -0.859 -0.110 0.835 -0.440 0.382 -0.592 -0.970 -0.383 -0.730 -0.050 0.836 0.962 -0.690
0.498 0.189 0.484 -0.233 0.178 0.554 -0.187 0.815 0.765 -0.191 -0.681 0.768 -0.259 0.148 0.135 -0.803 0.233 -0.562 0.929 0.465 -0.107 0.917 -0.623 -0.470
0.917 0.864 -0.728 0.149 -0.572 -0.283 0.358 0.257 -0.751 -0.457 0.271 -0.021 -0.558 0.579 0.048 0.159 -0.246 -0.502 -0.433 -0.013 -0.291 -0.062 -0.589 0.342
-0.935 0.352 -0.941 -0.599 0.075 -0.290 -0.246 -0.761 -0.150 0.260 0.437 -0.618 -0.515 0.018 0.080 -0.450 -0.120 -0.256 -0.564 -0.570 -0.986 -0.426 -0.610 -0.820
-0.415 -0.959 -0.091 0.029 0.095 -0.508 0.130 -0.358 0.592 0.247 -0.636 -0.730 -0.941 -0.158 0.169 0.580 0.574 0.502 -0.722 0.839 0.146 -0.138 -0.056 -1.000
-0.398 -0.129 -0.124 0.366 -0.285 0.032 -0.931 0.836 0.021 -0.852 0.633 0.563 0.093 -0.498 0.189 -0.111 -0.308 -0.506 0.217 -0.162 0.897 -0.145 0.082 -0.095
0.516 0.309 -0.181 0.404 0.041 0.008 -0.500 -0.832 0.024 -0.006 0.150 -0.406 0.463 0.443 0.427 0.887 -0.288 0.382 -0.434 0.710 -0.898 0.221 0.141 -0.121
0.697 0.298 0.723 0.047 0.765 0.115 -0.925 -0.067 -0.184 0.278 0.932 -0.423 0.042 -0.069 -0.557 0.572 0.464 0.280 0.396 0.613 -0.825 0.922 -0.135 0.453
0.725 -0.553 -0.847 0.006 0.280 0.152 -0.051 -0.164 0.120 -0.658 0.363 0.892 0.235 -0.460 -0.951 0.337 0.910 0.300 -0.165 -0.784 0.606 0.385 0.748 -0.321
0.051 -0.105 0.527 0.587 0.516 -0.678 0.846 -0.158 0.015 -0.526 -0.506 0.718 0.268 0.837 -0.918 0.580 -0.171 0.969 -0.472 -0.594 0.328 -0.798 -0.703 0.077
0.286 0.773 -0.139 0.122 -0.013 -0.684 0.128 0.487 -0.431 -0.626 0.137 0.359 0.306 -0.742 -0.369 -0.730 0.878 -0.334 0.991 0.156 0.858 -0.420 0.166 -0.491
-0.903 0.121 -0.441 -0.841 0.701 0.443 -0.099 0.304 -0.525 0.042 -0.035 0.956 -0.497 0.888 -0.902 -0.685 0.724 -0.457 0.428 -0.175 -0.358 -0.036 0.536 -0.311
0.968 0.750 -0.145 0.902 0.371 -0.872 0.435 0.164 0.651 -0.878 -0.254 -0.280 0.833 -0.805 -0.213 -0.050 0.443 -0.346 -0.588 0.500 -0.395 -0.089 -0.551 0.172
-0.006 -0.723 0.197 0.859 -0.938 -0.988 0.814 -0.070 -0.854 -0.641 -0.060 -0.171 -0.242 -0.222 0.366 -0.610 0.071 0.928 -0.442 -0.254 -0.411 -0.783 -0.964 -0.366
-0.088 0.099 0.459 0.883 -0.002 -0.562 0.271 -0.531 -0.344 0.882 0.360 -0.484 0.056 -0.826 -0.190 -0.970 0.791 -0.465 -0.127 -0.315 -0.852 -0.649 -0.404 0.195
0.018 0.476 -0.012 0.306 -0.778 0.386 0.111 -0.950 0.553 0.021 -0.017 0.288 -0.553 -0.535 0.198 -0.182 0.265 -0.258 -0.910 0.071 -0.503 -0.070 -0.905 -0.865
0.378 -0.284 -0.111 0.473 -0.179 -0.922 -0.906 -0.129 -0.986 0.973 -0.302 -0.348 -0.669 -0.212 -0.122 0.810 0.497 -0.733 -0.286 0.130 -0.449 -0.507 -0.834 -0.126
0.314 0.060 0.549 -0.999 -0.806 -0.388 -0.240 0.856 0.894 0.853 -0.726 -0.169 0.911 0.919 0.154 0.513 0.770 0.106 -0.847 -0.598 0.765 -0.383 -0.193 -0.475
0.458 -0.417 0.007 0.859 -0.760 -0.152 -0.817 0.887 -0.677 -0.854 -0.551 -0.936 0.236 -0.590 -0.958 0.045 0.602 0.062 0.128 -0.336 0.929 -0.896 -0.034 0.634
-0.303 0.518 -0.216 -0.238 0.130 -0.430 -0.541 -0.085 0.835 0.923 0.029 0.567 -0.826 0.965 -0.555 -0.575 0.857 -0.063 0.559 -0.824 -0.677 0.584 -0.755 0.500
0.568 0.757 -0.412 -0.198 0.091 0.375 -0.031 0.398 0.946 -0.558 0.340 0.122 0.120 0.343 -0.268 -0.542 -0.426 0.923 -0.685 0.040 -0.697 0.825 -0.477 -0.498
0.073 0.875 -0.706 -0.190 -0.905 -0.020 0.328 -0.501 -0.355 -0.955 0.204 0.249 0.990 -0.350 -0.833 -0.287 -0.754 -0.844 0.395 -0.849 -0.522 -0.586 0.479 -0.572
-0.440 -0.198 0.581 -0.517 0.329 -0.667 -0.058 -0.845 -0.440 -0.043 0.235 0.149 -0.575 0.874 -0.091 0.045 0.851 -0.644 -0.031 -0.024 0.883 -0.146 0.638 0.608
0.623 0.675 0.509 0.193 -0.605 -0.840 -0.156 0.539 0.077 0.434 0.067 -0.915 0.950 -0.673 -0.025 0.980 -0.760 0.850 -0.506 0.264 -0.651 0.772 -0.304 -0.058
-0.452 0.314 -0.983 0.248 0.164 -0.461 0.563 0.734 0.147 -0.697 -0.470 -0.556 0.091 0.573 -0.353 -0.153 -0.127 0.871 0.258 -0.574 -0.760 0.639 -0.967 -0.251
-0.710 0.353 -0.228 0.458 -0.637 -0.262 0.984 0.085 -0.902 -0.744 0.036 0.157 -0.491 -0.239 0.051 0.194 -0.307 -0.384 -0.925 0.772 -0.528 -0.448 -0.535 0.558
-0.540 -0.991 0.460 0.678 -0.262 0.995 0.282 0.098 0.677 0.288 -0.910 0.421 0.471 -0.748 0.127 -0.038 0.957 0.708 -0.630 0.624 -0.390 -0.140 0.905 0.458
0.756 0.793 0.083 0.171 -0.357 0.370 -0.921 0.777 -0.936 0.168 -0.377 0.269 -0.339 -0.410 0.135 0.145 -0.838 -0.583 -0.596 0.471 0.032 -0.273 -0.654 0.369
-0.650 -0.101 0.705 -0.610 0.126 -0.842 -0.625 0.696 -0.012 -0.503 -0.799 -0.360 0.137 0.955 -0.768 0.271 -0.110 0.763 -0.826 -0.781 0.297 -0.947 -0.516 0.751
-0.941 0.105 -0.370 -0.123 -0.088 0.432 -0.556 -0.440 -0.985 -0.214 0.982 0.074 -0.065 -0.125 -0.146 0.841 -0.943 0.977 0.261 -0.549 0.681 0.232 0.603 0.065
-0.827 0.488 0.028 -0.387 0.580 0.905 0.215 -0.981 0.001 0.996 -0.964 0.540 -0.888 -0.760 -0.380 0.911 -0.375 0.051 0.709 0.990 -0.572 0.298 -0.328 -0.259
-0.251 0.780 -0.203 0.453 0.899 -0.768 0.273 0.905 -0.117 -0.152 0.541 -0.706 0.215 0.485 0.639 0.286 -0.138 0.605 -0.735 0.441 -0.923 -0.991 0.296 -0.198
0.542 -0.383 0.978 0.094 -0.224 -0.248 -0.961 0.588 -0.746 0.745 -0.442 -0.557 -0.124 0.967 0.404 -0.303 -0.705 -0.005 -0.458 0.757 0.031 -0.646 -0.418 -0.730
-0.240 0.419 -0.519 -0.211 -0.656 0.461 0.812 0.743 -0.285 -0.962 0.136 -0.047 0.538 -0.960 -0.232 -0.508 -0.099 0.620 -0.135 -0.093 0.572 0.835 -0.465 -0.054
0.761 -0.838 -0.906 0.788 -0.679 0.006 0.428 0.507 -0.328 -0.497 -0.065 0.289 -0.705 -0.956 -0.721 0.087 -0.146 0.481 -0.020 0.374 -0.482 -0.799 0.788 0.889
-0.966 -0.474 -0.954 0.320 0.618 0.136 0.457 0.326 -0.570 0.604 -0.178 0.386 -0.831 0.117 -0.248 0.298 0.986 0.626 -0.227 -0.521 -0.329 -0.611 -0.161 -0.638
-0.418 0.805 0.383 -0.846 -0.746 0.278 0.549 -0.793 0.799 0.603 -0.657 -0.305 -0.777 -0.701 -0.797 -0.626 -0.767 -0.911 -0.030 0.010 0.108 -0.602 0.818 -0.375
-0.063 0.387 -0.373 0.273 -0.262 0.214 -0.716 0.353 0.498 0.599 -0.745 -0.616 0.181 -0.973 -0.825 -0.128 0.092 0.952 0.700 -0.597 -0.601 0.051 0.803 0.669
0.797 0.612 -0.271 0.055 0.178 -0.673 0.484 0.162 0.586 0.213 0.639 0.147 0.168 0.159 0.219 -0.409 -0.038 -0.732 -0.543 0.073 -0.549 -0.057 -0.779 -0.727
-0.224 -0.990 -0.489 0.697 0.570 0.286 0.510 -0.839 -0.709 0.320 0.354 0.475 -0.266 -0.228 0.304 0.529 -0.374 -0.245 -0.383 -0.599 0.913 -0.400 -0.083 -0.902
-0.999 0.808 -0.883 -0.887 0.315 -0.344 -0.097 0.973 -0.531 -0.013 0.213 -0.877 -0.540 -0.057 0.023 -0.535 -0.134 0.148 -0.783 0.756 0.684 -0.517 0.708 0.375
-0.942 0.644 0.085 0.163 0.685 0.621 0.081 0.535 -0.111 0.597 -0.404 0.105 0.931 0.059 -0.732 -0.958 0.278 -0.303 0.942 0.626 -0.831 0.254 0.232 0.812
0.459 0.861 0.399 0.335 -0.284 0.342 0.110 -0.392 0.889 -0.510 -0.889 -0.965 0.792 -0.003 0.106 0.154 -0.280 0.273 -0.429 0.671 0.095 0.889 0.307 0.376
-0.184 0.056 0.916 0.742 0.698 0.513 -0.653 -0.241 0.257 0.560 0.737 -0.657 0.916 0.276 0.076 0.123 0.774 0.958 -0.808 -0.507 -0.748 -0.281 -0.673 0.123
0.289 -0.817 0.211 0.703 -0.716 0.127 0.672 -0.349 0.148 -0.944 0.753 0.234 0.574 -0.434 0.965 -0.018 -0.899 -0.722 -0.023 0.098 -0.384 -0.895 -0.954 -0.302
0.145 -0.197 0.353 0.307 0.692 -0.945 -0.796 0.259 -0.934 -0.827 -0.886 -0.974 0.402 0.976 0.346 -0.751 0.196 -0.019 0.620 -0.941 -0.950 -0.749 -0.610 0.824
-0.270 -0.863 0.977 0.355 0.168 -0.881 0.220 -0.672 -0.418 -0.746 -0.251 -0.246 0.286 0.954 0.415 0.222 -0.290 0.824 0.697 -0.703 0.393 -0.203 0.962 -0.397
0.357 -0.466 0.805 0.409 0.361 0.295 -0.512 -0.450 0.036 -0.671 0.662 0.042 0.115 0.428 0.347 -0.594 -0.792 -0.454 0.837 -0.366 0.486 0.075 0.494 0.476
0.230 0.514 0.558 0.081 -0.261 -0.206 -0.884 0.576 0.871 0.024 0.654 0.992 0.775 0.826 0.263 0.192 -0.606 -0.960 0.542 0.465 -0.892 0.533 -0.126 0.056
-0.807 0.172 0.176 0.030 -0.856 0.018 -0.064 0.290 0.961 -0.808 0.790 -0.698 0.973 0.954 0.844 0.997 -0.942 0.149 0.898 0.237 0.839 -0.880 -0.792 -0.653
-0.346 -0.137 -0.830 -0.559 0.233 0.309 -0.273 0.457 -0.769 -0.895 0.562 0.205 -0.034 -0.515 -0.915 -0.233 -0.842 0.698 -0.306 0.543 -0.074 0.389 0.918 -0.074
0.281 -0.541 0.914 -0.756 -0.746 -0.831 0.563 0.644 0.261 0.152 0.857 -0.590 -0.789 -0.668 0.266 0.608 -0.746 -0.010 -0.498 -0.738 -0.889 -0.580 -0.992 0.288
-0.121 -0.997 -0.150 0.808 0.132 -0.061 -0.152 0.078 -0.236 -0.959 -0.818 0.914 -0.389 -0.917 0.682 -0.578 -0.125 -0.509 0.821 0.124 -0.997 0.822 0.033 0.041
-0.012 -0.807 -0.268 -0.101 0.625 -0.071 0.341 0.338 0.971 -0.663 -0.471 0.346 0.036 0.551 -0.036 0.014 -0.933 0.591 -0.579 0.720 -0.640 0.520 -0.971 0.712
0.922 -0.706 0.338 -0.797 0.022 0.877 -0.527 -0.954 -0.233 -0.419 -0.590 -0.857 0.868 0.776 0.839 -0.279 -0.801 -0.497 -0.282 -0.233 -0.391 -0.816 -0.986 -0.723
-0.165 0.874 0.644 -0.297 0.745 0.007 0.323 0.919 -0.892 -0.808 0.706 -0.251 -0.371 0.070 -0.753 -0.381 0.191 -0.369 0.607 0.114 -0.663 -0.186 -0.253 0.238
-0.337 -0.514 0.740 -0.879 0.807 -0.059 -0.014 -0.919 -0.193 -0.989 -0.889 0.388 -0.689 0.094 -0.102 0.565 -0.701 -0.670 0.028 0.129 -0.174 0.408 0.545 -0.915
0.146 -0.256 0.179 -0.210 0.955 0.276 -0.330 -0.345 0.913 -0.045 0.140 -0.443 0.004 -0.315 -0.977 0.284 0.131 -0.479 -0.699 -0.599 0.193 -0.641 -0.581 0.864
0.814 0.598 -0.667 0.351 0.746 0.365 -0.206 0.921 0.702 -0.912 0.569 -0.525 -0.734 -0.721 0.126 0.861 -0.036 0.395 -0.264 0.203 0.977 -0.250 -0.975 0.873
0.909 -0.794 0.318 0.195 -0.997 0.651 0.336 0.906 0.850 -0.114 0.111 -0.658 -0.100 -0.364 -0.653 0.121 -0.438 0.686 0.007 0.738 0.771 -0.628 -0.589 -0.866
0.141 -0.306 -0.022 0.093 -0.954 -0.074 0.518 0.167 0.957 -0.511 -0.887 -0.110 -0.064 -0.615 0.556 0.493 -0.053 -0.982 -0.104 -0.777 -0.741 -0.882 0.898 0.089
0.339 0.161 -0.017 -0.067 0.299 -0.498 0.677 -0.216 -0.202 0.345 0.519 0.161 -0.181 0.858 0.385 0.484 -0.072 0.368 0.611 0.290 -0.554 -0.689 0.365 -0.312
0.936 -0.334 -0.923 -0.544 -0.997 -0.824 -0.987 -0.886 -0.614 0.417 -0.323 -0.875 0.362 0.148 0.764 -0.211 -0.565 0.635 0.335 0.204 -0.852 -0.433 -0.310 -0.270
-0.144 0.577 0.412 0.111 0.425 -0.607 -0.495 0.875 0.535 0.401 -0.901 0.923 -0.621 -0.042 0.318 0.709 0.322 0.944 -0.149 -0.441 0.905 0.732 0.965 -0.850
-0.946 -0.255 0.956 0.456 -0.124 -0.827 -0.119 -0.543 0.741 -0.649 -0.355 -0.356 0.154 0.962 -0.226 0.655 0.007 -0.989 -0.950 -0.286 0.550 -0.668 -0.548 0.731
0.104 -0.268 -0.779 0.032 0.442 -0.960 0.271 -0.132 0.876 -0.404 0.452 0.250 -0.510 0.315 0.760 -0.153 0.130 0.884 -0.548 0.549 -0.558 -0.115 0.944 -0.918
0.613 0.348 0.816 -0.705 -0.451 -0.761 -0.565 0.842 -0.171 -0.040 -0.392 0.510 -0.749 -0.827 -0.365 0.623 -0.211 0.293 0.231 0.080 -0.391 0.677 -0.798 0.405
-0.070 0.026 -0.517 -0.400 0.430 -0.929 -0.386 0.423 -0.622 -0.847 -0.216 0.700 0.618 -0.054 0.596 0.933 0.560 0.161 -0.314 -0.559 0.404 0.637 -0.767 -0.679
-0.050 -0.198 0.035 0.541 -0.675 -0.952 0.927 0.756 0.553 -0.570 0.859 -0.967 -0.338 0.463 -0.298 -0.221 0.136 0.244 0.070 -0.936 0.167 -0.689 -0.482 0.767
-0.117 0.778 -0.838 0.395 -0.374 0.820 -0.295 -0.581 0.412 -0.453 -0.690 -0.608 0.971 -0.294 0.493 -0.353 0.049 0.318 -0.387 -0.405 -0.072 -0.922 0.756 0.458
0.510 0.546 -0.877 0.542 0.702 0.139 0.956 0.685 0.032 -0.735 -0.940 -0.929 0.499 0.927 -0.366 -0.319 -0.107 -0.892 0.965 0.636 -0.439 0.271 -0.517 0.254
0.203 -0.949 0.113 -0.663 0.410 0.372 0.925 0.750 -0.931 0.498 -0.380 -0.917 0.580 -0.685 0.858 -0.788 0.804 -0.958 0.908 -0.382 0.205 0.499 -0.423 -0.256
-0.525 -0.827 0.496 0.691 0.906 -0.171 -0.042 0.190 0.404 -0.172 -0.397 -0.235 0.788 -0.225 -0.221 -0.274 -0.194 -0.933 0.156 0.040 -0.090 -0.479 -0.058 0.182
-0.828 0.570 0.046 0.238 0.496 -0.141 0.441 0.870 -0.147 -0.242 0.417 0.019 -0.095 -0.381 -0.919 -0.419 0.034 -0.556 0.045 -0.717 0.257 -0.295 -0.385 -0.640
0.166 -0.286 -0.174 -0.611 -0.854 -0.699 -0.298 -0.393 -0.011 -0.766 -0.375 -0.422 0.796 -0.152 0.084 -0.659 -0.215 0.544 0.066 0.142 0.973 0.170 -0.925 0.306
-0.865 0.863 0.069 -0.277 -0.728 0.165 0.587 -0.330 0.931 -0.153 -0.344 0.029 0.085 0.856 0.726 -0.381 -0.103 -0.609 0.322 -0.815 -0.722 0.575 -0.363 -0.406
-0.809 -0.618 0.255 0.165 0.778 0.746 0.475 -0.228 0.627 -0.780 -0.549 -0.980 0.592 0.358 -0.587 0.574 0.006 0.312 0.849 -0.449 0.280 -0.849 0.098 -0.125
0.941 0.952 0.210 -0.246 -0.977 0.490 -0.690 -0.075 0.739 0.110 0.750 0.159 0.254 -0.893 0.278 0.167 -0.909 -0.092 0.414 0.741 -0.120 0.997 -0.811 -0.492
-0.834 -0.978 -0.438 -0.633 0.292 -0.770 0.344 -0.263 -0.923 -0.220 -0.441 0.732 0.638 -0.617 0.372 0.765 0.894 -0.636 -0.966 -0.292 0.836 -0.600 -0.432 0.060
-0.070 0.669 0.939 0.308 -0.243 0.008 0.321 -0.865 -0.312 -0.775 0.490 0.064 -0.736 0.424 -0.165 0.478 -0.085 -0.136 0.912 0.990 -0.346 -0.093 0.555 -0.935
-0.337 -0.544 0.424 -0.086 -0.738 0.714 -0.022 -0.494 0.870 -0.248 0.102 0.729 -0.645 0.203 -0.952 0.071 0.630 0.988 0.161 -0.637 0.551 -0.994 -0.750 -0.130
0.909 0.304 0.945 0.270 0.944 -0.681 -0.076 0.455 -0.806 -0.418 0.702 0.972 0.142 0.553 -0.514 -0.664 -0.783 0.182 -0.975 -0.345 -0.085 -0.701 -0.159 -0.681
0.575 0.893 -0.651 -0.369 -0.992 -0.844 0.135 -0.258 0.490 0.045 -0.107 -0.140 -0.268 0.771 -0.050 -0.282 -0.741 -0.459 -0.466 0.097 -0.066 -0.183 0.719 0.235
-0.283 0.437 0.021 -0.351 -0.309 -0.792 -0.254 0.528 0.878 -0.572 0.295 -0.053 -0.799 -0.924 -0.992 -0.012 -0.865 -0.481 0.357 -0.814 0.438 -0.593 -0.914 0.925
0.893 -0.642 0.309 0.357 -0.189 -0.544 0.754 0.729 0.838 0.339 -0.559 0.642 -0.754 -0.859 0.071 0.536 -0.971 0.033 -0.564 -0.913 0.730 -0.040 -0.324 -0.632
-0.003 0.937 -0.612 -0.028 -0.668 0.310 -0.631 -0.106 0.065 0.052 0.840 -0.107 -0.354 0.430 0.591 0.882 0.623 -0.498 -0.281 -0.584 -0.094 -0.030 -0.154 0.423
-0.852 0.090 -0.144 0.563 -0.582 -0.210 0.398 0.866 -0.828 -0.336 -0.669 0.505 0.276 -0.349 0.439 -0.898 -0.166 0.720 0.831 0.803 -0.255 -0.604 0.746 -0.480
-0.466 0.244 0.910 -0.803 -0.717 -0.755 -0.624 -0.034 -0.975 0.393 -0.308 0.773 -0.446 -0.534 0.951 0.769 0.714 0.614 -0.952 -0.666 0.270 -0.247 -0.407 0.920
-0.644 -0.031 0.458 -0.556 -0.331 0.129 0.106 0.097 0.058 0.039 0.125 0.305 0.311 -0.977 -0.717 -0.774 0.526 0.829 0.508 -0.936 0.529 -0.943 0.252 0.943
0.515 -0.964 0.042 0.248 -0.932 0.491 -0.480 -0.206 -0.913 -0.245 0.529 0.842 -0.266 0.892 -0.057 0.167 -0.492 -0.664 -0.790 -0.726 -0.187 0.888 0.320 -0.555
-0.842 -0.978 -0.498 0.576 -0.827 0.619 -0.659 -0.664 -0.256 0.868 -0.660 -0.049 -0.803 -0.303 -0.260 -0.366 0.111 -0.492 -0.841 -0.627 -0.867 0.798 0.371 0.131
0.294 0.169 -0.784 0.023 0.308 -0.950 -0.955 -0.028 -0.249 -0.278 -0.637 0.432 0.442 -0.888 0.716 0.653 -0.412 -0.240 -0.840 -0.036 0.708 0.975 0.371 -0.144
-0.514 -0.205 -0.832 -0.096 0.689 -0.907 -0.028 0.782 -0.752 0.404 0.898 0.340 -0.320 0.973 0.203 -0.349 0.625 -0.921 0.144 -0.167 -0.719 0.383 -0.922 -0.126
0.984 -0.362 0.794 -0.212 -0.169 -0.757 0.347 0.922 -0.399 0.681 -0.483 -0.784 0.925 0.122 -0.751 -0.764 0.545 -0.508 -0.119 -0.150 -0.816 0.737 -0.632 0.116
-0.737 -0.149 -0.654 0.018 0.002 0.023 0.592 -0.507 0.246 0.062 -0.825 -0.479 -0.477 0.075 -0.671 0.690 0.410 0.572 -0.474 -0.932 0.197 0.684 0.045 -0.472
0.670 0.069 0.525 -0.687 0.890 -0.396 -0.679 0.437 0.833 0.277 -0.675 -0.374 0.415 -0.723 -0.824 -0.748 0.443 0.684 0.870 0.968 0.887 0.140 0.144 0.060
0.764 -0.989 0.176 0.637 0.163 -0.496 -0.438 -0.961 -0.632 -0.993 0.502 0.199 -0.397 -0.032 -0.407 0.127 0.554 -0.211 -0.627 -0.449 -0.287 0.908 -0.884 -0.028
0.414 -0.596 0.858 -0.256 -0.044 0.451 0.665 0.601 -0.509 -0.608 0.764 -0.074 -0.930 0.933 0.712 0.569 -0.415 -0.111 -0.030 -0.875 -0.986 -0.101 0.376 0.960
0.379 0.139 0.658 0.147 0.125 -0.694 0.977 -0.991 -0.526 0.989 0.653 0.961 0.951 0.832 0.230 0.645 -0.798 -0.612 0.868 0.326 -0.635 0.568 -0.766 -0.872
-0.798 -0.413 -0.656 0.660 0.355 -0.676 0.920 -0.708 -0.742 -0.116 0.012 -0.093 0.225 -0.840 0.837 0.467 0.366 -0.896 -0.893 0.015 -0.167 0.537 -0.026 -0.559
-0.261 -0.825 -0.107 0.152 0.513 -0.167 0.903 0.247 -0.241 0.677 0.601 0.287 0.047 0.483 -0.866 0.940 -0.394 0.899 -0.997 -0.011 -0.787 0.873 0.605 0.721
0.165 -0.861 -0.372 -0.235 0.019 -0.817 -0.146 -0.570 0.676 -0.551 -0.022 -0.775 0.202 -0.085 0.931 -0.988 -0.402 0.897 0.924 -0.507 0.774 0.416 0.236 -0.706
0.768 -0.234 -0.983 0.130 0.593 0.698 -0.944 0.633 0.874 0.548 -0.705 0.953 -0.622 -0.336 0.031 -0.264 0.921 0.147 0.115 0.539 -0.599 0.258 -0.564 0.627
0.365 0.722 -0.817 -0.353 0.823 0.897 -0.420 -0.407 -0.268 -0.239 0.926 -0.050 0.132 -0.831 0.394 -0.923 0.668 -0.257 0.454 -0.509 -0.759 -0.039 -0.879 -0.867
-0.660 0.305 0.680 0.316 -0.795 -0.976 0.594 0.770 -0.208 0.447 -0.250 0.908 0.762 0.810 0.841 -0.708 0.904 -0.308 -0.963 -0.616 0.625 -0.982 -0.976 -0.941
0.189 -0.419 -0.779 0.427 -0.169 0.477 0.915 0.101 -0.589 0.089 -0.311 0.586 -0.333 0.901 0.609 -0.756 -0.768 -0.843 0.307 0.065 0.671 -0.311 0.661 0.911
0.250 -0.152 -0.014 -0.734 0.351 -0.979 0.755 -0.348 -0.189 -0.209 0.097 0.753 0.328 -0.573 0.113 -0.924 0.368 -0.494 0.869 -0.696 -0.363 -0.296 -0.364 0.933
0.262 0.075 0.081 0.020 -0.848 -0.365 -0.448 0.760 0.702 0.487 -0.739 0.891 0.994 0.809 -0.755 0.813 0.408 -0.239 -0.856 0.210 -0.520 -0.179 0.321 -0.856
0.244 0.069 -0.209 -0.775 -0.863 -0.043 0.349 0.932 0.469 0.815 -0.005 0.399 0.361 -0.072 0.141 -0.209 0.963 -0.954 0.541 -0.229 0.322 -0.030 0.383 -0.178
-0.363 0.398 -0.138 -0.200 0.622 -0.023 -0.005 -0.702 -0.686 0.123 -0.835 0.279 -0.224 0.169 0.867 0.448 0.165 -0.982 -0.306 0.165 -0.740 0.481 0.235 -0.874
0.607 -0.397 0.790 -0.454 0.820 -0.977 0.279 -0.548 -0.140 -0.018 0.155 -0.852 -0.200 -0.561 0.007 -0.342 -0.450 -0.595 -0.172 -0.276 -0.849 0.849 0.581 0.680
-0.362 0.577 -0.410 -0.680 0.614 0.927 0.641 -0.090 0.061 0.202 0.699 -0.260 -0.849 0.939 -0.612 -0.497 -0.086 -0.282 0.075 -0.830 0.398 -0.141 -0.207 -0.595
-0.763 -0.305 0.417 -0.704 0.941 0.546 0.922 0.048 -0.908 0.167 -0.911 -0.637 0.204 -0.179 -0.382 -0.682 0.194 -0.222 0.126 0.065 0.521 -0.160 0.665 0.283
0.077 0.978 0.837 0.797 0.417 0.450 0.572 0.295 0.228 0.728 -0.466 0.756 0.384 0.810 -0.049 0.938 0.754 -0.789 0.816 -0.345 0.501 -0.563 -0.989 -0.419
-0.346 -0.852 0.648 0.239 0.319 -0.232 -0.837 -0.412 0.306 -0.876 -0.887 0.069 -0.749 -0.303 0.223 -0.846 -0.673 0.482 -0.181 0.212 0.176 -0.297 0.763 -0.235
-0.850 -0.691 -0.228 -0.745 0.427 0.346 -0.516 -0.761 0.925 -0.052 -0.697 -0.500 0.479 0.377 0.496 -0.463 -0.030 0.185 -0.784 0.118 0.433 -0.850 -0.529 0.378
0.326 0.667 0.184 -0.871 0.119 -0.931 -0.505 -0.876 0.924 -0.872 -0.787 -0.333 -0.311 -0.038 -0.034 -0.847 -0.216 -0.259 0.131 0.460 0.844 0.550 -0.508 0.366
0.985 -0.275 0.476 -0.373 -0.743 0.978 0.116 0.366 0.766 0.225 0.271 0.846 0.603 -0.942 0.789 -0.222 0.085 -0.483 0.532 0.009 0.615 0.501 -0.407 0.041
0.095 -0.815 -0.350 -0.478 0.666 -0.434 -0.618 -0.249 -0.079 -0.045 0.502 -0.260 0.472 0.137 -0.835 -0.649 -0.724 0.334 -0.646 0.198 0.002 0.303 0.919 -0.329
0.031 -0.781 0.554 -0.222 0.237 0.743 -0.888 0.612 -0.169 -0.626 -0.659 -0.256 -0.912 -0.196 -0.879 0.364 -0.097 -0.795 0.825 -0.835 -0.508 0.731 -0.245 0.084
0.343 0.797 -0.903 0.274 0.676 0.553 0.699 -0.698 0.462 0.829 0.488 -0.796 0.725 0.857 -0.362 0.999 0.298 -0.497 0.510 -0.805 -0.835 -0.210 -0.131 0.282
0.476 -0.688 -0.883 0.083 0.495 -0.075 0.980 -0.918 0.888 0.902 0.612 -0.610 -0.702 -0.730 -0.581 -0.913 -0.367 0.154 0.697 -0.446 -0.925 -0.184 -0.484 -0.471
0.978 0.566 -0.726 -0.320 -0.438 -0.078 0.396 0.360 0.171 0.085 0.052 0.580 -0.353 -0.277 -0.695 0.308 0.488 -0.346 -0.742 -0.732 -0.210 -0.682 0.823 -0.162
-0.318 -0.754 -0.243 0.059 0.275 -0.628 0.697 0.510 0.847 0.568 -0.629 0.179 -0.088 -0.132 -0.994 0.572 -0.007 0.279 -0.035 -0.892 -0.722 0.532 0.412 0.829
0.521 -0.422 -0.885 0.533 -0.994 -0.148 -0.536 0.908 -0.800 0.667 -0.888 -0.541 0.083 0.308 0.082 0.749 0.965 -0.296 0.110 -0.133 -0.553 -0.387 -0.452 0.115
0.041 0.678 0.789 -0.187 -0.729 0.497 0.077 -0.500 0.313 -0.283 0.450 0.119 0.256 -0.600 0.648 0.037 -0.794 0.829 0.280 0.435 0.557 -0.907 -0.387 0.944
0.204 -0.239 -0.294 0.252 0.686 0.640 0.048 -0.928 0.105 -0.815 0.122 0.005 0.086 -0.301 -0.722 0.496 -0.174 -0.286 0.664 -0.066 -0.048 0.295 0.692 0.196
0.310 -0.612 -0.754 0.126 0.141 0.452 0.252 -0.639 -0.502 0.703 -0.072 0.195 -0.106 -0.034 -0.815 -0.615 0.908 0.771 -0.064 -0.408 -0.457 -0.854 0.013 0.437
0.381 0.578 -0.292 0.470 0.634 0.927 0.818 0.204 0.088 -0.818 -0.230 0.823 -0.259 -0.938 0.921 0.470 0.573 0.886 0.243 -0.640 -0.999 -0.012 -0.943 -0.977
-0.706 0.281 0.110 -0.159 -0.383 -0.048 0.490 -0.141 0.582 0.281 0.389 -0.922 0.991 -0.670 0.507 -0.930 -0.985 -0.372 0.666 0.163 -0.732 0.703 -0.320 -0.244
0.974 -0.436 0.396 0.601 -0.001 -0.413 0.856 0.704 0.837 0.886 -0.738 0.685 -0.315 -0.984 0.774 0.186 0.847 -0.303 -0.052 0.819 0.466 0.763 -0.586 0.203
-0.411 0.628 0.346 0.319 -0.560 0.331 0.199 -0.900 0.354 -0.743 0.842 -0.879 0.649 -0.944 -0.550 0.635 -0.600 -0.103 0.717 0.857 0.074 -0.755 -0.199 -0.213
-0.444 -0.666 0.996 0.838 0.463 -0.949 -0.355 -0.318 0.154 0.269 0.769 -0.823 0.043 0.822 0.612 0.203 0.669 0.992 0.480 0.298 -0.842 -0.530 -0.163 -0.355
0.677 -0.357 -0.676 -0.144 0.347 0.767 -0.505 -0.208 -0.742 0.528 0.376 0.112 -0.662 -0.568 -0.830 0.426 0.410 0.820 -0.341 -0.275 -0.947 -0.277 -0.926 -0.747
-0.318 0.896 0.739 0.817 -0.188 -0.900 -0.999 -0.275 -0.821 0.921 0.205 0.748 0.338 -0.066 0.032 -0.734 0.413 0.017 -0.354 0.592 0.003 -0.388 0.059 -0.102
0.449 0.695 0.320 -0.777 0.388 -0.897 0.544 -0.418 -0.601 -0.125 -0.284 0.635 -0.650 0.765 0.470 0.853 -0.569 0.713 -0.332 -0.979 0.844 0.010 0.559 -0.109
-0.887 0.660 -0.113 -0.434 -0.672 0.943 0.884 0.548 -0.183 0.465 0.673 -0.484 0.442 0.660 -0.197 0.718 -0.219 -0.818 -0.270 -0.280 -0.601 -0.105 -0.328 -0.059
0.065 0.277 0.686 -0.636 -0.460 -0.487 -0.646 -0.139 0.466 0.207 -0.339 0.446 -0.852 0.744 -0.329 0.651 0.478 0.865 -0.304 -0.042 0.721 0.711 -0.527 0.674
-0.738 -0.711 -0.291 -0.852 0.476 -0.194 -0.380 -0.485 -0.295 -0.061 -0.905 -0.442 -0.239 0.255 0.878 -0.731 -0.563 0.443 0.264 0.382 -0.715 -0.689 -0.682 -0.168
-0.981 0.118 -0.559 -0.609 -0.896 -0.745 -0.875 0.091 -0.901 0.223 -0.992 -0.846 -0.188 -0.919 -0.321 -0.139 -0.931 0.259 -0.505 -0.442 0.124 -0.425 0.227 0.590
-0.740 0.386 -0.097 0.194 0.039 0.861 0.300 0.944 -0.924 0.538 0.631 0.160 0.998 0.591 0.963 -0.980 0.403 0.122 0.099 0.146 -0.461 0.839 -0.535 -0.152
0.657 0.167 0.887 0.512 0.837 0.228 -0.924 0.072 0.425 0.294 0.806 -0.941 -0.082 0.446 -0.490 0.183 -0.337 0.894 0.666 -0.108 0.403 0.239 0.602 -0.377
0.908 0.979 0.570 -0.321 -0.839 -0.831 -0.664 0.856 -0.908 0.301 -0.526 0.172 0.968 0.543 0.724 0.188 -0.689 -0.238 -0.678 0.949 -0.806 0.896 0.202 -0.878
0.581 0.411 0.649 0.363 -0.509 0.155 -0.027 -0.045 -0.012 -0.529 0.205 -0.150 0.007 -0.949 0.610 -0.701 -0.789 -0.719 -0.243 -0.911 0.233 -0.245 0.480 -0.116
0.175 0.889 -0.368 -0.165 -0.061 -0.048 0.789 0.795 0.622 -0.503 -0.697 0.357 -0.406 -0.053 -0.450 0.257 1.000 -0.951 -0.028 -0.196 0.850 0.216 -0.756 -0.052
-0.923 -0.859 0.894 0.763 -0.928 0.851 0.737 0.798 -0.870 -0.235 0.002 -0.719 0.120 0.352 -0.136 0.957 0.966 0.351 -0.576 -0.364 -0.969 -0.944 -0.396 -0.780
-0.265 -0.237 -0.830 -0.620 0.358 0.462 0.635 -0.399 -0.386 0.580 -0.652 0.225 0.585 -0.909 -0.701 0.782 -0.481 0.129 0.154 -0.770 -0.374 0.960 -0.390 -0.761
0.120 -0.042 0.246 0.775 0.377 -0.886 0.978 -0.900 0.102 0.119 0.523 -0.395 -0.176 0.414 -0.838 -0.466 -0.424 -0.615 0.225 0.385 0.869 -0.941 0.421 0.451
0.190 0.261 -0.595 -0.610 0.394 -0.616 -0.306 0.468 0.351 -0.243 -0.639 0.480 0.523 0.402 -0.384 -0.306 -0.518 -0.215 0.361 -0.537 -0.132 -0.355 0.016 0.109
-0.352 -0.797 0.947 0.724 0.982 -0.180 0.047 0.604 -0.268 -0.534 -0.430 0.254 0.245 -0.969 -0.135 -0.952 -0.995 -0.275 -0.374 0.477 -0.835 -0.150 0.215 0.254
-0.919 0.034 0.557 -0.406 -0.349 -0.049 0.372 -0.345 -0.229 -0.219 -0.063 0.016 -0.056 -0.466 -0.202 0.558 0.182 0.052 0.085 0.764 -0.941 0.386 0.581 0.365
-0.885 0.752 -0.235 0.098 0.886 0.069 -0.812 0.223 -0.934 -0.725 0.772 0.788 0.146 0.140 0.934 0.417 0.104 0.435 0.292 0.743 0.991 -0.145 -0.912 0.190
-0.223 -0.052 0.590 -0.425 0.948 -0.798 0.643 0.306 -0.292 0.567 0.205 0.496 0.363 -0.910 0.853 0.038 -0.481 0.799 -0.140 0.636 0.768 0.316 0.313 0.333
-0.030 0.244 0.023 -0.292 0.223 -0.974 0.341 -0.252 0.852 -0.840 0.760 0.460 -0.114 0.618 -0.675 -0.046 0.033 0.807 -0.896 -0.892 -0.179 0.949 0.714 -0.405
-0.473 -0.814 -0.240 -0.991 0.436 -0.369 0.507 -0.808 -0.021 0.161 0.497 -0.734 -0.137 0.930 0.078 -0.091 0.082 0.731 -0.779 -0.419 0.351 -0.317 0.732 0.085
0.842 -0.366 -0.552 -0.952 0.762 -0.329 0.556 -0.644 0.715 0.897 0.782 0.672 -0.725 0.942 0.621 0.119 0.837 0.456 -0.760 -0.523 -0.206 -0.899 -0.015 0.950
0.136 -0.442 0.448 -0.632 0.492 -0.910 -0.850 -0.306 -0.955 0.638 -0.199 -0.315 0.369 0.404 -0.974 -0.199 -0.439 0.795 -0.190 0.942 0.167 -0.254 -0.424 0.586
0.134 0.812 -0.718 -0.197 0.596 -0.625 -0.816 0.080 0.011 0.464 0.500 -0.840 0.151 -0.559 0.432 -0.517 -0.245 0.109 0.236 -0.789 0.315 0.127 0.811 0.191
-0.915 -0.995 -0.571 -0.375 -0.851 -0.219 -0.391 -0.660 0.525 0.373 0.354 -0.214 -0.377 -0.528 0.175 0.361 -0.319 -0.789 -0.832 0.579 -0.405 -0.102 -0.387 0.003
0.216 0.314 -0.322 0.655 -0.185 -0.638 0.524 0.853 -0.312 0.853 0.305 -0.678 -0.225 0.340 -0.507 0.893 0.290 0.736 0.576 0.747 0.344 0.654 0.696 0.443
-0.641 -0.938 0.314 0.395 0.169 0.612 -0.574 -0.336 -0.301 0.484 0.855 -0.814 -0.100 -0.114 -0.672 0.353 -0.640 -0.598 0.103 0.362 0.942 0.413 0.576 0.101
0.212 0.314 -0.010 0.747 -0.515 0.411 -0.861 -0.588 0.403 -0.205 0.558 -0.761 0.086 0.802 0.152 -0.307 0.416 -0.511 -0.474 -0.814 -0.903 -0.846 0.585 -0.497
0.325 -0.934 0.060 -0.988 0.577 -0.554 0.608 0.160 -0.308 0.080 0.968 -0.174 0.695 0.066 0.127 -0.237 0.115 -0.225 -0.391 -0.462 -0.568 0.773 -0.797 0.788
-0.014 0.152 0.820 0.356 0.043 0.579 0.588 0.538 -0.521 0.889 0.238 -0.384 0.890 -0.438 0.948 -0.789 0.473 0.634 -0.991 0.122 0.443 0.735 -0.275 -0.943
0.808 0.064 -0.573 0.517 -0.069 0.536 0.592 -0.081 0.022 0.386 -0.355 -0.990 -0.345 -0.896 -0.276 -0.660 -0.547 0.327 0.336 -0.720 0.828 -0.243 -0.423 0.562
-0.848 0.083 0.777 0.828 0.355 0.852 -0.834 -0.170 -0.849 -0.729 0.853 -0.697 0.327 -0.674 -0.195 0.501 0.162 0.420 0.765 0.376 -0.867 -0.892 -0.353 -0.369
-0.545 0.459 0.746 -0.815 -0.022 0.006 0.012 -0.724 0.687 -0.868 0.474 0.480 0.687 -0.814 -0.993 0.621 0.323 -0.572 -0.618 -0.941 -0.737 0.358 -0.824 -0.346
-0.859 0.318 -0.414 0.303 -0.244 -0.489 0.722 0.126 -0.823 0.190 -0.650 -0.104 -0.901 -0.253 0.991 -0.860 0.815 -0.435 0.462 -0.621 0.780 0.732 -0.210 0.796
-0.992 -0.410 -0.222 -0.644 0.115 -0.943 0.368 -0.000 0.866 0.168 0.324 -0.729 0.724 -0.993 -0.294 0.429 -0.590 -0.951 0.325 -0.264 -0.988 0.521 0.958 -0.881
0.632 -0.630 -0.562 -0.984 -0.772 0.548 0.006 -0.151 -0.112 -0.992 -0.551 -0.854 0.493 0.383 -0.304 -0.285 -0.444 -0.340 -0.241 0.260 0.129 -0.201 0.265 0.675
0.142 -0.792 -0.450 0.796 0.983 -0.766 0.886 -0.203 0.535 -0.192 -0.224 0.629 0.979 0.542 0.778 -0.641 -0.175 0.455 -0.093 0.318 0.974 -0.889 0.256 0.380
-0.379 0.718 -0.931 0.173 -0.405 -0.426 0.963 -0.357 0.213 -0.026 -0.149 0.678 -0.321 -0.072 -0.773 -0.568 0.593 -0.159 0.061 0.135 -0.090 0.207 0.443 0.747
-0.246 -0.600 -0.211 0.646 0.302 0.214 -0.618 0.627 -0.395 -0.567 0.743 -0.061 0.293 -0.110 0.402 0.929 0.308 -0.146 0.232 -0.390 -0.613 0.027 0.010 0.173
0.701 -0.259 -0.071 0.188 -0.146 0.325 0.431 0.693 -0.047 0.534 0.070 -0.929 0.406 0.568 0.885 0.823 0.264 -0.282 -0.125 0.381 -0.138 -0.116 -0.858 0.282
-0.631 -0.810 0.134 0.880 -0.968 -0.059 -0.924 -0.642 0.603 -0.068 -0.880 0.047 -0.443 -0.449 -0.575 -0.631 0.489 -0.053 -0.505 -0.774 -0.238 0.403 -0.517 0.070
-0.194 0.510 0.142 -0.639 0.564 -0.149 0.936 0.611 -0.250 0.501 0.273 0.433 -0.394 -0.137 -0.447 0.518 -0.490 -0.043 -0.481 0.785 -0.089 -0.878 0.035 -0.573
0.936 0.355 0.806 0.563 0.329 -0.298 -0.568 0.361 0.593 0.005 0.500 0.847 0.044 -0.524 -0.979 0.270 0.560 0.457 -0.042 0.780 0.604 -0.260 0.199 -0.142
0.619 0.818 -0.610 0.761 0.497 -0.704 -0.704 0.586 0.189 -0.975 -0.714 -0.835 -1.000 -0.944 -0.371 -0.555 -0.812 0.866 -0.936 0.768 0.659 -0.781 -0.462 -0.182
0.305 -0.450 -0.100 -0.957 -0.553 -0.360 -0.038 -0.930 -0.020 -0.988 -0.876 0.051 0.411 0.296 0.329 0.636 -0.553 -0.317 0.421 0.163 0.856 0.145 -0.501 0.185
0.044 0.419 0.445 0.075 0.435 -0.930 0.376 -0.029 0.733 -0.408 -0.633 -0.681 0.182 -0.518 -0.649 0.072 -0.193 0.634 0.188 -0.394 0.020 0.633 -0.144 0.042
0.453 0.272 0.117 -0.471 -0.151 0.918 -0.501 -0.152 -0.719 -0.119 -0.321 -0.327 -0.410 0.124 0.502 -0.628 -0.400 -0.087 -0.541 0.050 -0.348 0.480 -0.743 0.749
0.661 -0.166 0.836 0.028 0.506 -0.804 0.658 -0.009 -0.682 0.364 -0.557 0.585 -0.269 0.960 0.553 -0.542 0.765 -0.553 0.658 -0.333 -0.704 -0.962 -0.853 -0.441
-0.636 0.308 -0.035 0.799 -0.565 -0.260 -0.466 0.729 -0.507 -0.318 -0.097 -0.185 0.835 -0.791 0.643 0.790 -0.964 0.132 -0.953 0.897 0.728 0.832 0.468 0.137
0.014 -0.263 -0.811 0.551 0.609 0.996 0.811 -0.153 -0.531 0.957 0.354 0.246 0.866 0.230 0.999 0.530 -0.541 -0.781 -0.027 0.695 0.155 -0.516 -0.508 0.448
0.937 0.495 -0.573 -0.932 0.874 0.854 -0.670 -0.023 0.218 -0.255 -0.978 -0.499 0.951 -0.253 0.112 -0.143 -0.598 0.188 0.786 0.605 0.749 -0.902 0.269 0.476
-0.484 -0.948 0.971 -0.637 -0.249 0.266 -0.109 0.076 -0.580 -0.440 -0.950 -0.846 -0.143 0.861 -0.605 -0.560 0.394 -0.449 -0.773 0.687 -0.188 -0.004 -0.256 0.755
-0.808 -0.561 0.434 0.404 -0.847 -0.551 0.381 -0.387 -0.808 0.213 -0.837 -0.148 0.891 0.199 0.787 -0.083 0.676 -0.168 -0.950 0.086 -0.634 -0.907 -0.112 -0.327
0.382 0.589 -0.338 -0.256 0.558 0.021 -0.323 0.963 0.318 -0.367 0.173 0.920 -0.109 -0.502 0.784 -0.823 -0.960 0.179 0.293 0.222 0.410 -0.248 0.529 -0.585
0.045 -0.195 0.976 -0.030 0.289 -0.905 -0.306 -0.029 0.061 -0.460 0.034 0.245 0.400 -0.311 -0.747 -0.088 -0.439 -0.491 -0.725 0.910 -0.222 -0.158 0.567 -0.208
0.077 0.815 -0.937 0.544 -0.600 0.660 0.517 -0.934 -0.252 -0.397 0.077 0.990 -0.272 -0.917 0.520 -0.915 0.045 -0.371 -0.530 -0.468 0.379 0.352 0.093 -0.227
0.576 -0.759 -0.719 0.326 -0.005 -0.371 -0.738 0.181 -0.737 0.399 -0.934 -0.547 -0.311 -0.596 0.284 -0.851 -0.774 -0.694 0.100 -0.887 0.388 -0.853 -0.668 0.723
0.111 -0.952 0.319 0.500 0.186 0.245 0.928 -0.555 0.272 -0.608 0.013 -0.145 -0.157 -0.197 0.610 -0.885 0.681 0.687 -0.895 0.925 -0.775 0.359 0.589 0.389
0.111 -0.574 -0.299 0.674 -0.433 -0.537 -0.181 0.501 -0.206 -0.231 -0.177 0.297 0.330 -0.488 -0.088 -0.566 -0.465 0.339 0.189 0.901 0.014 0.362 -0.478 0.138
0.322 0.826 0.989 -0.129 -0.364 0.008 0.469 0.563 0.870 0.644 -0.794 -0.154 0.842 -0.684 -0.971 -0.001 0.084 -0.551 -0.766 0.503 -0.134 0.249 -0.618 0.666
-0.008 -0.559 0.303 0.840 0.602 -0.150 -0.424 -0.335 -0.763 0.212 0.279 -0.972 -0.183 -0.216 0.142 0.686 -0.453 0.674 0.012 0.965 0.140 0.920 0.869 0.329
-0.040 -0.870 -0.196 0.698 -0.395 0.740 0.607 0.651 0.988 -0.459 0.357 -0.849 0.418 0.838 -0.196 0.009 0.507 -0.823 -0.764 -0.945 0.396 0.054 -0.265 -0.380
0.953 0.031 -0.638 -0.600 0.482 -0.928 0.518 -0.433 0.075 -0.349 0.315 -0.839 -0.415 0.626 0.751 0.927 0.016 -0.134 -0.642 -0.542 -0.489 0.721 -0.973 0.408
-0.429 -0.914 0.429 0.281 0.879 -0.332 0.322 -0.787 0.067 -0.174 -0.649 0.994 -0.772 -0.441 -0.401 0.625 0.431 -0.985 -0.276 0.500 -0.422 0.234 -0.697 -0.596
-0.922 0.602 -0.027 0.150 0.863 -0.787 -0.477 0.483 -0.151 0.504 -0.463 0.231 0.060 -0.964 0.668 0.491 0.444 -0.074 0.513 0.187 0.381 0.042 -0.008 0.190
0.793 0.193 0.015 0.885 -0.398 0.743 -0.699 -0.247 -0.753 -0.707 -0.299 -0.041 0.543 -0.340 0.780 0.622 -0.443 -0.048 -0.831 0.270 -0.761 -0.989 0.919 0.560
-0.514 0.458 0.824 -0.407 -0.728 0.268 0.934 -0.691 -0.459 -0.867 0.235 0.600 -0.232 0.988 -0.131 0.869 -0.758 -0.599 0.782 0.471 0.368 0.919 0.916 -0.577
-0.494 0.639 0.621 0.505 0.014 0.445 -0.978 -0.926 0.999 0.779 -0.973 0.328 0.887 0.111 -0.946 -0.782 -0.210 -0.182 0.075 -0.543 -0.565 -0.547 -0.415 0.182
-0.957 -0.784 0.694 -0.469 0.549 -0.011 0.405 -0.611 -0.612 -0.358 -0.520 -0.938 -0.412 -0.698 -0.777 -0.984 -0.442 0.616 -0.410 0.745 0.498 0.084 -0.790 -0.554
-0.007 0.349 -0.742 0.014 -0.557 -0.015 -0.790 0.896 0.907 -0.151 -0.526 -0.714 -0.389 0.092 0.809 -0.494 0.094 0.016 0.688 -0.521 -0.888 -0.112 0.786 0.298
0.072 -0.748 -0.759 0.392 0.007 0.283 0.813 -0.589 0.136 0.100 0.335 -0.790 -0.171 0.445 0.649 -0.779 -0.498 -0.311 0.919 -0.889 -0.835 -0.697 0.418 -0.344
-0.266 -0.718 -0.171 0.020 -0.188 -0.670 -0.853 0.052 -0.442 -0.560 -0.719 0.789 0.864 -0.460 0.341 0.992 -0.695 0.179 0.910 0.228 -0.983 -0.948 -0.218 0.955
0.183 -0.712 -0.505 0.202 -0.702 -0.283 0.525 -0.156 -0.778 0.617 -0.755 -0.410 -0.599 -0.781 -0.581 0.121 -0.460 -0.070 0.677 0.135 -0.167 -0.391 -0.499 0.930
-0.960 -0.104 0.444 0.007 -0.699 -0.476 -0.022 0.611 -0.089 -0.157 0.795 -0.475 0.352 0.704 0.149 -0.552 -0.677 0.394 0.812 0.442 0.722 -0.763 0.071 -0.856
-0.201 -0.358 -0.894 -0.510 -0.285 0.033 -0.400 0.338 -0.724 -0.366 0.023 -0.760 -0.316 -0.027 -0.908 -0.971 0.504 0.067 0.479 -0.654 -0.267 0.769 0.665 0.595
-0.206 -0.063 0.276 -0.528 0.972 -0.371 -0.323 -0.658 -0.770 0.719 0.078 0.474 0.861 -0.412 0.102 0.480 -0.468 -0.702 0.384 -0.487 0.269 0.046 -0.547 0.225
-0.375 -0.823 -0.904 -0.514 0.320 0.124 -0.651 -0.041 -0.572 -0.951 0.561 0.402 0.295 0.399 -0.669 0.497 -0.758 -0.292 0.345 0.498 0.397 0.103 0.658 0.628
-0.287 0.450 0.085 0.898 0.953 -0.416 0.804 -0.152 -0.351 -0.710 0.965 0.826 -0.256 -0.475 0.013 -0.121 -0.057 0.904 -0.687 0.571 -0.791 -0.032 -0.510 0.592
-0.592 -0.640 -0.571 0.240 0.980 -0.392 -0.304 0.169 -0.113 -0.088 0.082 0.182 -0.668 -0.297 0.316 0.311 0.184 0.565 0.766 0.923 0.761 0.238 0.603 0.162
-0.413 -0.648 -0.925 -0.359 0.277 0.020 -0.947 -0.634 -0.402 -0.436 -0.229 -0.408 0.406 -0.524 -0.228 -0.882 0.648 0.327 -0.821 0.832 0.836 0.470 0.011 0.541
-0.581 0.267 -0.676 -0.975 -0.164 -0.887 0.205 -0.417 -0.402 0.116 0.388 0.952 0.153 0.300 0.642 -0.033 0.261 0.359 0.096 0.530 0.796 0.851 0.215 -0.101
0.294 0.547 -0.913 0.434 -0.612 0.574 -0.368 -0.389 -0.923 -0.105 0.489 -0.115 0.235 0.311 0.459 -0.904 0.401 0.842 0.601 -0.705 0.684 -0.439 0.855 0.144
0.268 0.475 0.686 -0.813 -0.126 0.873 0.951 -0.415 0.904 -0.382 -0.710 0.396 -0.846 -0.977 0.443 -0.200 -0.099 -0.952 -0.832 -0.999 0.350 0.429 0.015 -0.903
-0.782 0.630 0.741 0.093 -0.018 0.269 -0.333 -0.957 -0.579 -0.672 -0.523 0.245 0.300 -0.134 -0.746 -0.928 -0.120 0.709 0.506 0.577 0.076 -0.150 0.564 -0.124
0.166 -0.136 -0.567 0.160 0.648 0.682 -0.614 -0.796 0.503 -0.415 0.020 0.046 0.279 0.619 -0.061 0.181 0.101 0.378 0.876 0.235 0.211 0.119 0.622 -0.973
0.138 -0.606 -0.252 -0.401 -0.489 -0.214 0.638 0.562 0.337 -0.081 0.909 -0.670 0.182 -0.351 -0.051 0.445 0.825 -0.276 -0.029 -0.072 0.507 -0.742 -0.466 -0.545
-0.544 0.123 -0.061 0.986 0.059 -0.904 0.787 0.417 -0.733 0.914 0.694 -0.996 -0.212 -0.632 -0.673 -0.288 0.408 0.704 0.669 -0.354 0.275 0.513 -0.911 0.916
-0.907 0.980 -0.100 -0.853 -0.476 0.329 0.105 0.324 -0.452 -0.111 0.915 -0.441 0.924 0.298 -0.031 0.450 0.169 -0.662 0.232 0.310 -0.944 0.667 -0.974 0.521
0.240 -0.868 0.021 0.959 -0.822 0.561 -0.419 0.937 -0.859 0.095 0.364 -0.522 0.514 0.875 0.556 0.270 0.040 -0.266 0.215 -0.670 -0.473 -0.291 -0.023 0.620
0.406 0.376 -0.586 -0.235 0.583 0.080 -0.993 -0.055 0.813 0.083 0.805 -0.507 0.648 0.751 0.715 -0.250 -0.261 -0.204 -0.856 0.371 0.635 0.370 0.040 0.336
-0.608 -0.354 0.969 -0.257 -0.441 -0.625 0.490 -0.608 -0.539 0.216 0.746 -0.072 0.405 0.555 -0.718 0.329 -0.529 -0.652 0.289 -0.525 -0.248 -0.070 0.038 0.673
0.630 -0.539 -0.561 -0.870 -0.414 -0.814 -0.591 0.811 -0.708 0.047 -0.793 -0.061 -0.591 0.130 -0.566 0.257 0.117 -0.245 -0.662 -0.017 0.399 -0.113 -0.443 -0.040
-0.415 -0.375 -0.292 0.265 0.588 -0.530 -0.899 -0.205 0.602 0.991 -0.612 -0.534 -0.634 -0.883 -0.224 -0.661 -0.740 0.157 -0.876 0.483 0.960 -0.723 0.309 0.930
-0.915 0.457 -0.473 0.666 -0.137 0.975 0.085 0.850 0.355 -0.176 0.353 -0.750 0.147 0.922 0.912 0.060 0.741 -0.518 -0.116 -0.993 -0.171 -0.195 0.418 -0.604
0.509 -0.674 0.281 -0.605 -0.459 -0.893 0.826 0.292 -0.020 0.545 -0.071 -0.111 0.547 0.374 -0.879 0.220 -0.456 0.616 -0.708 0.729 0.302 0.403 0.555 -0.986
0.945 0.766 0.765 -0.508 0.412 0.399 -0.057 -0.556 -0.761 -0.991 -0.118 0.971 -0.332 -0.053 0.870 0.036 0.021 0.290 0.910 0.635 0.219 -0.023 -0.869 -0.114
-0.064 -0.498 0.505 -0.258 -0.317 0.079 0.550 -0.535 0.749 -0.742 -0.060 0.587 -0.433 0.369 -0.035 0.287 -0.860 -0.799 0.184 0.757 -0.383 0.988 -0.958 -0.558
0.283 -0.239 0.245 -0.671 0.066 -0.252 0.740 0.124 -0.840 0.256 -0.479 -0.839 -0.446 -0.943 -0.019 0.771 -0.567 -0.758 -0.442 -0.441 0.919 0.481 0.347 0.822
0.151 -0.831 -0.843 0.713 0.181 -0.027 -0.583 0.595 0.400 0.474 0.509 -0.761 -0.572 -0.470 0.686 0.722 0.634 -0.874 0.301 -0.770 -0.082 0.284 0.718 0.103
0.191 0.692 -0.693 -0.892 0.467 -0.383 -0.165 -0.892 0.082 0.197 0.778 -0.668 -0.293 -0.224 0.395 0.139 0.237 0.755 -0.323 0.026 -0.514 -0.310 -0.012 0.648
-0.673 0.482 0.564 0.417 -0.030 -0.319 -0.225 -0.013 -0.595 0.395 0.097 -0.339 0.514 -0.509 -0.040 -0.584 -0.743 -0.252 0.064 0.657 -0.470 -0.534 0.893 0.231
