0.383 0.681 0.499 0.161 -0.398 0.624 0.368 0.601 0.076 -0.582 -0.793 0.410 -0.017 0.761 -0.946 0.714 -0.437 -0.183 -0.336 0.502 -0.166 -0.032 0.615 0.831
0.383 0.681 0.499 0.161 -0.398 0.624 0.368 0.601 0.076 -0.582 -0.793 0.410 -0.017 0.761 -0.946 0.714 -0.437 -0.183 -0.336 0.502 -0.166 -0.032 0.615 0.831
0.383 0.681 -0.307 0.161 -0.398 0.624 0.368 0.601 0.076 -0.582 -0.793 0.410 -0.017 0.761 -0.946 0.714 -0.437 -0.183 -0.336 0.502 -0.166 -0.032 0.615 0.831
0.383 0.681 0.499 0.161 -0.398 0.624 0.368 0.601 0.076 -0.582 -0.793 0.410 -0.017 0.761 -0.946 0.714 -0.437 -0.183 -0.336 0.502 -0.166 -0.032 0.615 0.831
0.383 0.681 0.499 0.161 -0.398 0.624 0.368 0.601 0.076 -0.582 -0.793 0.410 -0.017 0.761 -0.946 0.714 -0.437 -0.183 -0.336 0.502 -0.166 -0.032 0.615 0.831
0.383 0.681 0.499 0.161 -0.398 0.624 0.368 0.601 0.076 -0.582 -0.793 0.410 -0.017 0.761 -0.946 0.714 -0.437 -0.183 -0.336 0.502 -0.166 -0.032 0.615 0.831
0.383 0.681 0.499 0.161 -0.398 0.624 0.368 0.601 0.076 -0.582 -0.793 0.410 -0.017 0.761 -0.946 0.714 -0.437 -0.183 -0.336 0.502 -0.166 -0.032 0.199 0.831
0.383 0.681 0.499 0.161 -0.398 0.624 0.368 0.601 0.076 -0.582 -0.793 0.410 -0.017 0.761 -0.946 0.714 -0.437 -0.183 -0.336 0.502 -0.166 -0.032 0.615 0.831
0.383 0.681 0.499 0.161 -0.398 0.624 0.368 0.601 0.076 -0.582 -0.793 0.410 -0.017 0.761 -0.946 0.714 -0.437 -0.183 -0.336 0.502 -0.166 -0.032 0.615 0.831
0.383 0.681 0.499 0.161 -0.398 -0.618 0.368 0.601 0.076 -0.582 -0.793 0.410 -0.017 0.761 -0.946 0.714 -0.437 -0.183 -0.746 0.502 -0.166 -0.032 0.615 0.831
0.383 0.681 0.499 0.161 -0.398 0.624 0.368 0.601 0.076 -0.582 -0.793 0.410 -0.017 0.761 -0.946 0.714 -0.437 -0.183 -0.336 0.502 -0.166 -0.032 0.615 0.831
0.383 0.681 0.499 0.161 -0.398 0.624 0.368 0.601 0.076 -0.582 -0.793 0.410 -0.017 0.761 -0.946 0.714 -0.437 -0.183 -0.336 0.502 -0.166 -0.032 0.615 0.831
0.383 0.681 0.499 0.161 -0.398 0.624 0.368 0.601 0.076 -0.582 -0.793 0.410 -0.017 0.761 -0.946 0.714 -0.437 -0.183 -0.336 0.502 -0.166 -0.032 0.615 0.831
0.383 0.681 0.499 0.161 -0.398 0.624 0.368 0.601 0.076 -0.582 -0.793 0.410 -0.017 0.761 -0.946 0.714 -0.437 -0.183 -0.336 0.502 -0.166 -0.032 0.615 0.831
0.383 0.681 0.499 0.161 -0.398 0.624 0.368 0.601 0.076 -0.582 -0.793 0.410 -0.017 0.761 -0.946 -0.160 -0.437 -0.183 -0.336 0.502 -0.166 -0.032 0.615 0.831
0.383 0.681 0.499 0.161 -0.398 0.624 0.368 0.601 0.076 -0.582 -0.793 0.410 -0.017 0.761 -0.946 0.714 -0.437 -0.183 -0.336 0.502 -0.166 -0.032 0.615 0.831
-0.660 -0.307 0.010 -0.784 0.860 0.755 -0.926 0.068 -0.350 -0.954 0.778 -0.326 -0.015 -0.966 -0.502 0.038 -0.815 -0.612 0.590 0.046 0.726 -0.349 0.740 0.284
0.383 0.681 0.499 0.161 -0.398 0.624 0.368 0.601 0.076 -0.582 -0.793 0.410 -0.017 0.761 -0.946 0.714 -0.437 -0.183 -0.336 0.502 -0.166 -0.032 0.615 0.831
0.383 0.681 0.499 0.161 -0.398 0.624 0.368 0.601 0.076 -0.582 -0.793 0.410 -0.017 0.761 -0.946 0.714 -0.437 -0.183 -0.336 0.502 -0.166 -0.032 0.615 0.831
0.383 0.681 0.499 0.161 -0.398 0.624 0.368 0.601 0.076 -0.582 -0.793 0.410 -0.017 0.761 -0.946 0.714 -0.437 -0.183 -0.336 0.502 -0.166 -0.032 0.615 0.831
0.383 0.681 0.499 0.161 -0.398 0.624 0.368 0.601 0.076 -0.582 -0.793 0.410 -0.017 0.761 -0.946 0.714 -0.437 -0.183 -0.336 0.502 -0.166 -0.032 0.199 0.831
0.383 0.681 0.499 0.161 -0.398 0.624 0.368 0.601 0.076 -0.582 -0.793 0.410 -0.017 0.761 -0.946 0.714 -0.437 -0.183 -0.336 0.502 -0.166 -0.032 0.331 0.831
0.383 0.681 0.499 0.161 -0.398 0.624 0.368 0.601 0.076 -0.582 -0.793 0.410 -0.017 0.761 -0.946 0.714 -0.437 -0.183 -0.336 0.502 -0.166 -0.032 0.615 0.831
0.383 0.681 0.499 0.161 -0.398 0.624 0.368 0.601 0.076 -0.582 -0.793 0.410 -0.017 0.761 -0.946 0.714 -0.437 -0.183 -0.336 0.502 -0.166 -0.032 0.615 0.831
0.383 0.681 0.499 0.161 -0.398 0.624 0.368 0.601 0.076 -0.582 -0.793 0.410 -0.017 0.761 -0.946 0.714 -0.437 -0.183 -0.336 0.502 -0.166 -0.032 0.615 0.537
0.383 0.681 0.499 0.161 -0.398 0.624 0.368 0.601 0.076 -0.582 -0.793 0.410 -0.017 0.761 -0.946 0.714 -0.437 -0.183 -0.336 0.502 -0.166 -0.032 0.615 0.831
0.383 0.681 0.499 0.161 -0.398 -0.618 0.368 0.601 0.076 -0.582 -0.793 0.410 -0.017 0.761 -0.946 0.714 -0.437 -0.183 -0.746 0.502 -0.166 -0.032 0.615 0.831
0.383 0.681 0.499 0.161 -0.398 0.624 0.368 0.601 0.076 -0.582 -0.793 0.410 -0.017 0.761 -0.946 0.714 -0.437 -0.183 -0.336 0.502 -0.166 -0.032 0.615 0.831
0.383 0.681 0.499 0.161 -0.398 0.624 0.368 0.601 0.076 -0.582 -0.793 0.410 -0.017 0.761 -0.946 0.714 -0.437 -0.183 -0.336 0.502 -0.166 -0.032 0.615 0.831
0.383 0.681 0.499 0.161 -0.398 0.624 0.368 0.601 0.076 -0.582 -0.793 0.410 -0.017 0.761 -0.946 0.714 -0.437 -0.183 -0.336 0.502 -0.166 -0.032 0.615 0.831
0.383 0.681 0.499 0.161 -0.398 0.624 0.368 0.601 0.076 -0.582 -0.793 0.410 -0.017 0.761 -0.946 0.714 -0.437 -0.183 -0.336 0.502 -0.166 -0.032 0.615 0.831
0.383 0.681 0.499 0.161 -0.398 0.624 0.368 0.601 0.076 -0.582 -0.793 0.410 -0.017 0.761 -0.946 0.714 -0.437 -0.183 -0.336 0.502 -0.166 -0.032 0.615 0.831
0.383 0.681 0.499 0.161 -0.398 0.624 0.368 0.601 0.076 -0.582 -0.793 0.410 -0.017 0.761 -0.946 0.714 -0.437 -0.183 -0.336 0.502 -0.166 -0.032 0.199 0.831
0.383 0.681 0.499 0.161 -0.398 0.624 0.368 0.601 0.076 -0.582 -0.793 0.410 -0.017 0.761 -0.946 0.714 -0.437 -0.183 -0.336 0.502 -0.166 -0.032 0.615 0.831
0.383 0.681 0.499 0.161 -0.398 0.624 0.368 0.601 0.076 -0.582 -0.793 0.410 -0.017 0.761 -0.946 0.714 -0.437 -0.183 -0.336 0.502 -0.166 -0.032 0.615 0.831
0.383 0.681 0.499 0.161 -0.398 0.624 0.368 0.601 0.076 -0.582 -0.793 0.410 -0.017 0.761 -0.946 0.714 -0.437 -0.183 -0.706 0.502 -0.166 -0.032 0.615 0.831
0.383 0.681 0.499 0.161 -0.398 0.624 0.368 0.601 0.076 -0.582 -0.793 0.410 -0.017 0.761 -0.946 0.714 -0.437 -0.183 -0.336 0.502 -0.166 -0.032 0.615 0.831
0.383 0.681 0.499 0.161 -0.398 0.624 0.368 0.601 0.076 -0.582 -0.793 0.410 -0.017 0.761 -0.946 0.714 -0.437 -0.183 -0.336 0.502 -0.166 -0.032 0.615 0.275
0.383 0.681 0.499 0.161 -0.398 0.624 0.368 0.601 0.076 -0.582 -0.793 0.410 -0.017 0.761 -0.946 0.714 -0.437 -0.183 -0.336 0.502 -0.166 -0.032 0.615 0.831
0.383 0.681 0.499 0.161 -0.398 0.624 0.368 0.601 0.076 -0.582 -0.793 0.410 -0.017 0.761 -0.946 0.714 -0.437 -0.183 -0.336 0.502 -0.166 -0.032 0.615 0.831
0.383 0.681 0.499 0.161 -0.398 0.624 0.368 0.601 0.076 -0.582 -0.793 0.410 -0.017 0.761 -0.946 0.714 -0.437 -0.183 -0.336 0.502 -0.166 -0.032 0.615 0.831
0.383 0.681 0.499 0.161 -0.398 0.624 0.368 0.601 0.076 -0.582 0.599 0.410 -0.017 0.761 -0.946 0.714 -0.437 -0.183 -0.336 0.502 -0.166 -0.032 0.615 0.537
0.383 0.681 0.499 0.161 -0.398 0.624 0.368 0.601 0.076 -0.582 -0.793 0.410 -0.017 0.761 -0.946 0.714 -0.437 -0.183 -0.178 0.502 -0.166 -0.032 0.615 0.275
0.383 0.681 0.499 0.161 -0.398 0.624 0.368 0.601 0.076 -0.582 -0.793 0.410 -0.017 0.761 -0.946 0.714 -0.437 -0.183 -0.336 0.502 -0.166 -0.032 0.615 0.275
0.383 0.681 0.499 0.161 -0.398 -0.618 0.368 0.601 0.076 -0.582 -0.793 0.410 -0.017 0.761 -0.946 0.714 -0.437 -0.183 -0.336 0.502 -0.166 -0.032 0.615 0.831
0.383 0.681 0.499 0.161 -0.398 0.624 0.368 0.601 0.076 -0.582 -0.793 0.410 -0.017 0.761 -0.946 0.714 -0.437 -0.183 -0.746 0.502 -0.166 -0.032 0.615 0.831
0.383 0.681 0.499 0.161 -0.398 0.624 0.368 0.601 0.076 -0.582 -0.793 0.410 -0.017 0.761 -0.946 0.714 -0.437 -0.183 -0.336 0.502 -0.166 -0.032 0.615 0.831
0.383 0.681 0.499 0.161 -0.398 0.624 0.368 0.601 0.076 -0.582 -0.793 0.410 -0.017 0.761 -0.946 0.714 -0.437 -0.183 -0.336 0.502 -0.166 -0.032 0.615 0.831
0.383 0.681 0.499 0.161 -0.398 0.624 0.368 0.601 0.076 -0.582 -0.793 0.410 -0.017 0.761 -0.946 0.714 -0.437 -0.183 -0.336 0.502 -0.166 -0.032 0.615 0.831
0.383 0.681 0.499 0.161 -0.398 0.624 0.368 0.601 0.076 -0.582 -0.793 0.410 -0.017 0.761 -0.946 0.714 -0.437 -0.183 -0.336 0.502 -0.166 -0.032 0.615 0.275
0.383 0.681 0.499 0.161 -0.398 0.624 0.368 0.601 0.076 -0.582 -0.793 0.410 -0.017 0.761 -0.946 0.714 -0.437 -0.183 -0.336 0.502 -0.166 -0.032 0.615 0.831
0.383 0.681 0.499 0.161 -0.398 0.624 0.368 0.601 0.076 -0.582 -0.793 0.410 -0.017 0.761 -0.946 0.714 -0.437 -0.183 -0.336 0.502 -0.166 -0.032 0.199 0.831
0.383 0.681 0.499 0.161 -0.398 0.624 0.368 0.601 0.076 -0.582 -0.793 0.410 -0.017 0.761 -0.946 0.714 -0.437 -0.183 -0.336 0.502 -0.166 -0.032 0.615 0.831
0.383 0.681 0.499 0.161 -0.398 0.624 0.368 0.601 0.076 -0.582 -0.793 0.410 -0.017 0.761 -0.946 0.714 -0.437 -0.183 -0.336 0.502 -0.166 -0.032 0.615 0.831
0.383 0.681 0.499 0.161 -0.398 -0.618 0.368 0.601 0.076 -0.582 -0.793 0.410 -0.017 0.761 -0.946 0.714 -0.437 -0.183 -0.746 0.502 -0.166 -0.032 0.615 0.831
0.383 0.681 0.499 0.161 -0.398 0.624 0.368 0.601 0.076 -0.582 -0.793 0.410 -0.017 0.761 -0.946 0.714 -0.437 -0.183 -0.336 0.502 -0.166 -0.032 -0.671 0.831
0.383 0.681 0.499 0.161 -0.398 0.624 0.368 0.601 0.076 -0.582 -0.793 0.410 -0.017 0.761 -0.946 0.714 -0.437 -0.183 -0.336 0.502 -0.166 -0.032 0.615 0.831
0.383 0.681 0.499 0.161 -0.398 0.624 0.368 0.601 0.076 -0.582 -0.793 0.410 -0.017 0.761 -0.946 0.714 -0.437 -0.183 0.758 0.502 -0.166 -0.032 0.615 0.831
0.383 0.681 0.499 0.161 -0.398 0.624 0.368 0.601 0.076 -0.582 -0.793 0.410 -0.017 0.761 -0.946 0.714 -0.437 -0.183 -0.336 0.502 -0.166 -0.032 0.615 0.831
0.383 0.681 0.499 0.161 -0.398 0.624 0.368 0.601 0.076 -0.582 -0.793 0.410 -0.017 0.761 -0.946 0.714 -0.437 -0.183 -0.336 0.502 -0.166 -0.032 0.615 0.831
0.383 0.681 0.499 0.161 -0.398 0.624 0.368 0.601 0.076 -0.582 -0.793 0.410 -0.017 0.761 -0.946 0.714 -0.437 -0.183 0.416 0.502 -0.166 -0.032 0.615 0.831
0.383 0.681 0.499 0.161 -0.398 0.624 0.368 0.601 0.076 -0.582 -0.793 0.410 0.798 0.761 -0.946 0.714 -0.437 -0.183 -0.336 0.502 -0.166 -0.032 0.199 0.831
0.383 0.681 0.499 0.161 -0.398 0.624 0.368 0.601 0.076 -0.582 -0.793 0.410 -0.017 0.761 -0.946 0.714 -0.437 -0.183 -0.336 0.502 -0.166 -0.032 0.615 0.831
0.383 0.681 0.499 0.161 -0.398 0.624 0.368 0.601 0.076 -0.582 -0.793 0.410 -0.017 0.761 -0.946 0.714 -0.437 -0.183 -0.746 0.502 -0.166 -0.032 0.615 0.831
0.383 0.681 0.499 0.161 -0.398 0.624 0.368 0.601 0.076 -0.582 -0.793 0.410 -0.017 0.761 -0.946 0.714 -0.437 -0.183 -0.336 0.502 -0.166 -0.032 0.615 0.831
0.383 0.681 0.499 0.161 -0.398 0.624 0.368 0.601 0.076 -0.582 -0.793 0.410 -0.017 0.761 -0.946 0.714 -0.437 -0.183 -0.336 0.502 -0.166 -0.032 0.615 0.831
0.383 0.681 0.499 0.161 -0.398 0.624 0.368 0.601 0.076 -0.582 -0.793 0.410 -0.017 0.761 -0.946 0.714 -0.437 -0.183 -0.336 0.502 -0.166 -0.032 0.615 0.275
0.383 0.681 0.499 0.161 -0.398 0.624 0.368 0.601 0.076 -0.582 -0.793 0.410 -0.017 0.761 -0.946 0.714 -0.437 -0.183 -0.336 0.502 -0.166 -0.032 0.615 0.831
0.383 0.681 0.499 0.161 -0.398 0.624 0.368 0.601 0.076 -0.582 -0.793 0.410 -0.017 0.761 -0.946 0.714 -0.437 -0.183 -0.336 0.502 -0.166 -0.032 0.331 0.831
0.383 0.681 0.499 0.161 -0.398 0.624 0.368 0.601 0.076 -0.582 -0.793 0.410 -0.017 0.761 -0.946 0.714 -0.437 -0.183 -0.336 0.502 -0.166 -0.032 0.199 0.831
0.383 0.681 0.499 0.161 -0.398 0.624 0.368 0.601 0.076 -0.582 -0.793 0.410 -0.729 0.761 -0.946 0.714 -0.437 -0.183 -0.336 0.502 -0.166 -0.032 0.615 0.831
0.383 0.681 0.499 0.161 -0.398 0.624 0.368 0.601 0.076 -0.582 -0.793 0.410 -0.017 0.761 -0.946 0.714 -0.437 -0.183 -0.746 0.502 -0.166 -0.032 0.615 0.831
0.383 0.681 0.499 0.161 -0.398 0.624 0.368 0.601 0.076 -0.582 -0.793 0.410 -0.017 0.761 -0.946 0.714 -0.437 -0.183 -0.336 0.502 -0.166 -0.032 0.615 0.831
0.383 0.681 0.499 0.161 -0.398 0.624 0.368 0.601 0.076 -0.582 -0.793 0.410 -0.017 0.761 -0.946 0.714 -0.437 -0.183 -0.336 0.502 -0.811 -0.032 -0.496 0.831
0.383 0.681 0.499 0.161 -0.398 0.624 0.368 0.601 0.076 -0.582 -0.793 0.410 -0.017 0.761 -0.946 0.714 -0.437 -0.183 -0.336 0.502 -0.166 -0.032 0.615 0.831
0.383 0.681 0.499 0.161 -0.398 0.624 0.368 0.601 0.076 -0.582 -0.793 0.410 -0.017 0.761 -0.946 0.714 -0.437 -0.183 -0.746 0.502 -0.166 -0.032 0.615 0.831
0.383 0.681 0.499 0.161 -0.398 0.624 0.368 0.601 0.076 -0.582 -0.793 0.410 -0.017 0.761 -0.946 0.714 -0.437 -0.183 -0.336 0.502 -0.166 -0.032 0.615 0.831
0.383 0.681 0.499 0.161 -0.398 0.624 0.368 0.601 0.076 -0.582 -0.793 0.410 -0.017 0.761 -0.946 0.714 -0.437 -0.183 -0.336 0.502 -0.166 -0.032 0.615 0.275
0.383 0.681 -0.290 0.161 -0.398 0.624 0.368 0.601 0.076 -0.582 -0.793 0.410 -0.017 0.761 -0.946 0.714 -0.437 -0.183 -0.336 0.502 -0.166 -0.032 0.615 0.831
0.383 0.681 0.499 0.161 -0.398 0.624 0.368 0.601 0.076 -0.582 -0.793 0.410 -0.017 0.761 -0.946 0.714 -0.437 -0.183 -0.336 0.502 -0.166 -0.032 0.615 0.831
0.383 0.681 0.499 0.161 -0.398 0.624 0.368 0.601 0.076 -0.582 -0.793 0.410 -0.017 0.761 -0.946 0.714 -0.437 -0.183 -0.336 0.502 -0.166 -0.032 0.615 0.831
0.383 0.681 0.499 0.161 -0.398 0.624 0.368 0.601 0.076 -0.582 -0.793 0.410 -0.017 0.761 -0.946 0.714 -0.437 -0.183 -0.336 0.502 0.750 -0.032 0.615 0.831
0.383 0.681 0.499 0.161 -0.398 0.624 0.368 0.601 0.076 -0.582 -0.793 0.410 -0.017 0.761 -0.946 0.714 -0.437 -0.183 -0.336 0.502 -0.166 -0.032 0.615 0.831
0.383 0.681 0.499 0.161 -0.398 0.624 0.368 0.601 0.076 -0.582 -0.793 0.410 -0.017 0.761 -0.946 0.714 -0.437 -0.183 -0.336 0.502 -0.166 -0.032 0.615 0.275
0.383 0.681 0.499 0.161 -0.398 -0.618 0.368 0.601 0.076 -0.582 -0.793 0.410 -0.017 0.761 -0.946 0.714 -0.437 -0.183 -0.336 0.502 -0.166 -0.032 0.615 0.831
0.383 0.681 0.499 0.161 -0.398 0.624 0.368 0.601 0.076 -0.582 -0.793 0.410 -0.017 0.761 -0.946 0.714 -0.437 -0.183 -0.746 0.502 -0.166 -0.032 0.615 0.831
0.383 0.681 0.639 0.161 -0.398 0.624 0.368 0.601 0.076 -0.582 -0.793 0.410 -0.017 0.761 -0.946 0.714 -0.437 -0.183 -0.336 0.502 -0.166 -0.032 0.615 0.831
0.383 0.681 0.499 0.161 -0.398 0.624 0.368 0.601 0.076 -0.582 -0.793 0.410 -0.017 0.761 -0.946 0.714 -0.437 -0.183 -0.336 0.502 -0.166 -0.032 0.615 0.831
0.383 0.681 0.499 0.161 -0.398 0.624 0.368 0.601 0.076 -0.582 -0.793 0.410 -0.017 0.761 -0.946 0.714 -0.437 -0.183 -0.336 0.502 -0.166 -0.032 0.156 0.831
0.383 0.681 0.499 0.161 -0.398 0.624 0.368 0.601 0.076 -0.582 -0.793 0.410 -0.017 0.761 -0.946 0.714 -0.437 -0.183 -0.336 0.502 -0.166 -0.032 0.615 0.831
0.383 0.681 0.499 0.161 -0.398 0.624 0.368 0.601 0.076 -0.582 -0.793 0.410 -0.017 0.761 -0.946 0.714 -0.437 -0.183 0.758 0.502 -0.166 -0.032 0.615 0.831
0.383 0.681 0.499 0.161 -0.398 0.624 0.368 0.601 0.076 -0.582 -0.793 0.410 -0.017 0.761 -0.946 0.714 -0.437 -0.183 -0.336 0.502 -0.166 -0.032 0.615 0.831
0.383 0.681 0.499 0.161 -0.398 0.624 0.368 0.601 0.076 -0.582 -0.793 0.410 -0.017 0.761 -0.946 0.714 -0.437 -0.183 -0.336 0.502 -0.166 -0.032 0.615 0.831
0.383 0.681 0.499 0.161 -0.398 0.624 0.368 0.601 0.076 -0.582 -0.793 0.410 -0.017 0.761 -0.946 0.714 -0.437 -0.183 -0.336 0.502 -0.166 -0.032 0.615 0.831
0.383 0.681 0.499 0.161 -0.398 0.624 0.368 0.601 0.076 -0.582 -0.793 0.410 -0.017 0.761 -0.946 0.714 -0.437 -0.183 -0.336 0.502 -0.166 -0.032 0.615 0.831
0.383 0.681 0.499 0.161 -0.398 0.624 0.368 0.601 0.076 -0.582 -0.793 0.410 -0.017 0.761 -0.946 0.714 -0.437 -0.183 -0.336 0.502 -0.166 -0.032 0.199 0.831
0.383 0.681 0.499 0.161 -0.398 0.624 0.368 0.601 0.076 -0.582 -0.793 0.410 -0.017 0.761 -0.946 0.714 -0.437 -0.183 -0.336 0.502 -0.166 -0.032 0.615 0.831
0.383 0.681 0.499 0.161 -0.398 0.624 0.368 0.601 0.076 -0.582 -0.793 0.410 -0.017 0.761 -0.946 0.714 -0.437 -0.183 -0.706 0.502 -0.166 -0.032 0.615 0.831
0.383 0.681 0.499 0.161 -0.398 0.624 0.368 0.601 0.076 -0.582 -0.793 0.410 -0.017 0.761 -0.946 0.714 -0.437 -0.183 -0.706 0.502 -0.166 -0.032 0.615 0.831
0.383 0.681 0.499 0.161 -0.398 0.624 0.368 0.601 0.076 -0.582 -0.793 0.410 -0.017 0.761 -0.946 0.714 -0.437 -0.183 -0.336 0.502 0.033 -0.032 0.615 0.831
0.383 0.681 0.499 0.161 -0.398 0.624 0.368 0.601 0.076 -0.582 -0.793 0.410 -0.017 0.761 -0.946 0.714 -0.437 -0.183 0.416 0.502 -0.166 -0.032 0.615 0.831
0.383 0.681 0.499 0.161 -0.398 0.624 0.368 0.601 0.076 -0.582 -0.793 0.410 -0.017 0.761 -0.946 0.714 -0.437 -0.183 -0.746 0.502 -0.166 -0.032 0.615 0.831
0.383 0.681 0.499 0.161 -0.398 0.624 0.368 0.601 0.076 -0.582 -0.793 -0.045 -0.017 0.761 -0.946 0.714 -0.437 -0.183 -0.336 0.502 -0.166 -0.032 0.615 0.831
0.383 0.681 0.499 0.161 -0.398 0.624 0.368 0.601 0.076 -0.582 -0.793 0.410 -0.017 0.761 -0.946 0.714 -0.437 -0.183 -0.336 0.502 -0.166 -0.032 0.199 0.831
-0.270 0.764 0.963 0.972 0.278 -0.087 -0.309 -0.147 -0.679 0.395 -0.668 -0.696 -0.109 -0.252 -0.016 -0.479 -0.269 0.924 0.928 0.751 0.474 -0.171 0.359 -0.878
-0.460 0.776 -0.051 -0.999 -0.828 0.227 0.897 0.012 -0.113 -0.040 0.768 -0.028 -0.056 -0.801 -0.411 -0.521 0.774 -0.458 -0.444 0.182 -0.090 -0.587 0.473 0.279
0.727 0.763 -0.525 0.754 -0.620 0.878 0.088 0.366 0.146 0.525 -0.492 -0.348 0.988 -0.796 0.443 -0.921 -0.927 0.353 0.215 -0.467 0.954 -0.825 0.819 0.777
-0.944 0.494 0.634 -0.222 0.451 0.638 -0.292 -0.855 0.086 -0.371 0.958 -0.503 -0.924 -0.749 0.643 0.633 -0.898 0.130 0.489 -0.110 0.507 0.815 -0.866 -0.999
-0.217 -0.999 0.039 0.841 -0.442 0.114 -0.685 0.734 -0.666 -0.223 0.235 -0.574 -0.136 0.546 0.634 -0.935 -0.389 0.626 0.677 -0.430 0.458 0.485 0.553 0.761
-0.338 -0.222 0.043 0.600 -0.565 -0.709 0.672 -0.863 -0.522 0.338 -0.141 -0.776 -0.649 -0.351 0.892 -0.056 -0.368 -0.679 -0.256 0.074 0.082 0.895 -0.324 -0.257
0.094 -0.097 -0.661 -0.629 -0.781 -0.231 0.099 -0.433 -0.552 0.636 -0.397 -0.120 0.449 0.132 -0.801 0.208 -0.785 0.651 0.188 0.008 -0.529 0.310 0.355 -0.217
0.605 0.480 0.648 -0.533 0.680 0.281 0.773 -0.672 0.609 0.601 -0.995 0.999 0.476 0.373 -0.026 -0.364 -0.119 0.050 0.851 0.149 0.745 0.101 0.391 -0.911
0.446 -0.643 -0.476 0.127 -0.315 0.774 -0.828 0.298 0.833 -0.776 -0.132 0.809 -0.155 0.653 -0.684 0.476 0.170 0.227 -0.100 0.158 -0.053 0.214 0.503 0.668
0.821 -0.336 -0.214 0.858 -0.488 0.355 -0.436 -0.495 -0.900 0.675 -0.981 0.554 -0.159 0.792 -0.161 -0.846 -0.081 -0.156 0.045 0.389 -0.577 0.500 0.210 0.944
0.886 -0.865 -0.106 -0.055 0.643 0.428 0.601 0.494 0.369 -0.255 0.901 -0.494 -0.597 -0.663 -0.759 -0.534 -0.987 -0.246 -0.694 -0.673 -0.237 -0.971 -0.162 0.959
0.440 0.476 0.296 -0.779 0.578 -0.982 0.821 0.594 0.229 -0.112 -0.042 0.906 -0.246 0.003 0.310 0.325 0.680 0.253 -0.439 -0.063 -0.433 -0.602 0.059 -0.195
-0.291 -0.961 0.833 -0.699 0.700 0.704 0.835 0.183 -0.849 0.119 -0.550 0.066 -0.628 0.489 -0.589 -0.580 -0.839 -0.863 -0.677 0.468 0.087 -0.121 -0.872 0.823
-0.075 -0.374 0.233 -0.341 -0.328 0.568 0.300 0.355 0.355 -0.783 0.460 -0.434 0.377 0.623 0.945 0.211 -0.934 0.113 0.284 0.098 0.640 -0.144 0.528 -0.833
0.382 0.356 -0.387 -0.774 -0.786 -0.010 0.270 -0.594 -0.435 -0.411 -0.169 -0.377 0.324 0.309 -0.358 0.431 0.419 -0.633 0.137 -0.230 -0.691 0.665 -0.524 0.888
0.588 0.705 0.394 -0.598 0.706 -0.597 0.476 0.829 0.337 0.939 0.851 0.480 -0.509 -0.005 0.704 -0.045 0.895 0.365 -0.678 -0.977 0.579 -0.966 0.815 -0.762
0.089 -0.854 0.807 0.788 0.613 0.201 -0.193 0.130 -0.784 0.893 -0.146 -0.269 0.255 -0.144 -0.948 0.132 0.194 -0.657 -0.391 -0.429 0.562 0.534 -0.594 -0.686
-0.430 -0.831 -0.398 0.711 0.885 0.167 -0.618 0.759 -0.858 -0.075 0.563 0.453 0.019 0.986 -0.370 0.750 0.579 -0.782 0.339 -0.552 -0.013 0.301 -0.999 0.985
0.691 -0.857 -0.052 0.914 -0.759 -0.587 0.448 0.561 0.500 -0.633 -0.608 0.158 -0.221 -0.026 -0.858 -0.656 -0.283 -0.342 0.172 -0.099 -0.841 0.233 -0.736 0.947
-0.210 -0.979 -0.290 -0.296 -0.697 0.712 0.567 0.023 -0.384 -0.565 -0.630 -0.801 0.882 -0.914 0.304 -0.332 0.933 0.178 -0.055 -0.416 0.589 -0.566 -0.449 0.297
-0.549 -0.539 -0.185 0.721 0.380 0.140 -0.223 -0.225 -0.260 0.895 -0.837 0.608 0.840 0.517 -0.989 -0.454 -0.908 0.315 0.896 0.136 -0.989 0.463 -0.812 0.500
0.089 0.505 0.027 -0.136 0.519 -0.853 -0.388 -0.464 -0.283 -0.418 0.315 0.580 0.657 -0.281 -0.075 0.533 -0.075 0.613 0.843 -0.416 -0.480 -0.523 0.388 -0.606
0.792 0.523 -0.668 0.015 -0.509 0.931 -0.084 -0.440 0.536 -0.148 0.721 -0.434 0.054 0.286 -0.197 0.825 0.561 0.767 -0.539 -0.587 0.484 -0.816 0.587 0.610
0.188 0.605 0.175 -0.926 -0.897 0.676 -0.902 0.046 -0.520 0.755 0.071 0.332 1.000 -0.256 -0.500 0.747 -0.880 0.485 0.806 0.191 0.781 -0.991 -0.097 -0.882
-0.764 -0.298 0.760 -0.761 0.343 -0.662 0.661 -0.219 0.652 0.103 0.791 0.143 -0.562 -0.950 0.968 -0.754 -0.822 -0.995 -0.357 0.685 0.561 0.948 0.429 0.132
-0.899 -0.157 0.482 -0.253 -0.794 0.603 -0.429 -0.537 0.167 -0.010 -0.276 -0.694 0.877 0.585 0.208 0.211 -0.019 0.222 0.743 0.616 -0.525 -0.285 -0.900 -0.580
0.879 0.638 0.480 -0.601 0.623 0.384 -0.462 0.674 0.460 -0.543 0.049 0.459 -0.176 -0.411 0.875 0.088 -0.507 -0.900 -0.777 -0.703 -0.919 -0.408 0.977 -0.181
-0.869 -0.755 0.861 0.391 0.198 -0.428 0.188 0.425 0.259 0.427 0.909 -0.689 -0.176 0.455 -0.582 -0.131 -0.894 -0.258 -0.798 -0.732 0.826 0.268 0.490 0.827
0.213 -0.755 0.272 -0.497 0.160 0.489 -0.151 -0.417 -0.694 0.622 -0.910 0.600 0.273 -0.861 0.615 0.046 -0.204 -0.003 0.911 -0.110 0.606 0.448 0.656 -0.284
-0.571 -0.564 -0.020 -0.631 -0.132 -0.058 -0.303 0.232 -0.075 -0.619 -0.072 -0.893 0.077 0.229 -0.893 0.204 0.006 -0.803 -0.714 -0.196 -0.647 0.002 -0.773 0.979
-0.497 -0.625 -0.491 -0.560 -0.612 -0.149 0.129 -0.972 0.436 0.477 -0.054 -0.253 -0.528 0.009 0.659 0.568 -0.177 0.075 0.651 0.161 0.187 0.146 0.431 0.326
-0.929 -0.671 0.954 0.933 -0.402 0.677 -0.226 -0.674 -0.900 -0.611 -0.147 0.140 0.471 -0.077 0.864 -0.602 -0.710 0.354 -0.561 -0.310 -0.563 -0.391 0.838 0.668
0.658 0.009 0.265 0.797 0.168 -0.173 0.664 0.362 0.939 0.225 0.419 -0.162 -0.337 0.299 0.492 0.095 0.196 0.191 0.116 -0.443 -0.735 0.623 0.664 0.710
0.417 0.109 0.155 -0.039 -0.569 0.241 0.263 -0.358 0.543 -0.632 -0.664 -0.078 0.247 0.271 -0.612 -0.124 0.970 -0.140 0.623 0.682 -0.775 0.075 -0.323 0.328
0.767 -0.951 -0.445 -0.416 0.455 -0.396 -0.809 -0.591 0.135 -0.853 -0.587 -0.072 -0.188 -0.803 0.845 0.070 0.597 0.057 -0.439 -0.056 -0.443 -0.308 -0.168 0.443
-0.797 0.679 -0.826 -0.214 0.348 -0.476 0.502 -0.331 0.510 0.808 -0.912 0.186 -0.797 0.481 -0.760 -0.766 -0.722 -0.403 -0.435 0.220 0.135 0.887 -0.821 -0.706
-0.492 0.661 0.566 0.649 -0.071 -0.926 -0.852 0.828 0.956 -0.414 0.589 -0.409 -0.916 0.108 0.770 -0.968 0.459 0.284 -0.171 0.877 -0.129 0.163 0.494 0.078
-0.391 0.286 -0.039 -0.403 0.244 0.222 0.439 0.517 -0.631 -0.974 0.016 0.871 -0.138 0.321 0.933 0.175 0.689 -0.984 0.500 -0.109 0.865 0.406 -0.218 0.199
0.354 0.278 -0.249 0.740 -0.713 -0.517 -0.118 0.085 -0.305 0.169 0.101 -0.389 0.333 -0.404 0.707 0.962 0.446 0.369 0.716 -0.483 -0.479 -0.769 -0.079 -0.431
-0.638 0.252 -0.525 0.596 0.914 -0.414 0.964 -0.428 0.418 -0.305 0.927 -0.628 0.720 0.283 0.836 0.786 -0.581 0.710 -0.303 -0.852 0.770 -0.320 -0.015 0.746
-0.091 -0.968 0.560 -0.155 0.207 0.296 0.751 0.718 -0.534 -0.243 0.346 -0.439 0.993 -0.893 0.618 0.456 0.675 0.837 -0.083 0.422 -0.779 -0.079 -0.822 -0.677
0.414 -0.522 0.006 0.590 0.308 -0.709 -0.630 -0.812 0.334 0.319 -0.092 0.537 0.777 0.395 0.539 -0.495 0.141 -0.734 0.117 -0.536 0.358 -0.324 -0.070 -0.113
-0.452 0.533 0.834 -0.554 0.557 0.427 -0.994 0.561 -0.960 -0.128 0.344 -0.113 0.920 0.839 0.556 -0.226 -0.698 -0.971 -0.352 0.579 -0.817 0.417 0.814 0.711
-0.673 -0.803 -0.334 -0.474 0.902 -0.975 0.884 -0.909 0.550 -0.854 0.831 0.764 0.840 -0.460 0.629 0.459 0.885 -0.876 -0.490 0.528 -0.698 -0.961 0.451 0.603
-0.532 0.482 -0.659 -0.641 0.374 -0.042 -0.630 -0.880 -0.019 -0.026 -0.834 0.712 0.065 0.391 0.982 0.780 -0.647 0.047 0.265 0.204 0.009 -0.443 -0.479 -0.323
0.161 -0.241 -0.790 -0.543 -0.295 -0.416 0.665 -0.727 -0.695 0.875 0.255 0.795 -0.961 0.228 -0.822 -0.832 0.758 -0.872 -0.646 0.742 -0.590 -0.597 0.538 -0.674
0.851 0.267 -0.190 0.444 0.599 0.927 -0.151 0.158 -0.842 -0.418 0.168 -0.861 -0.975 -0.085 0.659 -0.027 0.298 0.367 0.570 -0.036 -0.154 -0.576 -0.127 -0.266
0.525 0.143 0.325 -0.655 -0.187 0.608 -0.396 -0.342 -0.977 -0.757 -0.444 0.914 0.441 -0.828 -0.964 0.316 0.013 0.930 0.092 0.124 0.263 -0.756 -0.667 0.447
-0.872 -0.449 -0.592 0.998 -0.004 0.593 0.504 -0.948 -0.681 0.021 0.445 0.539 -0.384 -0.617 -0.418 -0.222 0.377 0.474 -0.842 -0.021 0.989 0.272 0.351 0.416
0.409 0.005 0.783 -0.207 0.835 -0.603 -0.402 -0.837 -0.387 0.883 0.787 -0.772 -0.933 0.191 -0.842 0.814 0.327 0.529 0.432 -0.065 -0.802 -0.876 0.533 0.636
-0.371 0.979 0.611 -0.627 0.261 -0.574 0.321 -0.295 0.447 0.489 -0.368 -0.197 0.339 0.833 0.460 -0.635 0.984 0.356 0.587 0.501 -0.500 -0.865 -0.091 0.747
-0.870 -0.112 -0.384 -0.477 -0.795 0.562 -0.814 0.441 0.679 -0.370 0.830 0.460 0.624 0.410 -0.795 -0.034 0.410 0.862 -0.294 0.918 0.019 0.872 0.043 0.118
-0.912 -0.821 -0.753 0.639 0.235 -0.270 -0.071 0.582 0.751 0.405 -0.548 0.272 -0.344 -0.948 0.258 -0.983 -0.282 0.856 -0.555 -0.326 0.641 -0.577 -0.668 -0.227
-0.809 0.318 0.923 0.285 -0.178 0.844 -0.967 0.229 0.367 -0.943 -0.292 0.466 -0.039 0.926 -0.479 -0.529 -0.158 0.894 -0.899 -0.577 0.554 0.799 0.100 0.144
0.549 -0.268 -0.627 0.784 0.050 -0.608 0.755 -0.151 -0.909 0.858 -0.880 0.268 0.722 -0.204 -0.543 -0.390 0.948 0.013 -0.219 0.996 -0.809 -0.295 0.770 0.993
-0.764 0.362 -0.909 -0.332 -0.655 0.229 -0.745 -0.848 0.307 0.459 -0.913 -0.896 -0.129 -0.289 0.197 -0.511 0.298 -0.716 0.226 -0.138 -0.171 0.907 -0.237 0.201
0.414 -0.417 -0.839 -0.314 -0.227 0.706 0.698 0.069 -0.633 -0.134 0.842 -0.636 0.638 0.047 0.956 0.970 0.430 0.425 0.347 -0.209 -0.029 -0.857 -0.965 -0.735
-0.207 0.225 0.046 0.373 -0.498 -0.744 0.199 0.249 -0.485 0.673 -0.219 0.699 0.895 -0.319 -0.470 0.122 0.899 -0.226 0.899 -0.155 0.865 0.447 -0.594 -0.360
0.008 0.015 0.622 -0.784 0.061 -0.127 0.732 -0.946 -0.895 0.874 -0.015 0.168 0.604 -0.141 -0.245 -0.977 0.753 0.443 -0.203 -0.693 0.715 -0.856 0.402 0.282
-0.477 -0.696 -0.150 -0.109 0.731 0.838 0.079 0.386 0.282 -0.284 0.674 -0.737 -0.149 0.481 -0.659 -0.790 0.566 0.984 -0.497 -0.901 0.160 -0.359 0.164 -0.958
-0.414 0.760 -0.279 0.916 -0.058 0.828 -0.502 -0.295 -0.302 -0.690 -0.737 -0.246 0.006 -0.772 0.752 0.783 -0.453 -0.114 -0.457 -0.507 -0.347 -0.575 0.523 0.981
0.748 -0.295 0.818 0.483 -0.254 -0.192 0.463 0.966 -0.793 0.844 -0.840 -0.650 0.112 0.244 -0.540 -0.569 0.107 -0.759 -0.815 0.268 0.236 0.448 -0.630 -0.409
0.329 0.622 0.982 0.098 0.238 -0.231 -0.939 0.910 -0.352 -0.829 -0.833 -0.527 0.781 0.243 -0.539 -0.999 0.815 -0.503 -0.557 0.810 -0.872 0.782 -0.646 0.695
0.947 -0.574 -0.295 0.857 0.416 0.458 -0.433 0.506 0.723 0.687 -0.113 -0.646 -0.920 0.050 0.917 -0.875 0.996 0.466 -0.342 0.199 -0.070 0.472 0.928 -0.922
0.238 -0.989 -0.364 0.407 0.675 0.913 0.313 -0.031 -0.181 0.054 0.985 -0.396 -0.726 0.500 0.258 -0.067 0.181 -0.586 0.702 -0.607 0.108 0.712 -0.437 0.369
0.469 0.018 0.765 0.583 -0.517 0.594 -0.327 0.259 0.894 0.799 0.805 0.314 0.946 -0.546 0.250 0.884 0.332 0.447 0.631 -0.491 0.828 0.644 0.921 0.746
0.855 -0.793 0.575 0.826 0.636 -0.001 -0.873 -0.033 0.663 0.578 0.311 -0.535 0.717 -0.045 -0.936 -0.535 -0.640 -0.133 0.861 0.272 -0.014 0.307 -0.359 -0.077
-0.845 -0.183 -0.453 -0.020 -0.450 -0.888 -0.736 0.536 -0.525 -0.729 0.572 -0.083 -0.241 -0.175 0.164 0.649 0.337 -0.013 -0.698 0.318 0.393 0.038 -0.171 0.972
-0.434 -0.380 0.337 -0.561 -0.297 -0.914 -0.478 0.381 -0.795 0.550 0.932 -0.584 0.327 0.779 0.864 -0.910 0.262 -0.301 0.369 0.898 0.515 -0.300 -0.036 0.496
-0.478 -0.777 0.318 -0.605 -0.972 0.824 0.413 0.822 0.501 -0.319 -0.398 -0.760 -0.734 0.108 -0.569 -0.428 -0.566 -0.688 0.510 -0.530 0.800 -0.605 -0.402 -0.668
-0.474 -0.831 0.082 0.677 0.214 -0.865 0.628 -0.465 -0.507 -0.228 -0.372 -0.268 0.605 0.470 0.340 -0.027 -0.363 -0.543 0.563 0.157 -0.882 0.433 -0.777 0.742
0.636 0.204 0.250 0.248 -0.882 0.679 0.961 -0.468 0.454 0.653 0.854 0.853 0.869 0.669 0.396 -0.012 0.720 0.504 0.407 -0.558 0.007 0.763 -0.886 -0.050
0.552 -0.563 0.846 0.820 0.868 -0.915 0.330 0.199 -0.654 0.288 -0.460 0.780 -0.436 -0.249 -0.464 0.607 0.609 -0.429 -0.680 0.043 -0.777 -0.483 -0.482 -0.990
-0.497 0.025 -0.242 -0.602 -0.994 -0.779 -0.580 0.761 -0.586 -0.598 -0.927 -0.531 0.852 -0.966 0.290 0.089 -0.366 -0.705 -0.514 -0.694 -0.835 -0.089 0.248 -0.085
-0.635 -0.895 0.312 -0.695 0.389 -0.688 -0.064 -0.160 -0.868 0.200 0.630 -0.356 -0.595 0.767 0.244 -0.627 0.476 0.682 0.472 -0.160 -0.987 0.359 0.782 0.014
0.041 0.974 0.713 0.148 -0.944 0.017 -0.563 -0.354 0.836 0.629 -0.413 0.184 -0.453 -0.227 0.075 -0.461 0.514 -0.962 0.680 -0.459 -0.759 -0.775 0.842 0.041
0.437 0.477 0.563 -0.373 -0.277 0.293 0.349 0.583 0.044 -0.717 -0.810 0.282 0.469 -0.652 0.812 0.933 -0.002 -0.379 -0.354 0.267 0.648 0.939 -0.081 -0.570
-0.207 0.967 -0.048 0.313 -0.769 -0.513 0.841 0.892 -0.726 0.620 0.498 -0.503 -0.837 0.741 -0.061 -0.362 -0.796 -0.653 0.090 -0.423 0.634 -0.673 -0.871 0.734
-0.072 -0.398 -0.840 0.384 -0.315 0.667 0.211 0.966 -0.804 -0.484 0.034 0.914 -0.328 -0.987 0.853 0.395 0.190 0.279 -0.252 -0.896 0.304 -0.485 -0.698 0.765
-0.713 -0.268 -0.279 -0.110 -0.359 -0.733 -0.091 0.524 -0.550 0.599 0.038 -0.107 0.489 -0.980 0.321 -0.204 -0.167 -0.609 -0.761 -0.711 0.833 0.819 -0.200 0.920
0.669 -0.470 0.782 -0.082 -0.466 0.375 -0.609 0.558 -0.868 0.452 -0.905 0.195 -0.157 -0.112 0.386 0.527 0.504 -0.442 0.814 -0.909 0.037 0.276 0.450 -0.734
-0.379 -0.967 -0.100 -0.780 -0.586 0.141 0.378 -0.845 -0.426 -0.468 0.135 -0.956 0.211 -0.248 0.843 0.538 -0.895 0.189 0.733 0.149 -0.273 0.802 0.388 0.214
-0.164 0.143 0.434 -0.572 0.090 0.712 -0.584 0.619 -0.045 -0.723 -0.078 0.234 0.067 -0.592 -0.430 0.291 -0.296 -0.618 0.063 0.483 -0.870 -0.514 -0.353 0.823
-0.042 0.924 -0.522 0.100 -0.377 -0.391 -0.896 0.389 -0.608 0.454 -0.206 0.892 -0.987 -0.721 0.643 -0.267 0.948 -0.885 -0.550 -0.646 0.623 0.657 -0.248 -0.037
-0.999 -0.470 0.574 0.053 -0.165 0.769 -0.639 -0.476 0.519 0.221 -0.997 -0.426 -0.635 -0.460 -0.808 -0.222 -0.479 -0.251 0.923 -0.699 0.554 0.461 0.135 -0.206
0.658 -0.722 -0.846 0.365 -0.863 -0.033 0.803 0.976 -0.451 0.556 0.196 0.583 -0.701 0.110 0.033 -0.302 -0.929 -0.400 0.509 0.248 -0.470 0.423 0.315 -0.904
-0.637 -0.708 0.315 0.082 0.372 -0.287 -0.306 -0.449 0.397 -0.680 0.159 -0.604 -0.005 0.055 0.887 0.955 0.940 -0.517 -0.106 -0.484 0.367 -0.996 -0.243 0.809
-0.326 -0.872 0.319 0.762 0.025 0.286 0.815 -0.703 -0.466 -0.958 -0.327 -0.870 0.558 -0.422 0.813 -0.882 0.594 0.785 0.320 0.639 0.581 -0.835 -0.912 -0.244
0.901 0.116 -0.312 -0.514 0.409 0.310 -0.990 0.235 0.766 0.046 -0.110 0.791 0.491 0.765 -0.341 -0.789 -0.876 0.030 0.551 0.233 0.615 -0.741 0.151 -0.997
-0.262 0.077 -0.265 0.492 -0.391 0.500 -0.967 -0.069 -0.470 -0.212 -0.841 -0.184 0.811 0.482 0.094 0.625 -0.515 -0.193 0.429 0.062 -0.242 0.167 0.795 -0.124
-0.237 -0.139 -0.094 -0.916 0.896 0.862 0.311 0.649 0.371 0.834 0.380 -0.284 -0.457 0.094 -0.557 -0.735 0.773 -0.849 -0.316 -0.671 0.651 -0.603 -0.230 0.659
0.956 0.235 -0.814 0.358 0.983 0.052 0.203 0.550 0.612 0.129 0.202 0.776 -0.472 0.095 0.600 -0.989 0.131 -0.662 -0.371 0.029 0.095 0.358 -0.807 0.116
0.974 -0.761 0.491 -0.803 0.555 0.908 0.609 -0.810 0.614 0.984 -0.798 -0.729 -0.037 0.020 -0.072 -0.270 -0.616 -0.902 -0.998 0.975 0.592 0.236 0.225 0.639
-0.007 -0.885 0.672 0.304 0.972 0.635 0.363 -0.341 -0.030 -0.891 0.748 -0.848 -0.239 0.271 -0.389 0.817 0.329 -0.782 -0.185 0.062 -0.310 0.774 0.107 -0.119
-0.273 0.044 -0.612 0.038 0.922 0.254 -0.636 0.603 0.747 -0.957 -0.341 -0.446 0.329 0.855 -0.692 0.317 -0.278 0.171 0.144 0.725 0.826 -0.871 -0.196 -0.914
-0.760 -0.812 -0.465 0.629 -0.842 -0.926 0.118 -0.608 0.008 -0.141 0.431 0.948 0.783 -0.053 0.168 -0.379 -0.920 -0.758 -0.754 0.214 -0.668 0.606 -0.883 0.335
-0.816 -0.881 0.956 0.853 0.119 -0.455 -0.087 0.342 0.606 0.344 -0.872 -0.003 -0.040 0.804 -0.987 -0.640 0.785 -0.868 -0.340 -0.791 -0.768 -0.495 0.376 -0.355
-0.347 0.521 -0.522 -0.072 -0.729 -0.088 -0.418 0.521 0.454 -0.256 -0.414 0.101 -0.972 -0.449 0.579 -0.759 -0.270 0.716 0.555 -0.926 -0.099 0.662 0.132 0.578
-0.566 -0.685 -0.738 0.480 -0.828 -0.860 0.484 0.920 -0.006 0.109 0.446 -0.388 -0.912 0.842 -0.997 -0.106 -0.841 -0.629 -0.888 0.663 -0.080 0.626 0.727 0.690
-0.282 0.776 0.564 0.937 -0.522 -0.973 -0.735 0.245 -0.896 -0.099 -0.228 -0.249 0.555 -0.054 -0.446 -0.650 0.782 0.246 0.157 0.935 -0.396 0.377 -0.670 0.855
0.594 -0.256 0.022 -0.108 0.836 0.146 0.753 -0.742 0.024 -0.274 0.886 -0.635 0.871 -0.269 -0.549 0.978 0.484 -0.835 -0.145 0.519 0.701 -0.119 -0.718 -0.651
0.204 0.951 0.238 0.504 -0.530 -0.937 0.723 -0.446 -0.989 0.478 0.056 0.742 0.672 -0.835 -0.882 0.742 0.944 0.798 0.843 0.043 0.911 -0.717 0.486 0.594
0.302 0.587 -0.220 0.232 0.404 -0.528 -0.834 0.050 0.347 0.734 -0.422 -0.189 0.111 -0.515 0.260 -0.154 0.260 -0.937 -0.126 -0.638 0.035 -0.238 -0.667 -0.857
-0.714 -0.996 0.297 0.465 0.530 0.687 0.487 -0.528 0.564 0.558 -0.978 0.309 0.291 0.446 0.559 -0.857 0.744 0.039 0.620 -0.865 0.987 -0.773 0.181 -0.466
-0.901 0.476 0.310 0.436 -0.622 0.913 0.593 0.747 0.607 0.701 0.958 0.204 -0.865 -0.001 -0.680 -0.866 -0.820 0.023 0.040 0.276 0.298 -0.906 -0.590 -0.487
0.838 -0.949 -0.366 0.278 -0.282 -0.024 -0.771 0.520 0.543 -0.042 -0.136 0.967 -0.543 0.788 0.503 -0.899 -0.749 -0.720 0.561 -0.124 0.724 -0.357 -0.747 0.175
0.917 0.660 -0.263 0.185 0.229 -0.798 0.145 0.705 -0.257 0.005 0.014 0.268 0.373 0.602 0.601 0.173 0.159 -0.450 -0.945 0.390 -0.852 -0.262 0.486 0.653
0.817 0.722 -0.911 -0.555 0.364 -0.339 0.946 -0.991 -0.764 0.004 -0.964 0.969 0.134 0.193 0.881 -0.877 0.208 0.858 -0.132 -0.537 0.751 0.608 0.110 0.255
-0.995 -0.891 -0.293 0.420 0.222 -0.609 -0.287 0.639 0.442 -0.716 0.811 -0.557 -0.005 -0.566 0.640 0.064 -0.801 -0.340 -0.041 -0.786 0.303 -0.946 0.590 0.999
-0.610 -0.212 0.457 -0.979 0.034 0.488 0.673 -0.631 0.656 -0.628 0.967 -0.519 -0.672 0.292 0.816 0.761 0.307 -0.515 -0.350 0.139 -0.768 -0.942 -0.529 -0.215
-0.523 0.969 0.058 0.711 0.154 0.391 0.934 0.654 0.216 0.502 -0.695 0.132 -0.689 0.517 -0.507 0.363 0.029 -0.442 0.290 -0.638 0.215 -0.054 0.116 0.722
0.827 -0.967 -0.030 0.929 0.591 -0.040 -0.143 0.425 0.434 -0.258 -0.648 -0.413 -0.485 0.935 -0.304 0.459 0.491 0.435 0.380 0.086 0.800 -0.025 0.073 -0.966
0.245 -0.725 0.447 0.310 0.265 0.471 0.248 0.328 -0.143 -0.136 -0.354 0.152 0.970 0.794 -0.351 0.116 -0.346 -0.561 -0.583 0.123 -0.870 -0.911 -0.744 0.110
0.733 0.518 0.007 -0.178 0.531 0.172 0.232 -0.848 0.189 -0.383 -0.160 -0.967 -0.449 -0.178 0.661 0.018 -0.754 -0.302 0.406 -0.849 -0.712 -0.874 0.267 0.079
-0.628 -0.153 -0.968 0.708 0.131 0.564 -0.937 -0.178 -0.052 -0.875 0.344 0.619 0.988 0.093 -0.658 -0.884 0.356 0.476 0.576 -0.663 -0.336 0.090 0.785 -0.494
0.790 0.509 -0.868 -0.721 -0.340 -0.888 -0.668 -0.356 -0.178 0.745 -0.555 0.376 0.369 0.854 -0.576 -0.684 0.730 0.763 -0.077 0.159 -0.266 0.097 0.349 -0.785
0.567 -0.634 -0.763 0.600 -0.580 0.963 0.176 -0.417 -0.979 0.041 0.459 -0.133 0.414 0.088 0.058 -0.749 0.436 -0.221 0.643 0.620 -0.729 -0.404 0.358 -0.143
-0.921 -0.398 -0.841 -0.530 -0.875 -0.025 -0.010 -0.154 0.456 0.776 -0.073 0.506 -0.601 0.811 0.881 0.129 -0.924 -0.346 -0.412 0.383 -0.628 0.395 -0.313 -0.196
-0.238 -0.681 0.193 0.775 -0.377 0.262 0.731 -0.290 -0.312 -0.457 0.607 -0.517 -0.867 -0.351 -0.492 -0.649 0.414 0.673 0.152 0.987 0.890 0.340 0.723 -0.052
-0.045 -0.585 -0.361 -0.501 -0.365 0.887 0.749 0.169 0.089 0.080 0.226 0.118 -0.867 -0.746 0.566 0.640 -0.919 -0.590 -0.913 -0.581 0.461 -0.623 0.481 -0.336
-0.032 -0.081 -0.198 0.974 0.080 -0.156 0.881 -0.321 0.686 -0.045 -0.602 0.714 -0.261 -0.540 0.065 -0.959 0.628 0.778 -0.873 -0.806 0.907 -0.369 0.266 -0.528
0.342 0.148 -0.698 0.145 0.075 0.640 0.710 0.827 0.548 0.280 0.752 0.749 -0.613 -0.122 -0.201 -0.473 0.268 -0.483 -0.795 -0.497 -0.636 -0.726 -0.790 -0.033
0.119 0.401 0.026 -0.429 0.280 0.817 -0.815 0.046 -0.339 -0.391 0.740 -0.770 -0.946 0.785 -0.028 -0.367 0.884 -0.366 -0.573 0.232 -0.708 0.637 -0.974 -0.844
0.015 0.099 0.652 -0.842 0.440 -0.795 0.379 0.877 0.557 -0.888 0.257 -0.556 -0.750 0.712 0.509 0.731 -0.958 0.639 0.387 -0.322 -0.287 0.115 0.147 0.942
-0.055 0.496 0.072 0.544 0.006 0.762 0.365 0.937 -0.054 -0.633 0.650 -0.653 0.446 -0.463 -0.993 0.974 -0.673 0.066 -0.575 0.559 -0.274 0.200 -0.522 0.536
-0.158 0.070 -0.898 -0.717 -0.567 -0.822 0.502 -0.131 0.156 -0.592 0.870 0.531 -0.128 0.435 0.821 -0.642 0.336 0.076 0.105 0.422 -0.782 -0.996 -0.024 -0.691
0.614 0.736 -0.162 -0.215 -0.683 0.364 -0.197 -0.083 0.212 0.212 0.950 0.970 -0.714 -0.174 -0.262 0.240 -0.398 -0.167 0.820 -0.366 0.738 -0.363 -0.434 -0.643
0.826 -0.935 0.494 -0.384 -0.688 0.338 0.859 0.920 -0.057 -0.993 -0.342 0.648 -0.432 0.907 0.510 0.864 -0.594 -0.516 -0.739 0.786 -0.687 -0.101 0.632 -0.895
-0.356 -0.591 0.202 -0.240 -0.868 -0.775 -0.918 -0.637 -0.911 0.224 -0.257 -0.258 0.850 -0.285 0.134 0.935 0.576 -0.587 0.034 0.060 -0.304 -0.268 -0.246 -0.034
-0.251 -0.600 -0.184 -0.876 -0.616 -0.892 -0.033 0.293 0.400 0.041 -0.608 -0.023 -0.300 -0.700 0.822 -0.609 -0.118 0.485 0.527 -0.482 -0.781 0.678 0.032 -0.160
0.118 -0.843 0.835 -0.802 -0.220 -0.745 -0.592 -0.545 0.884 0.978 -0.757 -0.217 -0.525 -0.397 0.506 -0.535 -0.386 -0.576 -0.800 -0.142 0.637 -0.074 -0.875 0.643
0.380 -0.822 0.368 -0.759 -0.804 0.531 0.924 0.169 0.229 -0.087 -0.609 -0.694 0.830 0.467 0.978 0.612 0.194 0.274 0.746 -0.148 -0.961 0.900 -0.472 0.704
0.931 -0.598 0.121 -0.063 -0.188 0.562 0.619 0.136 -0.132 0.938 0.811 -0.059 0.286 0.245 -0.454 -0.727 -0.790 -0.447 0.301 0.387 -0.937 -0.243 0.549 -0.462
-0.081 -0.509 0.338 -0.017 -0.733 0.030 -0.675 0.905 -0.288 0.325 0.828 -0.185 -0.205 0.950 -0.895 0.692 0.918 -0.239 0.745 0.988 -0.174 0.142 -0.103 0.990
-0.223 -0.883 0.985 -0.007 0.326 -0.446 0.639 0.085 -0.686 0.441 -0.272 -0.295 0.443 0.418 -0.512 0.135 -0.814 -0.365 -0.614 0.948 -0.387 0.493 -0.852 -0.260
-0.879 -0.193 0.077 -0.797 -0.309 -0.558 0.178 -0.882 -0.024 0.930 -0.176 0.428 -0.367 -0.287 -0.237 0.788 -0.287 -0.544 -0.024 0.258 0.130 0.733 -0.398 -0.383
-0.462 0.959 0.532 -0.224 0.231 -0.371 -0.294 -0.830 -0.743 0.395 0.416 -0.088 -0.483 0.585 0.392 0.863 -0.735 0.370 -0.092 -0.741 0.892 -0.614 -0.325 0.719
0.710 0.866 0.757 -0.701 0.707 0.032 -0.802 -0.939 -0.307 0.428 -0.888 0.980 -0.714 0.019 -0.164 -0.317 0.847 -0.942 0.914 -0.778 -0.867 0.355 0.335 0.082
0.506 -0.427 0.798 0.804 -0.891 -0.573 0.174 0.772 0.025 -0.936 0.335 -0.176 0.522 0.552 -0.239 0.253 -0.719 -0.692 0.392 0.141 -0.521 -0.347 -0.707 -0.472
0.175 -0.518 0.899 -0.715 -0.135 -0.738 0.566 -0.506 -0.221 0.359 -0.990 0.587 -0.850 0.973 -0.142 0.437 -0.645 -0.738 -0.736 0.156 0.026 -0.986 0.038 -0.381
-0.353 0.693 0.922 0.504 0.726 0.166 -0.269 0.136 0.795 -0.685 -0.957 -0.144 0.212 0.615 -0.912 -0.239 0.548 0.091 -0.510 -0.813 -0.542 -0.388 0.542 0.454
0.694 -0.193 -0.368 -0.453 -0.974 -0.114 -0.499 -0.941 0.131 0.779 -0.152 0.357 -0.658 0.009 -0.787 -0.437 0.050 0.263 0.290 -0.349 -0.701 -0.240 0.717 0.604
-0.834 0.999 -0.597 -0.864 0.944 -0.224 0.309 0.756 0.920 0.642 -0.435 0.071 0.581 0.987 0.167 -0.751 0.781 -0.085 0.385 0.959 -0.300 0.547 0.819 0.047
-0.935 -0.765 0.780 -0.817 0.324 -0.319 0.996 -0.530 0.523 0.685 0.412 0.404 0.990 0.447 0.630 -0.465 -0.185 0.507 0.406 -0.319 -0.488 0.450 -0.450 0.499
-0.410 -0.279 -0.214 -0.626 -0.536 -0.466 0.499 0.229 0.322 0.512 0.214 -0.509 0.918 -0.550 -0.028 -0.294 -0.340 0.898 -0.940 -0.085 -0.690 -0.647 0.684 0.585
-0.062 0.418 0.635 -0.410 0.979 0.561 0.731 0.160 -0.129 -0.735 0.004 0.763 0.799 -0.085 0.618 0.088 -0.433 0.992 0.793 0.287 -0.522 -0.406 -0.082 0.251
0.559 -0.580 -0.345 -0.604 -0.863 0.237 0.448 0.047 0.940 -0.632 -0.048 -0.622 -1.000 -0.632 0.544 -0.829 0.558 -0.930 -0.147 -0.391 -0.091 -0.894 0.843 -0.550
-0.206 0.825 0.617 -0.753 -0.775 -0.384 0.342 -0.690 -0.354 -0.010 -0.761 0.474 -0.905 0.707 -0.286 -0.810 0.370 0.016 -0.824 0.877 0.486 -0.107 -0.613 0.767
0.690 -0.607 -0.302 0.481 -0.419 0.764 -0.716 -0.516 -0.646 0.763 -0.873 0.351 -0.915 -0.123 0.408 -0.279 -0.997 -0.233 0.543 -0.071 -0.731 0.248 0.643 0.266
0.216 -0.518 0.290 0.238 -0.500 -0.980 -0.832 -0.160 0.134 -0.465 0.346 -0.265 -0.748 -0.598 0.270 -0.849 -0.196 0.217 -0.208 -0.154 0.779 0.854 0.870 -0.150
0.756 0.512 -0.385 -0.895 0.732 0.339 -0.605 0.749 -0.065 0.384 0.623 -0.598 -0.207 -0.818 -0.487 0.399 -0.350 -0.859 0.203 -0.389 -0.188 -0.140 0.482 0.830
-0.498 0.315 -0.911 0.235 -0.670 -0.777 -0.029 -0.675 0.331 -0.475 0.099 0.068 -0.905 0.732 -0.695 0.256 0.928 -0.800 0.631 0.811 0.679 0.019 -0.162 0.935
-0.711 -0.318 -0.858 -0.258 0.738 0.261 0.927 0.468 0.513 -0.141 -0.022 -0.803 0.961 -0.007 0.480 -0.035 0.899 0.846 -0.204 0.005 -0.497 -0.940 -0.827 -0.877
0.322 0.824 -0.489 -0.544 -0.572 -0.983 -0.604 0.294 0.556 0.625 -0.476 -0.769 0.676 -0.693 0.937 -0.044 0.426 -0.842 0.414 0.530 0.909 0.249 -0.254 0.621
-0.664 0.679 0.377 0.101 0.823 -0.214 0.677 0.954 0.801 -0.558 0.614 -0.217 -0.244 -0.378 -0.609 -0.828 -0.850 0.374 -0.207 -0.428 0.624 0.739 -0.676 -0.715
0.308 -0.261 0.995 -0.947 -0.910 -0.874 -0.481 0.261 0.157 -0.651 0.800 0.969 -0.013 -0.851 0.660 0.185 -0.849 0.626 0.147 -0.647 0.439 -0.843 0.820 0.019
0.737 0.437 0.265 -0.953 0.155 -0.014 0.527 0.519 0.064 0.897 -0.434 0.772 -0.321 0.723 0.820 -0.609 0.585 -0.585 0.097 -0.255 0.095 0.982 -0.869 -0.471
-0.218 0.397 -0.888 0.946 -0.151 0.106 -0.741 0.817 0.921 0.318 -0.757 -0.520 0.432 -0.454 0.295 -0.882 -0.592 -0.749 0.892 -0.849 0.272 -0.438 -0.116 0.241
-0.899 0.579 -0.798 -0.699 0.074 0.499 -0.035 -0.370 -0.868 0.902 -0.969 -0.327 0.412 -0.754 0.651 0.952 0.578 -0.160 0.886 -0.191 0.273 -0.843 -0.666 0.260
0.787 0.894 -0.045 0.930 0.682 -0.072 -0.756 -0.732 -0.808 -0.716 0.586 -0.964 0.247 0.054 -0.573 0.862 -0.481 0.700 0.451 0.672 -0.051 -0.428 0.436 -0.013
-0.716 0.728 0.924 0.017 0.070 0.921 -0.409 -0.181 -0.527 -0.007 -0.988 -0.678 0.727 -0.552 0.079 0.006 0.292 -0.043 -0.610 0.069 0.464 -0.020 -0.110 0.990
-0.781 0.831 0.712 0.898 -0.921 -0.969 -0.235 -0.034 -0.808 -0.529 -0.724 0.979 -0.928 0.188 0.264 -0.862 -0.656 -0.247 0.274 -0.824 -0.687 0.415 -0.794 -0.265
0.395 -0.264 -0.090 -0.730 -0.873 -0.617 -0.874 0.368 0.860 -0.034 0.094 -0.507 0.658 0.918 -0.867 0.717 -0.445 0.716 0.129 -0.842 -0.684 -0.307 -0.291 0.996
-0.612 -0.359 0.577 0.734 0.537 0.670 0.632 0.857 0.867 -0.106 -0.259 0.123 -0.660 -0.849 0.885 0.709 -0.176 0.737 0.195 0.515 -0.632 -0.209 0.365 -0.004
-0.101 0.081 0.140 0.588 -0.508 0.448 -0.894 -0.685 -0.564 0.869 -0.149 0.150 0.482 0.015 -0.307 -0.695 0.970 -0.065 0.660 -0.564 -0.528 -0.504 0.062 -0.573
0.197 0.050 0.527 0.574 -0.152 0.036 -0.886 0.018 -0.155 -0.631 0.832 -0.385 -0.768 -0.714 -0.875 0.302 0.991 0.715 -0.186 -0.658 0.776 0.840 -0.679 0.955
0.898 -0.180 0.198 0.879 -0.398 -0.142 0.562 0.295 0.240 0.033 -0.313 -0.032 -0.126 0.955 0.863 -0.933 -0.467 -0.279 -0.585 0.202 0.159 -0.138 -0.220 -0.609
0.824 -0.719 -0.342 0.923 0.977 0.208 0.818 -0.540 0.932 0.592 -0.581 -0.877 -0.289 0.999 0.255 -0.780 0.992 0.036 -0.546 0.392 0.139 -0.435 -0.133 -0.289
-0.514 -0.757 -0.382 0.803 -0.531 -0.185 0.902 0.337 -0.443 -0.946 0.079 -0.065 -0.651 -0.176 -0.456 -0.306 0.099 0.139 -0.995 0.846 -0.828 0.969 -0.223 0.670
-0.016 0.631 0.166 -0.969 0.851 -0.591 0.712 0.285 -0.826 0.020 0.903 0.931 0.489 0.206 0.697 -0.046 -0.225 -0.463 -0.270 0.020 -0.191 -0.525 -0.069 -0.686
-0.372 -0.527 -0.279 -0.061 0.008 -0.927 0.802 -0.686 -0.719 -0.116 0.641 0.233 0.577 0.200 -0.195 -0.852 -0.790 0.046 -0.567 -0.189 0.920 -0.648 0.997 -0.391
-0.362 0.866 -0.331 0.238 0.853 -0.793 0.446 -0.903 -0.811 0.969 0.243 0.602 0.968 -0.936 -0.520 -0.508 -0.699 -0.290 -0.554 0.848 -0.767 -0.353 -0.354 0.913
0.096 0.919 -0.706 0.950 0.491 0.863 -0.466 0.068 0.684 -0.995 -0.350 0.456 -0.645 0.356 -0.058 -0.921 -0.839 -0.018 -0.108 0.747 -0.713 0.779 -0.847 0.772
-0.343 0.282 -0.966 -0.393 -0.509 -0.849 0.867 0.435 0.854 0.862 0.196 -0.610 0.005 -0.617 0.228 -0.188 0.447 -0.204 0.823 0.831 0.273 0.953 -0.564 -0.781
-0.589 0.792 0.271 -0.844 0.967 -0.050 -0.989 0.139 -0.910 0.216 0.896 -0.926 0.798 0.889 -0.690 -0.716 -0.914 0.759 -0.573 -0.027 -0.575 0.020 -0.839 0.904
-0.357 0.770 -0.065 -0.351 0.858 0.508 -0.779 -0.425 -0.316 0.673 -0.736 0.136 -0.255 0.409 -0.180 0.425 -0.177 0.683 -0.583 0.607 0.073 -0.081 0.837 0.516
0.163 0.801 -0.714 -0.518 0.307 -0.509 0.600 -0.213 0.940 -0.805 0.174 -0.086 -0.035 -0.808 0.646 0.465 -0.975 -0.225 0.695 0.668 -0.418 0.772 0.475 0.112
-0.048 -0.354 0.138 -0.434 -0.229 0.234 -0.090 0.931 -0.939 -0.833 -0.568 0.363 0.403 -0.773 0.637 -0.347 0.585 -0.451 -0.855 0.637 0.333 0.203 0.408 0.495
-0.597 0.996 0.549 0.570 -0.182 0.369 0.454 -0.743 -0.042 -0.182 -0.914 0.426 0.878 -0.760 0.571 -0.726 0.387 0.673 0.000 0.771 -0.950 -0.414 -0.468 0.956
0.138 0.914 -0.180 0.619 -0.744 -0.543 -0.697 -0.668 0.539 0.480 -0.204 0.336 0.741 0.241 0.730 0.391 0.816 0.189 -0.463 -0.928 -0.611 -0.087 -0.982 0.072
-0.194 0.359 -0.533 0.458 -0.887 -0.276 -0.575 0.993 0.350 0.207 0.063 0.222 0.283 0.740 0.749 0.064 -0.422 -0.176 -0.118 0.105 -0.799 -0.730 -0.424 0.615
0.218 0.880 0.707 -0.543 0.631 -0.241 0.025 0.144 0.597 -0.226 0.601 -0.366 -0.832 0.550 0.182 0.604 -0.175 0.299 -0.820 -0.136 0.646 -0.333 0.913 -0.365
-0.928 -0.146 0.423 -0.947 0.772 0.087 -0.326 0.148 0.050 -0.543 -0.578 -0.712 -0.390 0.656 -0.749 -0.227 -0.698 -0.213 0.585 0.906 -0.922 -0.976 0.513 0.071
0.510 -0.792 -0.900 -0.901 0.139 -0.080 -0.916 -0.988 0.605 -0.228 0.771 -0.450 -0.333 0.145 -0.192 -0.667 -0.750 0.715 -0.817 -0.326 -0.894 -0.997 0.719 -0.849
-0.315 -0.662 0.840 0.841 0.400 0.081 -0.456 0.587 -0.985 -0.589 0.393 0.735 0.100 -0.799 -0.249 -0.948 -0.179 0.672 -0.011 0.816 -0.517 0.710 -0.407 -0.571
0.544 -0.820 0.041 0.727 0.615 0.773 0.075 -0.838 -0.759 -0.661 0.472 0.151 0.909 0.014 -0.190 0.471 0.481 -0.445 0.351 -0.843 0.066 -0.641 0.274 0.302
0.949 -0.578 0.994 -0.230 -0.320 -0.022 -0.751 -0.601 0.457 0.243 0.350 0.051 0.339 -0.931 -0.104 -0.485 -0.983 0.280 -0.891 0.928 -0.659 -0.654 0.776 0.440
0.512 -0.538 -0.069 -0.947 0.143 -0.946 -0.561 -0.300 0.299 0.511 0.825 -0.453 0.717 -0.171 0.756 -0.756 -0.647 -0.843 0.548 -0.729 0.804 0.752 -0.031 0.196
0.413 0.146 0.434 -0.451 0.297 -0.843 -0.285 0.066 -0.588 -0.886 0.144 0.339 -0.417 0.533 -0.701 -0.957 0.384 -0.621 -0.892 -0.132 0.715 0.932 0.264 -0.167
-0.030 -0.796 0.539 -0.942 -0.073 0.418 -0.000 0.670 0.694 -0.905 -0.203 -0.592 -0.875 0.459 0.846 -0.169 0.707 -0.599 -0.086 0.427 0.496 0.979 0.249 -0.043
-0.945 0.249 -0.443 0.470 -0.042 0.407 -0.556 -0.339 -0.951 -0.191 -0.525 -0.587 -0.397 0.919 -0.911 -0.825 0.748 -0.460 -0.234 -0.550 -0.824 -0.262 0.064 0.179
0.812 0.677 0.610 0.616 0.872 -0.070 0.342 -0.844 -0.916 -0.593 0.362 1.000 0.711 -0.752 -0.855 -0.285 0.591 -0.219 0.217 -0.028 -0.084 0.208 0.309 0.567
-0.666 0.469 0.314 -0.993 0.660 -0.413 -0.144 0.778 -0.202 -0.128 -0.291 0.084 -0.273 -0.338 -0.191 0.788 -0.939 -0.859 -0.143 -0.307 0.146 -0.181 -0.305 -0.880
-0.546 -0.479 -0.957 -0.530 0.774 0.312 -0.464 -0.521 -0.400 0.094 0.804 0.854 -0.241 0.967 -0.247 -0.514 0.506 -0.047 0.178 0.190 0.397 0.666 -0.868 0.108
0.321 0.017 0.471 -0.600 -0.493 -0.985 0.377 0.758 -0.625 -0.942 0.105 -0.852 -0.019 0.303 0.871 0.770 -0.321 0.302 -0.781 0.256 -0.664 0.210 0.204 -0.912
0.147 0.559 0.278 -0.967 -0.723 -0.316 -0.415 -0.480 -0.634 0.296 -0.320 0.585 0.658 0.875 -0.081 0.646 -0.929 -0.558 0.686 -0.593 -0.828 0.475 -0.065 0.601
