1 319.244 13.8795 -0.0048 -0.0009 -0.0525 0.0613 0.0537 -0.0055 -0.0309 -0.0089 0.0547 0.0238 -0.0562 -0.0099 -0.0308 -0.0045 0.0072 -0.0010 0.0194 0.0309 -0.0326 0.0167 -0.0041 0.0495 -0.0751 -0.0152
2 319.244 13.7865 0.0608 0.0053 -0.0294 0.0763 0.0173 -0.0245 0.0379 0.0297 0.0457 -0.0210 0.0363 0.0613 -0.0233 0.0657 -0.0114 0.0247 -0.0128 -0.0085 0.0003 -0.0538 0.0271 0.0549 -0.0092 -0.0256
3 338.489 13.8209 -0.0115 0.0345 0.0580 0.0115 0.0170 0.0037 -0.0072 0.0204 0.0470 -0.0625 0.0431 0.0334 0.0747 0.0679 -0.0334 0.0440 0.0554 -0.0178 0.0287 -0.0068 0.0118 0.0202 0.0295 0.0401
4 425.606 13.7486 0.0048 0.0586 0.0080 -0.0234 0.0431 -0.0256 0.0467 -0.0055 0.0213 -0.0327 -0.0906 0.0352 0.0241 0.0972 -0.0762 0.0065 -0.0411 -0.0169 -0.0067 -0.0334 -0.0735 -0.0538 0.0550 0.0346
5 664.781 13.4277 0.0677 0.0755 0.0513 -0.0015 -0.0644 -0.0574 0.0172 0.0281 0.0392 -0.0484 -0.1693 0.0953 0.0475 0.0882 -0.1389 0.1114 -0.0429 -0.0459 -0.0052 0.0201 -0.0346 -0.0451 0.0642 0.0529
6 1443.742 13.3370 0.1285 0.1444 0.0102 0.0383 -0.0827 -0.1667 0.0844 0.1143 0.0084 -0.1508 -0.1924 0.0994 0.1055 0.1535 -0.1353 0.1581 -0.1123 0.0081 -0.0733 0.0487 -0.0135 -0.0166 0.0894 0.1672
7 2317.810 13.1911 0.1231 0.1817 0.0491 0.0295 -0.0532 -0.1328 0.1161 0.1377 0.0417 -0.1574 -0.1878 0.1406 0.0552 0.2192 -0.2050 0.1457 -0.0880 -0.0837 -0.1446 0.1056 -0.0868 0.0139 0.1510 0.1891
8 4348.671 13.0376 0.1255 0.2115 0.0647 0.0523 -0.1093 -0.1212 0.1519 0.1809 0.0605 -0.2123 -0.1750 0.1417 0.0782 0.1769 -0.2932 0.2334 -0.0751 -0.0540 -0.1891 0.1033 -0.0928 0.0513 0.1310 0.2250
9 6284.402 13.0034 0.1394 0.2238 0.0890 0.0754 -0.1090 -0.1491 0.0900 0.1858 0.0704 -0.2408 -0.1930 0.1461 0.0529 0.2150 -0.2552 0.1897 -0.0368 -0.1149 -0.1418 0.1727 -0.0801 0.0118 0.1665 0.2564
10 6214.182 12.8623 0.1441 0.2083 0.1776 0.0441 -0.1202 -0.1342 0.1041 0.1934 -0.0048 -0.2255 -0.2656 0.1679 0.0215 0.1860 -0.3477 0.2150 -0.0914 -0.1268 -0.1418 0.1104 -0.0810 0.0063 0.2187 0.2440
11 6789.942 12.8601 0.1023 0.2106 0.1267 0.0347 -0.1254 -0.1982 0.1566 0.1703 0.0111 -0.2034 -0.2572 0.1515 0.0128 0.2373 -0.3318 0.2212 -0.1314 -0.0946 -0.1241 0.1124 -0.1175 0.0038 0.1520 0.2684
12 6653.121 13.0540 0.1386 0.2334 0.1357 0.0461 -0.0857 -0.0787 0.1300 0.1251 0.0651 -0.2309 -0.2355 0.1497 0.0017 0.1868 -0.2614 0.2012 -0.0785 -0.0470 -0.1454 0.1599 -0.0668 0.0178 0.1642 0.2191
13 6252.428 12.6799 0.1452 0.2273 0.1202 0.0267 -0.1502 -0.1648 0.1027 0.2403 0.0566 -0.2259 -0.2423 0.1090 0.0557 0.2437 -0.3249 0.2380 -0.0502 -0.1023 -0.1559 0.1667 -0.0063 0.0253 0.2095 0.3030
14 7684.653 12.7303 0.1274 0.2755 0.1439 0.0255 -0.1119 -0.1337 0.1444 0.2166 -0.0180 -0.2217 -0.2657 0.1285 -0.0217 0.2102 -0.3920 0.2431 -0.1466 -0.0828 -0.1028 0.1889 0.0082 0.0251 0.2306 0.2768
15 7710.992 12.7996 0.1666 0.1904 0.1526 0.0762 -0.1096 -0.1737 0.1208 0.1569 0.0221 -0.1738 -0.2699 0.1455 0.0007 0.2598 -0.2981 0.2246 -0.1575 -0.0816 -0.1304 0.1514 -0.0662 0.0097 0.1860 0.2288
16 7579.426 12.8025 0.1030 0.2256 0.1620 0.0365 -0.1065 -0.1933 0.1819 0.2069 0.0091 -0.1790 -0.2783 0.1845 0.0332 0.2408 -0.3048 0.2525 -0.1382 -0.0807 -0.1114 0.1725 -0.0277 -0.0447 0.1818 0.2609
17 7112.991 12.8624 0.1450 0.1997 0.1668 0.0404 -0.1453 -0.0939 0.1631 0.2172 -0.0314 -0.2070 -0.2345 0.1715 0.0399 0.2613 -0.2887 0.1834 -0.1011 -0.0910 -0.1113 0.1609 -0.0378 0.0030 0.2112 0.1980
18 7290.032 12.7720 0.1893 0.1856 0.1560 0.0665 -0.1220 -0.0797 0.1003 0.2259 0.0107 -0.1946 -0.2568 0.1257 -0.0186 0.2903 -0.3187 0.2744 -0.1853 -0.0310 -0.0592 0.1839 -0.0619 -0.0541 0.1782 0.2470
19 8332.830 12.7374 0.0870 0.1744 0.1404 0.0682 -0.1459 -0.0606 0.1187 0.2564 -0.0205 -0.1844 -0.2024 0.1462 0.0091 0.3022 -0.3536 0.2237 -0.1515 -0.0425 -0.1088 0.2354 -0.0045 -0.0497 0.1425 0.1876
20 7909.000 12.7321 0.1048 0.2309 0.1901 0.0406 -0.1424 -0.0539 0.0834 0.1916 0.0753 -0.1339 -0.2921 0.1532 -0.0958 0.2330 -0.3733 0.2436 -0.1759 -0.0406 -0.1539 0.1344 -0.0918 -0.0193 0.1703 0.2495
21 8358.366 12.6213 0.1126 0.2217 0.1855 0.0563 -0.1337 0.0196 0.1500 0.1772 0.0566 -0.2007 -0.2747 0.1409 -0.0636 0.2654 -0.3182 0.2211 -0.1330 -0.0813 -0.1130 0.1291 -0.0988 -0.0325 0.1583 0.1940
22 7945.972 12.7703 0.1288 0.2369 0.1792 0.0496 -0.1042 0.0643 0.1609 0.2290 0.0317 -0.1846 -0.2561 0.1697 -0.0262 0.2347 -0.3458 0.2223 -0.1452 -0.0653 -0.0996 0.1751 -0.0676 -0.0372 0.1727 0.2491
23 8263.292 12.8304 0.1024 0.2661 0.1243 0.0757 -0.1496 0.0870 0.1109 0.1804 0.0333 -0.1756 -0.2752 0.1286 -0.0467 0.2813 -0.2911 0.2328 -0.1045 -0.0585 -0.1344 0.1783 -0.0044 0.0509 0.1413 0.2357
24 7727.110 12.8679 0.1211 0.2155 0.1522 -0.0010 -0.1427 0.0580 0.1162 0.2214 0.0424 -0.2099 -0.2839 0.1131 -0.0140 0.2306 -0.2556 0.2719 -0.1400 -0.0683 -0.1540 0.1668 -0.0633 -0.0283 0.1808 0.2618
25 8002.815 12.8239 0.1454 0.2180 0.2178 0.0747 -0.1437 0.1158 0.1242 0.2065 0.0305 -0.1926 -0.2640 0.1718 0.0528 0.3077 -0.3201 0.2157 -0.1625 -0.0670 -0.1245 0.1589 -0.1033 -0.0535 0.1698 0.2662
26 8543.378 12.9636 0.1278 0.2268 0.1453 0.0871 -0.1320 0.1027 0.1233 0.1726 0.0170 -0.2136 -0.2679 0.0838 0.0319 0.2001 -0.2927 0.2102 -0.1401 -0.0701 -0.0694 0.1736 -0.0876 0.0217 0.1593 0.2308
27 8030.062 12.6961 0.1164 0.2270 0.1681 0.0491 -0.1425 0.1090 0.1479 0.2614 0.0357 -0.1787 -0.2474 0.1745 0.0169 0.2874 -0.3231 0.2086 -0.1567 -0.0834 -0.1111 0.1778 -0.0932 0.0235 0.1603 0.2721
28 8608.251 12.9699 0.1226 0.2011 0.1863 0.0445 -0.1087 0.1504 0.1096 0.1825 0.0237 -0.1864 -0.2478 0.1679 -0.0102 0.2437 -0.2907 0.2015 -0.1731 -0.0208 -0.1108 0.2003 -0.0098 0.0090 0.1614 0.2611
29 8668.593 12.8375 0.1038 0.2354 0.1816 0.0216 -0.1340 0.0844 0.0859 0.2013 0.0194 -0.2128 -0.3090 0.1479 -0.0229 0.2774 -0.3637 0.2328 -0.1477 -0.0842 -0.1120 0.1683 -0.0360 0.0372 0.1545 0.2407
30 7869.062 12.8216 0.1401 0.2142 0.1649 0.0302 -0.1535 0.1706 0.0632 0.1875 0.0484 -0.1834 -0.2149 0.1176 -0.0708 0.2993 -0.3209 0.2142 -0.1199 -0.0931 -0.1266 0.1255 -0.0656 -0.0268 0.1547 0.2126
31 8853.859 12.7980 0.1598 0.2644 0.2136 0.0581 -0.1456 0.1503 0.0924 0.1989 0.0430 -0.1794 -0.2822 0.1389 0.0537 0.2607 -0.2958 0.2006 -0.1160 -0.0763 -0.1106 0.1805 -0.1030 0.0189 0.1549 0.3173
32 7476.725 12.8223 0.1396 0.2231 0.1584 -0.0035 -0.1325 0.1296 0.0909 0.1702 0.0297 -0.1523 -0.2468 0.1654 -0.0116 0.2336 -0.2984 0.2297 -0.1708 -0.0939 -0.1153 0.2026 -0.0885 -0.0025 0.2348 0.2811