0.383 0.681 0.499 0.161 -0.398 0.624 0.368 0.601 0.076 -0.582 -0.793 0.41 -0.017 0.761 -0.946 0.714 -0.437 -0.183 -0.336 0.502 -0.166 -0.032 0.615 0.831 100
0.383 0.681 0.499 0.161 -0.398 0.624 0.368 0.601 0.076 -0.582 -0.793 0.41 -0.017 0.761 -0.946 0.714 -0.437 -0.183 -0.336 0.502 -0.166 -0.032 0.615 0.831 100
0.383 0.681 0.499 0.161 -0.398 0.624 0.368 0.601 0.076 -0.582 -0.793 0.41 -0.017 0.761 -0.946 0.714 -0.437 -0.183 -0.336 0.502 -0.166 -0.032 0.615 0.831 75
0.383 0.681 0.499 0.161 -0.398 0.624 0.368 0.601 0.076 -0.582 -0.793 0.41 -0.017 0.761 -0.946 0.714 -0.437 -0.183 -0.336 0.502 -0.166 -0.032 0.615 0.831 75
0.383 0.681 0.499 0.161 -0.398 0.624 0.368 0.601 0.076 -0.582 -0.793 0.41 -0.017 0.761 -0.946 0.714 -0.437 -0.183 -0.336 0.502 -0.166 -0.032 0.615 0.831 100
0.383 0.681 0.499 0.161 -0.398 0.624 0.368 0.601 0.076 -0.582 -0.793 0.41 -0.017 0.761 -0.946 0.714 -0.437 -0.183 -0.336 0.502 -0.166 -0.032 0.615 0.831 75
0.383 0.681 0.499 0.161 -0.398 0.624 0.368 0.601 0.076 -0.582 -0.793 0.41 -0.017 0.761 -0.946 0.714 -0.437 -0.183 -0.336 0.502 -0.166 -0.032 0.615 0.831 100
0.383 0.681 0.499 0.161 -0.398 0.624 0.368 0.601 0.076 -0.582 -0.793 0.41 -0.017 0.076 -0.946 0.714 -0.437 -0.183 -0.336 0.502 -0.166 -0.032 0.615 0.831 1
0.383 0.681 0.499 0.161 -0.398 0.624 0.368 0.601 0.076 -0.582 -0.793 0.41 -0.017 0.761 -0.946 0.714 -0.437 -0.183 -0.746 0.502 -0.166 -0.032 0.615 0.831 100
0.383 0.681 0.499 0.161 -0.398 0.624 0.368 0.601 0.076 -0.582 -0.793 0.41 -0.017 0.761 -0.946 0.714 -0.437 -0.183 -0.336 0.502 -0.166 -0.032 0.615 0.831 100
0.383 0.681 0.499 0.161 -0.398 0.624 0.368 0.601 0.076 -0.582 -0.793 0.41 -0.017 0.761 -0.946 0.714 -0.437 -0.183 -0.336 0.502 -0.166 -0.032 0.615 0.831 100
0.383 0.681 0.499 0.161 -0.398 0.624 0.368 0.601 0.076 -0.582 -0.793 0.41 -0.017 0.761 -0.946 0.714 -0.437 -0.183 -0.336 0.502 -0.811 -0.032 -0.496 0.831 30.85732
0.383 0.681 0.499 0.161 -0.398 0.624 0.368 0.601 0.076 -0.582 -0.793 0.41 -0.017 0.761 -0.946 0.714 -0.437 -0.183 -0.336 0.502 -0.166 -0.032 0.615 0.831 75
0.383 0.681 0.499 0.161 -0.398 0.624 0.368 0.601 0.076 -0.582 -0.793 0.41 -0.017 0.761 -0.946 0.714 -0.437 -0.183 -0.336 0.502 -0.166 -0.032 0.615 0.275 100
0.383 0.681 0.499 0.161 -0.398 0.624 0.368 0.601 0.076 -0.582 -0.793 0.41 -0.017 0.761 -0.946 0.714 -0.437 -0.183 -0.336 0.502 -0.166 -0.032 0.615 0.537 100
0.383 0.681 0.499 0.161 -0.398 0.624 0.368 0.601 0.076 -0.582 -0.793 0.41 -0.017 0.761 -0.946 0.714 -0.437 -0.183 -0.336 0.502 -0.166 -0.032 0.615 0.831 30.85732
0.383 0.681 0.499 0.161 -0.398 0.624 0.368 0.601 0.076 -0.582 -0.793 0.41 -0.017 0.761 -0.946 0.714 -0.437 -0.183 -0.336 0.502 0.033 -0.032 0.615 0.831 100
0.383 0.681 0.499 0.161 -0.398 0.624 0.368 0.601 0.076 -0.582 -0.793 0.41 -0.017 0.761 -0.946 0.714 -0.437 -0.183 -0.336 0.502 -0.166 -0.032 0.615 0.831 100
0.383 0.681 0.499 0.161 -0.398 0.624 0.368 0.601 0.076 -0.582 -0.793 0.41 -0.017 0.761 -0.946 0.714 -0.437 -0.183 -0.336 0.502 -0.166 -0.032 0.615 0.831 100
0.383 0.681 0.499 0.161 -0.398 0.624 0.368 0.601 0.076 -0.582 -0.793 0.41 -0.017 0.761 -0.946 0.714 -0.437 -0.183 -0.336 0.502 -0.166 -0.032 0.615 0.831 75
0.383 0.681 0.499 0.161 -0.398 0.624 0.368 0.601 0.076 -0.582 -0.793 0.41 -0.017 0.761 -0.946 0.714 -0.437 -0.183 -0.336 0.502 -0.166 -0.032 0.199 0.831 100
0.383 0.681 0.499 0.161 -0.398 0.624 0.368 0.601 0.076 -0.582 -0.793 0.41 -0.017 0.761 -0.946 0.714 -0.437 -0.183 -0.336 0.502 -0.166 -0.032 0.615 0.831 100
0.383 0.681 0.499 0.161 -0.398 0.624 0.752 0.601 0.076 -0.582 -0.793 0.41 -0.017 0.761 -0.946 0.714 -0.437 -0.183 -0.336 0.502 -0.166 -0.032 0.615 0.831 1
0.383 0.681 0.499 0.161 -0.398 0.624 0.368 0.601 0.076 -0.582 -0.793 0.41 -0.017 0.761 -0.946 -0.293 -0.437 -0.183 -0.336 0.502 -0.166 -0.032 0.615 0.831 1
0.383 0.681 0.499 0.161 -0.398 0.624 0.368 0.601 0.076 -0.582 -0.793 0.41 -0.017 0.761 -0.946 0.714 -0.437 -0.183 -0.746 0.502 -0.166 -0.032 0.615 0.831 100
0.383 0.681 0.499 0.161 -0.398 0.624 0.368 0.601 0.076 -0.582 -0.793 0.41 -0.017 0.761 -0.946 0.714 -0.437 -0.183 -0.746 0.502 -0.166 -0.032 0.615 0.831 30.85732
0.383 0.681 0.499 0.161 -0.398 0.624 0.368 0.601 0.076 -0.582 -0.793 0.41 -0.017 0.761 -0.946 0.714 -0.437 -0.183 -0.336 0.502 -0.166 -0.032 0.615 0.831 100
0.383 0.681 0.499 0.161 -0.398 0.624 0.368 0.601 0.076 -0.582 -0.793 0.41 -0.017 0.761 -0.946 0.714 -0.437 -0.183 -0.336 0.502 -0.166 -0.032 0.615 0.831 100
0.383 0.681 0.499 0.161 -0.398 0.624 0.368 0.601 0.076 -0.582 -0.793 0.41 -0.017 0.761 -0.946 0.714 -0.437 -0.183 -0.336 0.502 -0.166 -0.032 0.615 0.831 30.85732
0.383 0.681 0.499 0.161 -0.398 0.624 0.368 0.601 0.076 -0.582 -0.793 0.41 -0.017 0.761 -0.946 0.714 -0.437 -0.183 -0.336 0.502 -0.166 -0.032 0.615 0.831 100
0.383 0.681 0.499 0.161 -0.398 0.624 0.368 0.601 0.076 -0.582 -0.793 0.41 -0.017 0.761 -0.946 0.714 -0.437 -0.183 -0.336 0.502 -0.166 -0.032 0.615 0.275 30.85732
0.383 0.681 0.499 0.161 -0.398 0.624 0.368 0.601 0.076 -0.582 -0.793 0.41 -0.017 0.761 -0.946 0.714 -0.437 -0.183 0.758 0.502 -0.166 -0.032 0.615 0.831 100
0.383 0.681 0.499 0.161 -0.398 0.624 0.368 0.601 0.076 -0.582 -0.793 0.41 -0.017 0.761 -0.946 0.714 -0.437 -0.183 -0.336 0.502 -0.166 -0.032 0.615 0.831 100
0.031 0.681 0.499 0.161 -0.398 0.624 0.368 0.601 0.076 -0.582 -0.793 0.41 -0.017 0.761 -0.946 0.714 -0.437 -0.183 -0.336 0.502 -0.166 -0.032 0.615 0.831 1
0.383 0.681 0.499 0.161 -0.398 0.624 0.368 0.601 0.076 -0.582 -0.793 0.41 -0.017 0.761 -0.946 0.714 -0.437 -0.183 -0.336 0.502 -0.166 -0.032 0.615 0.046 100
0.383 0.681 0.499 0.161 -0.398 0.624 0.368 0.601 0.076 -0.582 -0.793 0.41 -0.017 0.761 -0.946 0.714 -0.437 -0.183 -0.336 0.502 -0.166 -0.032 0.615 0.831 100
0.383 0.681 0.499 0.161 -0.398 0.624 0.368 0.601 0.076 -0.582 -0.793 0.41 -0.017 0.761 -0.946 0.714 -0.437 -0.183 -0.336 0.502 -0.166 -0.032 0.615 0.831 30.85732
0.383 0.681 0.499 0.161 -0.398 0.624 0.368 0.601 0.076 -0.582 -0.793 0.41 -0.017 0.761 -0.946 0.714 -0.437 -0.183 -0.336 0.502 -0.166 -0.032 0.615 0.831 100
0.383 0.681 0.499 0.161 -0.398 0.624 0.368 0.601 0.076 -0.582 -0.793 0.41 -0.017 0.761 -0.946 0.714 -0.437 -0.183 -0.336 0.502 -0.166 -0.032 0.199 0.831 100
0.383 0.681 0.499 0.161 -0.398 -0.618 0.368 0.601 0.076 -0.582 -0.793 0.41 -0.017 0.761 -0.946 0.714 -0.437 -0.183 -0.336 0.502 -0.166 -0.032 0.615 0.046 75
0.383 0.681 0.499 0.161 -0.398 0.624 0.368 0.601 0.076 -0.582 -0.793 0.41 -0.017 0.761 -0.946 0.714 -0.437 -0.183 -0.336 0.502 -0.166 -0.032 0.615 0.831 100
0.383 0.681 0.499 0.161 -0.398 0.624 0.368 0.601 0.076 -0.582 -0.793 0.41 -0.017 0.761 -0.946 0.714 -0.437 -0.183 -0.336 0.502 -0.166 -0.032 0.615 0.831 100
0.383 0.681 0.499 0.161 -0.398 0.624 0.368 0.601 0.076 -0.582 -0.793 0.41 -0.017 0.761 -0.946 0.714 -0.437 -0.183 -0.336 0.502 -0.166 -0.032 0.615 0.275 100
0.383 0.681 0.499 0.161 -0.398 0.624 0.368 0.601 0.076 -0.582 -0.793 0.41 -0.017 0.761 -0.946 0.714 -0.437 -0.183 -0.336 0.502 -0.166 -0.032 0.615 0.831 100
0.383 0.681 0.499 0.161 -0.398 0.624 0.368 0.601 0.076 -0.582 -0.793 0.41 -0.017 0.761 -0.946 0.714 -0.437 -0.183 -0.336 -0.678 -0.166 -0.032 0.615 0.831 1
0.383 0.681 0.499 0.161 -0.398 0.624 0.368 0.601 0.076 -0.582 -0.793 0.41 -0.017 0.761 -0.946 0.714 -0.437 -0.183 -0.336 0.502 -0.166 -0.032 0.615 0.831 30.85732
0.383 0.681 0.499 0.161 -0.398 -0.618 0.368 0.601 0.076 -0.582 -0.793 0.41 -0.017 0.761 -0.946 0.714 -0.437 -0.183 -0.336 0.502 -0.166 -0.032 0.615 0.831 25.42977
0.383 0.681 0.499 0.161 -0.398 0.624 0.368 0.601 0.076 -0.582 -0.793 0.41 -0.017 0.761 -0.946 0.714 -0.108 -0.183 -0.336 0.502 -0.166 -0.032 0.615 0.831 1
0.383 0.681 0.499 0.161 -0.398 0.624 0.892 0.601 0.076 -0.582 -0.793 0.41 -0.017 0.761 -0.946 0.714 -0.437 -0.183 -0.336 0.502 -0.166 -0.032 0.615 0.831 1
0.383 0.681 0.499 0.161 -0.398 0.624 0.368 0.601 0.076 -0.582 -0.555 0.41 -0.017 0.761 -0.946 0.714 -0.437 -0.183 0.758 0.502 -0.166 -0.032 0.615 0.831 1
0.383 0.681 0.499 0.161 -0.398 -0.618 0.368 0.601 0.076 -0.582 -0.793 0.41 -0.017 0.761 -0.946 0.714 -0.437 -0.183 -0.746 0.502 -0.166 -0.032 0.615 0.831 100
0.383 0.681 0.499 0.161 -0.398 -0.618 0.368 0.601 0.076 -0.582 -0.793 0.41 -0.017 0.761 -0.946 0.714 -0.437 -0.183 -0.746 0.502 -0.166 -0.032 0.615 0.831 25.42977
0.383 0.681 0.499 0.161 -0.398 0.624 0.368 0.601 0.076 -0.582 -0.793 0.41 -0.017 0.761 -0.946 0.714 -0.437 -0.183 -0.336 0.502 -0.166 -0.032 0.615 0.831 100
0.383 0.681 0.499 0.161 -0.398 0.624 0.368 0.601 0.076 -0.582 -0.793 0.41 -0.017 0.761 -0.946 0.714 -0.437 -0.183 -0.336 0.502 -0.166 -0.032 0.331 0.831 75
0.383 0.681 0.499 0.161 -0.398 0.624 0.368 0.601 0.076 -0.582 -0.793 0.41 -0.017 0.761 -0.946 0.714 -0.437 -0.183 -0.336 0.502 -0.166 -0.032 0.615 0.831 100
0.383 0.681 0.499 0.161 -0.398 0.624 0.368 0.601 0.076 -0.582 -0.793 0.41 -0.017 0.761 -0.946 0.714 -0.437 -0.183 -0.336 0.502 -0.166 -0.032 0.615 0.275 100
0.383 0.681 0.499 0.331 0.692 -0.354 -0.84 -0.777 0.59 0.784 0.01 -0.831 0.42 -0.14 -0.654 0.639 -0.425 -0.736 -0.942 -0.627 0.27 -0.818 -0.858 -0.608 1
0.477 0.916 0.903 0.161 -0.398 -0.717 0.368 0.601 0.076 -0.582 -0.793 0.41 -0.017 0.761 -0.946 0.714 -0.437 -0.183 -0.336 0.502 -0.166 -0.032 0.615 0.831 1
0.383 0.681 0.499 0.161 -0.398 0.624 0.368 0.601 0.076 -0.582 -0.793 0.41 -0.017 0.761 -0.946 0.714 -0.437 -0.183 -0.336 0.502 -0.166 -0.032 0.615 0.831 100
0.383 0.681 0.499 0.161 -0.398 0.624 0.368 0.601 0.076 -0.582 -0.793 0.41 -0.017 0.761 -0.946 0.714 -0.437 -0.183 -0.746 0.502 -0.166 -0.032 0.615 0.831 100
0.383 0.681 0.499 0.161 -0.398 0.624 0.368 0.601 0.076 -0.582 -0.793 0.41 -0.017 0.761 -0.946 0.714 -0.437 -0.183 -0.178 0.502 -0.166 -0.032 0.615 0.275 100
0.383 0.681 0.499 0.161 -0.398 0.624 0.368 0.601 0.076 -0.582 -0.793 0.41 -0.017 0.761 -0.946 0.714 -0.437 -0.183 -0.336 0.502 -0.166 -0.032 0.615 0.831 100
0.383 0.681 0.499 0.161 -0.398 0.624 0.368 0.601 0.076 -0.582 -0.793 0.41 -0.017 0.761 -0.946 0.714 -0.437 -0.183 -0.336 0.502 -0.166 -0.032 0.615 0.831 30.85732
0.383 0.681 0.499 0.161 -0.398 0.624 0.368 0.601 0.076 -0.582 -0.793 0.41 -0.017 0.761 -0.946 0.714 -0.437 -0.183 -0.336 0.502 -0.811 -0.032 -0.496 0.831 30.85732
0.383 0.681 0.499 0.161 -0.398 -0.618 0.368 0.601 0.076 -0.582 -0.793 0.41 -0.017 0.761 -0.946 0.714 -0.437 -0.183 -0.336 0.502 -0.811 -0.032 -0.496 0.831 75
0.383 0.681 0.499 0.161 -0.398 0.624 0.368 0.601 0.076 -0.582 -0.793 0.41 -0.017 0.761 -0.946 0.714 -0.437 -0.183 0.758 0.502 -0.166 -0.032 0.615 0.831 100
0.383 0.681 0.499 0.161 -0.398 0.624 0.368 0.601 0.076 -0.582 -0.793 0.41 -0.017 0.761 -0.946 0.714 -0.437 -0.183 -0.336 0.502 -0.166 -0.032 0.615 0.831 100
0.383 0.681 0.499 0.161 -0.398 0.624 0.368 0.601 0.076 -0.582 -0.793 0.41 -0.017 0.761 -0.946 0.714 -0.437 -0.183 -0.336 0.502 -0.166 -0.032 0.615 0.831 100
0.383 0.681 0.499 0.078 -0.974 0.576 -0.066 0.921 -0.055 0.341 -0.314 -0.237 0.54 -0.291 0.532 0.859 0.79 -0.485 0.103 -0.889 -0.538 -0.102 0.488 0.511 1
0.093 0.005 -0.241 0.161 -0.398 0.624 0.368 0.601 0.076 -0.582 -0.793 0.41 -0.017 0.761 -0.946 0.714 -0.437 -0.183 -0.336 0.502 -0.166 -0.032 0.615 0.831 1
0.383 0.681 0.499 0.161 -0.398 0.624 0.368 0.601 0.076 -0.582 -0.793 0.41 -0.017 0.761 -0.946 0.714 -0.437 -0.183 -0.336 0.502 -0.166 -0.032 0.615 0.831 100
0.383 0.681 0.499 0.161 -0.398 0.624 0.368 0.601 0.076 -0.582 -0.793 0.41 -0.017 0.761 -0.946 0.714 -0.437 -0.183 -0.336 0.502 -0.166 -0.032 0.615 0.831 100
0.383 0.681 0.499 0.161 -0.398 0.624 0.368 0.601 0.076 -0.582 -0.793 0.41 -0.017 0.761 -0.946 0.714 -0.437 -0.183 -0.336 0.502 -0.166 -0.032 0.615 0.831 100
0.383 0.681 0.499 0.161 -0.398 0.624 0.368 0.601 0.076 -0.582 -0.793 0.41 -0.017 0.761 -0.946 0.714 -0.437 -0.183 -0.336 0.502 -0.166 -0.032 -0.671 0.831 100
0.383 0.681 0.499 0.161 -0.398 -0.618 0.368 0.601 0.076 -0.582 -0.771 0.41 -0.017 0.761 -0.946 0.714 -0.437 -0.183 0.416 0.502 -0.166 -0.032 0.615 0.831 30.86266
0.383 0.681 0.499 0.161 -0.398 0.624 0.368 0.601 0.076 -0.582 -0.793 0.41 -0.017 0.761 -0.946 0.714 -0.437 -0.183 -0.746 0.502 -0.166 -0.032 0.615 0.831 100
0.383 0.681 0.499 0.161 -0.398 0.624 0.368 0.601 0.076 -0.582 -0.793 0.41 -0.017 0.199 -0.946 0.714 -0.437 -0.183 -0.336 0.502 -0.166 -0.032 0.615 0.831 1
0.383 0.681 0.499 0.161 -0.398 0.624 0.368 0.601 0.076 -0.582 -0.793 0.41 -0.017 0.761 -0.946 0.714 -0.437 -0.183 -0.336 0.502 -0.166 -0.032 0.615 0.831 100
0.383 0.681 0.499 0.263 -0.564 0.369 -0.807 0.688 0.798 -0.409 0.075 -0.34 -0.017 0.761 -0.946 0.714 -0.437 -0.183 -0.336 0.502 -0.166 -0.032 0.615 0.831 1
0.441 0.462 -0.244 0.161 -0.398 0.624 0.368 0.601 0.076 -0.582 -0.793 0.41 -0.084 -0.047 -0.172 -0.165 0.441 0.269 0.044 -0.337 -0.582 0.97 -0.408 0.284 1
0.383 0.681 0.499 0.161 -0.398 0.624 0.368 0.601 0.076 -0.582 -0.793 0.41 -0.017 0.761 -0.946 0.714 -0.437 -0.183 -0.336 0.502 -0.166 -0.032 0.199 0.831 100
0.383 0.681 0.499 0.161 -0.398 0.624 0.368 0.601 0.076 -0.582 -0.793 0.41 -0.017 0.761 -0.946 0.714 -0.437 -0.183 -0.336 0.502 -0.166 -0.032 0.615 0.831 30.85732
0.383 0.681 0.499 0.161 -0.398 0.624 0.368 0.601 0.076 -0.582 -0.793 0.41 -0.017 0.761 -0.946 0.714 -0.437 -0.183 -0.336 0.502 -0.166 -0.032 0.615 0.831 100
0.383 0.681 0.499 0.161 -0.398 0.624 0.368 0.601 0.076 -0.582 -0.793 0.41 -0.017 0.761 -0.946 0.714 -0.437 -0.183 -0.336 0.502 -0.166 -0.032 0.615 0.831 30.85732
0.383 0.681 0.499 0.161 -0.398 0.624 0.368 0.601 0.076 -0.582 -0.793 0.41 -0.017 0.761 -0.946 0.714 -0.437 -0.183 0.416 0.502 -0.166 -0.032 0.615 0.831 75
0.383 0.681 0.499 0.161 -0.398 0.624 0.368 0.601 0.076 -0.582 -0.793 0.41 -0.017 0.761 -0.946 0.714 -0.437 -0.183 0.758 0.502 -0.166 -0.032 0.615 0.831 100
0.383 0.681 0.499 0.161 -0.398 0.624 0.368 0.601 0.076 -0.582 -0.793 0.41 -0.017 0.761 -0.946 0.714 -0.437 -0.183 -0.336 0.502 -0.166 -0.032 0.615 0.831 100
0.383 0.681 0.499 0.161 -0.398 0.624 0.368 0.601 0.076 -0.582 -0.793 0.41 -0.017 0.761 -0.946 0.714 -0.437 -0.183 -0.336 0.502 -0.166 -0.032 0.615 0.831 100
0.383 0.681 0.499 0.161 -0.398 0.624 0.368 0.601 0.076 -0.582 -0.793 0.41 -0.017 0.761 -0.946 0.714 -0.437 -0.183 -0.336 0.502 -0.166 -0.032 0.615 0.831 100
0.383 0.681 0.499 0.161 -0.398 0.624 0.368 0.601 0.076 -0.582 -0.793 0.41 -0.017 0.761 -0.946 0.714 -0.437 -0.183 -0.336 0.502 -0.166 -0.032 0.615 0.831 100
0.383 0.681 0.499 0.161 -0.398 0.624 0.368 0.601 0.076 -0.582 -0.793 0.41 -0.017 0.761 -0.946 0.714 -0.437 -0.183 -0.336 0.502 -0.166 -0.032 0.615 0.831 30.85732
0.383 0.681 0.499 0.161 -0.398 0.624 0.368 0.601 0.076 -0.582 -0.793 0.41 -0.017 0.761 -0.946 0.714 -0.437 -0.183 -0.336 0.502 -0.166 -0.032 0.615 -0.291 30.85732
0.383 0.681 0.499 0.161 -0.398 0.624 0.368 0.601 0.076 -0.582 -0.793 0.41 -0.017 0.761 -0.946 0.714 -0.437 -0.183 -0.336 0.502 -0.166 -0.032 0.615 0.831 100
0.383 0.681 0.499 0.161 -0.398 0.624 0.368 0.601 0.853 -0.582 -0.793 0.41 -0.017 0.761 -0.946 0.714 -0.437 -0.183 -0.336 0.502 -0.166 -0.032 0.615 0.831 1
0.383 0.681 0.499 0.161 -0.398 0.624 0.368 0.601 0.076 -0.582 -0.793 0.41 -0.017 0.761 -0.946 0.714 0.623 -0.183 -0.336 0.502 -0.166 -0.032 0.615 0.831 1
0.383 0.681 0.499 0.161 -0.398 0.624 0.368 0.601 0.076 -0.582 -0.793 0.41 -0.017 0.761 -0.946 0.714 -0.437 -0.183 -0.336 0.502 -0.166 -0.032 0.615 0.831 100
0.383 0.681 0.499 0.161 -0.398 0.624 0.368 0.601 0.076 -0.582 -0.793 0.41 -0.017 0.761 -0.946 0.714 -0.437 -0.183 -0.336 0.502 -0.166 -0.032 0.615 0.831 100
0.383 0.681 0.499 0.161 -0.398 0.624 0.368 0.601 0.076 -0.582 -0.793 0.41 -0.017 0.761 -0.946 0.714 -0.437 -0.183 -0.336 0.502 -0.166 -0.032 0.615 0.831 75
0.383 0.681 0.499 0.161 -0.398 0.624 0.368 0.601 0.076 -0.582 -0.793 0.41 -0.017 0.761 -0.946 0.714 -0.437 -0.183 -0.336 0.502 -0.166 -0.032 0.615 0.831 30.85732
0.383 0.681 0.499 0.161 -0.398 0.624 0.368 0.601 0.076 -0.582 -0.793 0.41 -0.017 0.761 -0.946 0.714 -0.437 -0.183 -0.336 0.502 -0.166 -0.032 -0.671 0.831 100
0.383 0.681 0.499 0.161 -0.398 0.624 0.368 0.601 0.076 -0.582 -0.793 0.41 -0.017 0.761 -0.946 0.714 -0.437 -0.183 -0.336 0.502 -0.166 -0.032 0.615 0.831 100
0.383 0.681 0.499 0.161 -0.398 0.624 0.368 0.601 0.076 -0.582 -0.793 0.41 -0.017 0.761 -0.946 0.714 -0.437 -0.183 -0.336 0.502 -0.166 -0.032 0.615 0.831 100
0.383 0.681 0.499 0.161 -0.398 0.624 0.368 0.601 0.076 -0.582 -0.793 0.41 -0.017 0.761 -0.946 0.714 -0.437 -0.183 -0.336 0.502 -0.166 -0.032 0.615 0.831 100
0.383 0.681 0.499 0.161 -0.398 0.624 0.368 0.601 0.076 -0.582 -0.793 0.41 -0.017 0.761 -0.946 0.714 -0.437 -0.183 -0.706 0.502 -0.166 -0.032 0.615 0.831 100
0.678 0.568 -0.102 -0.716 0.692 -0.341 -0.856 -0.007 0.614 -0.824 0.992 0.408 -0.7 0.733 0.096 0.16 0.004 0.922 0.528 -0.205 0.915 -0.593 -0.506 0.267 1
-0.426 -0.274 0.546 0.25 0.706 -0.206 -0.366 -0.615 0.251 0.692 0.174 -0.76 0.73 -0.388 0.664 -0.634 0.113 0.042 -0.892 -0.724 -0.687 0.682 0.529 -0.43 1
0.016 0.18 0.401 -0.513 0.217 -0.435 -0.591 -0.678 -0.68 -0.684 -0.682 0.521 -0.629 0.703 0.562 -0.466 -0.062 0.222 0.878 -0.401 -0.452 0.517 0.347 -0.313 1
0.369 0.239 -0.615 0.772 0.32 0.497 -0.056 -0.859 0.222 -0.32 -0.577 -0.248 -0.197 -0.886 0.619 -0.457 -0.753 0.239 0.509 -0.064 -0.81 -0.579 0.012 -0.272 1
0.089 -0.409 0.176 0.794 -0.332 0.502 0.017 -0.932 -0.492 -0.833 -0.71 0.52 0.292 0.294 0.199 0.476 -0.773 -0.528 0.958 -0.076 0.369 -0.509 0.185 -0.253 1
-0.212 0.864 0.557 -0.208 0.584 -0.927 -0.415 -0.178 0.899 0.645 0.553 0.475 0.754 0.883 -0.975 0.783 -0.68 0.723 0.657 0.418 0.216 -0.128 -0.856 0.693 1
0.19 0.644 0.181 0.058 0.698 0.433 -0.953 0.824 -0.194 -0.124 -0.712 -0.995 0.549 0.797 -0.726 -0.862 0.792 -0.856 0.39 0.437 0.039 -0.429 -0.491 -0.597 1
0.876 -0.852 -0.37 -0.795 0.476 -0.634 -0.917 0.837 -0.624 0.581 0.168 0.623 0.741 0.173 0.352 -0.512 -0.109 0.337 0.594 0.317 -0.302 -0.303 -0.215 -0.105 1
-0.767 -0.637 0.024 -0.858 0.334 -0.038 -0.229 0.981 -0.665 0.876 -0.3 0.4 0.808 0.702 -0.965 0.123 -0.594 0.373 0.464 0.859 -0.73 0.896 -0.055 -0.281 1
0.723 0.47 0.235 -0.202 -0.701 0.211 -0.866 0.612 0.188 0.977 -0.686 -0.535 -0.746 -0.278 0.96 -0.634 -0.453 -0.794 -0.041 0.3 0.901 -0.385 -0.049 0.735 1
-0.142 0.026 0.413 0.601 0.153 -0.242 0.067 -0.815 -0.244 -0.029 0.35 -0.994 -0.621 -0.655 -0.197 0.912 0.076 -0.103 -0.518 -0.936 -0.088 0.301 -0.19 -0.041 1
0.499 -0.22 0.513 -0.618 0.537 -0.615 0.889 -0.801 -0.053 -0.911 -0.685 -0.003 -0.728 0.798 0.236 0.011 0.114 -0.825 0.104 0.885 -0.499 0.236 -0.571 0.625 1
-0.962 0.686 0.826 -0.859 0.752 0.536 0.945 0.859 -0.202 0.332 0.311 0.457 0.717 -0.367 0.026 0.339 -0.182 -0.202 0.033 0.498 -0.293 -0.031 0.472 -0.162 1
-0.023 0.226 -0.462 0.904 -0.357 0.229 -0.547 -0.506 0.249 0.968 0.862 0.664 -0.774 0.06 -0.11 -0.393 0.998 -0.888 -0.338 0.933 0.439 0.796 -0.027 0.246 1
-0.382 -0.979 0.082 0.566 0.044 0.091 0.357 0.534 -0.297 -0.636 0.568 -0.926 0.379 0.903 0.104 0.56 0.735 -0.847 0.256 0.034 -0.55 -0.688 0.996 -0.322 1
-0.166 0.483 0.493 0.718 -0.079 -0.646 0.886 0.496 0.757 -0.384 -0.146 -0.87 0.417 0.909 0.873 -0.835 -0.672 -0.796 -0.454 -0.409 0.429 0.725 -0.722 0.751 1
-0.475 -0.642 0.112 0.285 0.582 0.903 0.007 -0.37 0.967 0.751 0.445 -0.173 -0.571 0.708 -0.213 -0.605 -0.709 -0.734 -0.015 -0.983 0.023 -0.671 -0.1 -0.572 1
0.932 -0.306 0.8 0.247 -0.245 0.525 -0.826 -0.577 -0.294 0.454 0.621 -0.086 -0.932 -0.238 -0.959 -0.781 -0.91 -0.443 -0.433 -0.072 -0.188 -0.281 -0.088 0.185 1
0.442 -0.96 -0.188 -0.908 0.685 -0.159 0.421 0.367 0.548 0.863 -0.287 0.706 -0.847 -0.228 0.436 -0.917 -0.879 -0.924 0.254 0.054 0.95 -0.073 0.694 -0.433 1
-0.023 -0.567 -0.821 -0.661 0.937 -0.786 -0.365 -0.929 -0.955 -0.521 0.66 -0.13 -0.31 -0.42 -0.746 0.379 0.537 0.181 0.69 0.492 -0.413 0.869 0.883 -0.315 1
-0.803 -0.65 0.566 0.808 0.426 0.569 0.272 0.954 -0.886 0.301 -0.459 0.912 -0.002 -0.89 -0.14 0.386 0.949 0.925 -0.517 0.947 -0.145 0.767 0.048 -0.728 1
0.908 -0.724 -0.955 0.203 -0.936 0.577 -0.718 -0.324 0.092 0.737 -0.745 0.799 0.613 0.309 0.885 -0.133 -0.85 -0.298 0.556 -0.81 0.728 0.4 -0.753 0.78 1
-0.51 0.109 0.714 -0.738 0.271 0.688 -0.254 0.224 -0.568 -0.97 -0.844 -0.026 -0.882 -0.678 0.795 0.596 0.993 0.026 0.998 -0.064 0.532 -0.33 0.125 0.912 1
0.528 0.79 0.726 0.517 -0.883 -0.839 -0.669 -0.665 0.928 0.188 0.607 -0.091 0.642 0.368 -0.952 0.028 -0.905 0.669 -0.596 -0.138 0.214 -0.744 0.23 -0.908 1
0.378 -0.485 -0.872 -0.869 0.328 0.462 -0.131 -0.397 0.057 0.698 0.398 -0.945 0.264 0.339 0.42 -0.153 -0.98 0.848 0.302 0.832 0.433 -0.936 -0.2 0.346 1
0.97 -0.752 0.855 0.059 -0.762 0.003 0.762 0.065 0.741 0.064 -0.457 0.83 0.93 -0.792 -0.489 -0.397 -0.213 0.252 0.197 0.163 -0.117 -0.189 0.013 0.465 1
0.827 0.026 0.811 -0.712 0.895 -0.558 0.32 -0.721 -0.743 -0.575 0.562 0.463 -0.668 0.652 0.757 -0.19 0.021 -0.988 0.448 0.171 0.057 0.914 0.224 0.031 1
0.84 0.759 -0.35 0.015 -0.091 0.278 -0.515 -0.709 0.289 -0.269 0.95 0.541 -0.584 -0.974 -0.63 0.796 -0.538 -0.656 0.488 0.922 -0.739 -0.454 -0.383 -0.764 1
0.47 -0.856 0.361 -0.626 -0.508 -0.261 0.826 0.739 -0.671 0.084 0.714 -0.741 0.84 -0.26 0.459 0.363 -0.485 0.733 0.631 -0.294 -0.627 -0.719 0.479 -0.376 1
0.84 -0.604 0.832 -0.676 -0.306 -0.758 0.75 -0.961 0.039 -0.261 0.773 0.507 -0.483 -0.701 0.62 0.885 -0.779 -0.443 0.992 -0.232 -0.703 -0.488 0.468 -0.127 1
-0.98 -0.749 -0.369 -0.84 -0.566 -0.862 -0.857 -0.442 -0.112 0.02 -0.302 -0.457 0.194 -0.603 -0.916 -0.34 0.658 -0.466 0.144 -0.921 -0.973 -0.646 0.915 0.058 1
-0.298 0.923 0.094 -0.459 -0.714 -0.717 -0.891 -0.127 0.645 0.831 -0.806 -0.191 0.636 -0.766 0.324 0.002 0.337 0.84 -0.285 -0.24 0.515 0.763 -0.325 0.558 1
-0.682 0.652 0.977 -0.144 -0.587 -0.692 0.686 -0.514 0.448 -0.45 0.853 0.856 0.651 -0.01 -0.476 -0.571 -0.413 0.656 -0.078 -0.808 -0.683 0.029 -0.401 0.76 1
-0.17 -0.143 -0.694 -0.362 -0.081 -0.782 -0.471 -0.282 -0.966 -0.993 0.777 -0.741 0.119 -0.092 -0.141 -0.798 -0.801 0.137 0.626 -0.429 0.086 0.171 0.643 -0.942 1
-0.007 0.711 -0.784 0.795 -0.31 -0.049 0.248 0.806 -0.175 0.962 0.841 0.763 -0.697 -0.305 -0.158 0.681 -0.696 -0.293 0.288 0.194 -0.274 0.204 0.823 -0.397 1
0.07 0.173 -0.268 -0.068 -0.749 0.04 -0.501 0.809 0.37 -0.592 0.872 0.679 -0.481 -0.005 0.947 0.392 -0.345 0.37 0.596 0.34 0.992 0.487 0.822 0.061 1
0.399 0.621 -0.766 0.251 0.113 0.246 0.066 0.224 -0.918 0.861 0.707 0.739 0.179 0.502 0.395 -0.798 -0.19 -0.839 0.851 -0.429 -0.672 0.666 0.338 -0.923 1
0.043 -0.833 -0.458 -0.023 -0.955 0.022 -0.673 -0.143 0.938 0.34 0.443 -0.2 0.946 0.98 0.593 -0.008 -0.854 0.08 -0.089 0.699 -0.058 -0.456 0.779 0.772 1
-0.505 -0.118 0.368 0.294 0.597 0.051 0.312 0.249 0.074 0.074 0.39 0.007 -0.832 0.538 -0.957 0.904 -0.184 -0.612 -0.517 -0.813 0.251 -0.364 0.551 -0.371 1
-0.531 0.34 0.881 0.009 0.114 -0.241 0.422 -0.071 -0.448 0.85 0.942 0.274 -0.328 -0.56 0.182 -0.125 0.826 -0.905 0.62 0.135 0.97 0.942 -0.958 0.607 1
0.639 -0.879 -0.197 0.163 0.964 0.043 -0.874 -0.878 0.156 0.705 -0.541 0.998 -0.147 0.979 0.524 -0.832 0.374 -0.419 -0.51 -0.128 0.959 0.252 0.267 0.498 1
-0.194 -0.068 0.842 0.615 -0.784 -0.868 -0.949 0.234 0.554 0.203 -0.852 0.297 -0.055 -0.257 0.886 0.695 -0.822 0.564 -0.032 -0.757 0.903 -0.196 -0.491 0.546 1
0.945 0.476 0.91 -0.977 0.617 -0.874 0.637 -0.364 -0.952 -0.97 -0.929 -0.283 0.914 0.863 -0.925 -0.332 0.345 -0.978 -0.916 0.233 0.169 -0.367 -0.664 -0.691 1
-0.19 0.405 0.249 -0.653 0.773 0.174 0.899 0.695 0.912 0.954 -0.285 0.55 0.224 -0.456 0.53 -0.431 -0.202 -0.341 -0.994 -0.193 -0.869 -0.633 -0.066 -0.49 1
0.027 0.412 -0.199 -0.83 0.434 -0.138 0.979 -0.948 -0.075 0.72 -0.744 -0.936 0.423 0.344 0.624 -0.553 -0.972 0.141 -0.788 0.071 -0.367 0.555 0.907 -0.547 1
-0.553 0.827 0.509 -0.333 -0.67 0.434 -0.179 0.25 -0.071 0.15 -0.703 0.531 -0.506 -0.574 0.692 -0.488 0.947 -0.268 -0.059 0.978 0.959 -0.132 -0.663 0.471 1
0.75 -0.344 -0.931 -0.709 -0.42 0.935 -0.006 0.356 -0.256 -0.775 -0.066 -0.723 -0.793 0.342 0.325 -0.957 -0.349 -0.276 0.033 -0.717 0.065 -0.904 0.565 0.488 1
0.57 -0.117 -0.879 -0.473 0.38 -0.545 0.601 -0.984 0.597 0.416 -0.467 0.386 0.984 0.547 -0.064 -0.204 -0.159 -0.096 0.213 -0.452 0.98 -0.184 0.627 -0.761 1
-0.912 0.016 -0.5 0.307 0.798 -0.483 -0.955 0.488 0.786 0.503 -0.877 0.659 -0.132 -0.106 -0.568 0.666 0.203 -0.599 -0.819 0.681 0.759 0.276 0.258 -0.155 1
0.368 -0.967 -0.872 0.876 0.058 -0.705 0.725 0.735 -0.854 0.647 0.881 -0.475 0.655 -0.403 -0.129 0.842 -0.037 -0.961 -0.038 -0.22 -0.492 0.77 0.301 -0.027 1
0.871 -0.355 0.456 -0.117 0.61 0.29 -0.855 -0.912 0.356 -0.838 -0.871 0.789 0.576 0.9 -0.305 0.663 0.424 -0.063 -0.08 0.655 0.238 -0.262 0.59 0.396 1
0.556 -0.745 0.92 0.65 0.611 -0.041 -0.72 -0.595 -0.338 -0.232 -0.371 -0.373 0.218 -0.105 -0.202 -0.539 -0.876 -0.996 0.849 0.985 -0.985 0.731 0.751 -0.075 1
0.043 -0.342 -0.556 -0.39 -0.133 0.457 0.561 -0.101 -0.51 0.91 -0.143 0.734 0.644 0.283 -0.266 0.991 0.491 -0.517 -0.737 0.472 0.486 -0.948 0.128 0.646 1
0.306 -0.506 -0.663 0.462 0.167 0.431 -0.871 0.811 -0.145 0.649 0.75 0.957 0.632 -0.728 -0.792 -0.432 -0.709 0.618 0.094 0.127 0.034 -0.25 0.767 -0.063 1
0.704 0.961 -0.08 -0.069 0.992 0.218 -0.378 -0.272 0.672 0.016 -0.6 0.368 0.804 0.351 -0.246 0.863 -0.779 -0.911 0.905 0.916 0.365 -0.791 0.847 -0.63 1
-0.204 -0.595 0.572 -0.994 -0.718 0.798 0.846 0.274 0.711 0.798 0.142 0.337 0.604 -0.977 0.24 -0.751 -0.454 -0.789 -0.872 -0.714 0.761 -0.965 -0.98 -0.661 1
-0.238 0.506 -0.62 0.027 0.832 0.433 -0.86 -0.282 -0.393 -0.119 0.84 -0.43 0.434 0.28 -0.816 0.011 -0.117 0.911 -0.039 0.962 0.85 -0.325 -0.682 -0.075 1
-0.854 -0.915 -0.384 0.704 0.231 -0.068 -0.058 0.067 0.606 0.05 -0.217 0.77 -0.177 0.269 0.864 0.646 -0.931 -0.131 -0.609 0.697 -0.59 0.697 -0.462 0.372 1
0.511 0.667 0.304 0.092 0.263 -0.996 0.819 -0.667 -0.792 -0.058 0.218 0.617 -0.908 -0.434 0.335 0.635 0.584 0.509 0.918 0.901 0.385 -0.563 0.066 0.289 1
0.252 0.194 -0.112 -0.135 0.793 0.787 -0.027 0.013 0.835 0.408 0.709 -0.838 0.733 -0.32 -0.285 0.77 0.246 0.874 -0.426 -0.266 -0.835 0.332 0.386 0.985 1
-0.934 -0.739 0.162 0.251 -0.424 -0.67 0.836 0.028 -0.434 -0.735 -0.005 -0.623 0.243 0.629 -0.632 -0.927 0.749 -0.806 -0.239 0.257 0.522 -0.541 0.463 0.338 1
-0.795 0.141 -0.381 0.702 0.383 -0.065 0.016 -0.301 0.264 0.062 0.188 0.861 0.65 0.471 0.056 -0.3 0.491 0.034 -0.75 -0.34 -0.452 0.966 0.488 0.847 1
-0.66 -0.307 0.01 -0.784 0.86 0.755 -0.926 0.068 -0.35 -0.954 0.778 -0.326 -0.015 -0.966 -0.502 0.038 -0.815 -0.612 0.59 0.046 0.726 -0.349 0.74 0.284 1
0.167 -0.445 -0.613 0.015 -0.879 -0.494 0.743 0.481 -0.246 0.727 -0.565 -0.199 -0.603 -0.745 0.411 -0.404 -0.784 0.651 -0.555 -0.049 -0.575 0.473 -0.065 0.483 1
-0.115 0.321 0.432 -0.803 -0.359 0.238 -0.858 -0.369 0.404 -0.105 -0.911 0.819 -0.048 -0.117 0.561 -0.263 0.448 0.182 0.124 -0.309 -0.31 -0.41 0.953 0.106 1
0.11 -0.086 -0.224 0.027 -0.298 -0.308 0.371 0.319 0.4 -0.948 0.737 -0.69 0.152 -0.514 0.702 -0.415 -0.262 0.831 -0.73 0.947 0.83 0.875 0.758 0.58 1
-0.651 0.194 -0.389 -0.416 -0.094 0.059 0.373 -0.761 -0.464 0.331 0.423 -0.929 -0.899 -0.52 0.19 -0.159 0.343 -0.978 0.615 0.456 0.042 0.639 0.599 0.757 1
0.987 -0.275 0.439 0.131 0.037 -0.498 -0.061 0.588 0.458 -0.614 0.67 0.429 -0.056 0.148 0.7 0.964 0.119 0.111 0.194 -0.684 0.947 -0.098 0.006 0.932 1
0.898 -0.796 -0.041 -0.193 0.429 0.319 0.751 -0.174 0.684 0.478 -0.49 0.698 0.306 -0.784 -0.219 -0.009 0.787 -0.181 0.322 0.722 -0.518 0.257 -0.951 0.68 1
0.075 0.099 0.479 0.669 0.599 0.489 0.516 0.587 0.779 -0.946 -0.405 -0.815 -0.6 0.959 -0.729 0.061 -0.048 -0.32 0.92 0.515 -0.995 -0.193 -0.211 0.195 1
0.934 -0.833 0.215 -0.597 -0.08 0.804 -0.531 -0.839 -0.042 0.221 0.2 -0.941 0.449 0.3 0.675 0.02 0.081 0.367 0.36 0.241 0.755 -0.489 -0.473 0.884 1
-0.271 0.618 -0.988 -0.668 -0.978 -0.021 0.516 0.404 0.69 0.405 0.998 -0.439 0.72 -0.321 -0.137 0.028 0.422 -0.282 0.567 -0.647 -0.37 0.326 0.324 0.071 1
-0.277 0.375 -0.713 -0.211 -0.892 -0.996 0.094 -0.891 -0.21 -1 0.284 -0.393 0.037 0.474 0.755 -0.378 -0.149 0.913 -0.955 0.355 0.863 0.881 -0.272 0.742 1
0.175 -0.054 0.451 0.556 -0.086 0.893 0.638 -0.685 -0.828 0.364 0.758 0.023 -0.821 0.256 -0.589 -0.783 -0.143 0.567 -0.518 0.672 -0.329 -0.99 0.363 0.686 1
-0.27 0.952 0.079 -0.353 0.229 -0.224 -0.887 0.498 0.835 0.973 -0.264 -0.507 -0.125 0.559 -0.634 0.15 0.391 -0.366 -0.134 -0.697 0.037 -0.464 0.072 0.918 1
0.332 -0.88 0.862 0.83 0.56 -0.176 0.857 -0.689 -0.827 -0.319 0.713 0.387 0.553 0.73 0.641 -0.643 0.864 -0.065 0.837 0.906 -0.644 -0.21 0.876 -0.08 1
0.903 0.252 -0.393 -0.862 -0.555 -0.707 -0.313 0.441 -0.844 -0.099 0.76 -0.723 -0.03 -0.622 -0.239 0.164 -0.036 0.186 -0.773 0.601 -0.303 0.322 -0.264 -0.702 1
-0.817 -0.08 -0.615 0.283 -0.927 -0.529 -0.912 -0.629 0.497 0.935 0.305 -0.554 -0.833 0.391 -0.03 0.657 0.708 0.709 -0.396 -0.07 0.723 0.368 0.321 0.199 1
-0.68 0.554 -0.245 -0.901 0.155 0.122 -0.947 0.434 0.836 0.229 -0.789 -0.204 -0.74 -0.631 0.476 0.627 0.308 0.582 -0.974 -0.302 -0.061 -0.618 0.116 -0.047 1
0.734 -0.239 0.867 -0.594 0.091 0.164 0.797 0.324 -0.696 0.133 0.471 0.454 -0.698 0.93 -0.099 0.984 0.991 -0.663 0.67 0.552 0.79 -0.013 -0.233 0.726 1
-0.007 0.799 -0.217 0.407 -0.3 -0.681 0.547 -0.159 -0.399 -0.916 0.821 -0.908 -0.353 -0.887 0.016 -0.102 0.336 -0.322 0.741 -0.354 -0.527 0.821 -0.013 0.452 1
-0.977 0.991 0.111 -0.881 -0.031 0.467 -0.756 -0.248 0.418 -0.705 -0.932 -0.832 0.854 -0.435 0.123 0.573 0.224 0.664 0.048 0.379 -0.031 -0.694 0.038 -0.763 1
0.316 -0.203 -0.941 -0.674 -0.845 0.349 0.152 -0.408 -0.791 0.904 0.183 -0.21 -0.839 -0.205 0.589 0.018 -0.879 -0.819 -0.956 0.754 -0.248 0.108 -0.264 -0.826 1
-0.293 0.319 -0.551 0.188 -0.382 -0.6 0.024 0.358 -0.846 0.471 0.848 0.202 -0.894 0.678 -0.316 0.602 0.919 -0.893 0.508 -0.057 0.599 0.698 0.973 -0.328 1
0.015 -0.774 0.177 -0.136 -0.39 -0.829 0.871 0.785 -0.662 -0.734 -0.577 -0.085 -0.062 0.563 -0.103 0.235 -0.862 0.127 -0.954 0.954 -0.341 0.896 0.098 0.654 1
0.42 -0.177 -0.938 0.514 0.705 -0.275 0.095 -0.648 0.001 0.924 0.512 0.516 -0.015 -0.846 0.224 0.171 -0.499 0.347 -0.234 -0.179 -0.655 -0.746 -0.306 0.545 1
0.908 0.471 0.16 0.264 0.544 -0.559 0.73 -0.421 0.099 0.821 0.006 0.601 -0.243 0.353 0.853 0.742 -0.12 0.573 0.3 0.955 0.399 -0.082 -0.631 0.748 1
0.092 -0.719 0.338 0.934 -0.754 0.209 -0.037 0.965 -0.753 -0.545 -0.385 0.373 -0.73 0.411 -0.465 0.435 -0.479 -0.326 -0.749 -0.861 -0.683 0.865 -0.545 -0.372 1
-0.229 0.715 -0.772 0.797 0.305 -0.508 0.963 0.402 0.214 0.028 -0.292 0.773 -0.15 -0.574 0.801 0.91 0.136 0.902 0.029 0.304 -0.954 -0.313 0.971 0.149 1
0.055 0.517 0.381 0.056 0.233 0.948 -0.735 0.319 0.093 -0.545 -0.504 -0.456 0.203 0.42 0.92 0.205 -0.14 -0.907 0.457 -0.389 -0.85 0.833 0.619 0.563 1
0.633 0.272 0.218 -0.977 -0.353 0.828 -0.358 -0.038 0.558 0.638 0.611 0.38 -0.013 -0.237 0.262 0.394 -0.518 0.82 0.186 -0.417 0.307 -0.621 -0.621 0.145 1
-0.197 -0.116 -0.898 -0.762 -0.655 0.96 0.348 -0.361 -0.267 -0.715 -0.77 0.984 0.91 -0.899 0.991 -0.677 0.004 1 -0.582 0.719 0.624 0.734 0.39 0.905 1
-0.242 -0.867 -0.191 -0.722 -0.941 -0.495 0.706 0.161 -0.141 -0.719 -0.685 -0.978 0.888 0.528 -0.289 -0.271 -0.063 0.821 -0.25 -0.793 0.82 -0.577 -0.799 0.443 1
0.988 -0.906 -0.552 0.154 0.322 0.29 -0.369 -0.193 -0.417 0.364 0.225 0.891 -0.836 0.879 0.064 0.172 0.698 0.638 -0.706 -0.224 -0.772 -0.06 -0.165 -0.094 1
-0.711 0.633 0.348 -0.702 0.951 -0.124 -0.251 -0.432 -0.348 0.073 -0.497 0.312 0.057 -0.526 0.742 -0.085 -0.763 -0.95 -0.168 0.644 -0.771 -0.154 -0.619 0.722 1
0.673 0.308 0.85 0.452 -0.283 -0.273 0.216 0.078 -0.483 0.826 0.335 0.641 0.842 -0.833 0.318 -0.608 0.923 0.409 -0.308 0.822 0.655 -0.729 -0.343 0.67 1
-0.325 0.866 0.743 0.523 -0.494 -0.075 -0.504 0.989 0.8 -0.46 0.08 0.996 0.802 -0.097 -0.121 -0.665 -0.457 0.35 -0.013 -0.079 0.592 0.311 0.42 0.879 1
-0.972 0.996 0.201 -0.159 -0.37 -0.674 -0.975 0.257 0.2 -0.765 -0.742 -0.037 0.111 -0.689 -0.808 0.146 -0.453 0.371 -0.169 0.521 -0.445 -0.707 0.9 0.327 1
0.852 0.422 -0.549 -0.529 -0.533 0.948 0.012 -0.599 -0.369 0.849 0.952 -0.057 -0.658 -0.835 0.614 -0.775 0.523 -0.475 0.838 0.287 0.786 -0.761 0.491 0.582 1
0.796 -0.705 0.798 0.941 0.211 0.088 -0.602 0.752 0.434 0.947 0.617 0.449 0.692 -0.666 -0.032 0.528 0.483 -0.286 -0.183 0.233 0.115 0.563 -0.689 -0.462 1
0.914 -0.888 0.509 0.204 0.739 0.684 0.141 -0.56 0.861 -0.973 0.726 0.431 -0.544 -0.839 -0.934 0.789 -0.808 -0.378 -0.587 0.431 -0.087 -0.546 0.232 -0.885 1
0.368 0.354 -0.147 -0.52 0.987 -0.752 -0.764 -0.811 0.865 0.612 -0.943 -0.609 0.847 -0.963 -0.95 0.992 0.378 -0.361 0.178 0.148 0.209 -0.717 -0.117 -0.942 1
-0.616 -0.37 0.266 -0.211 -0.115 0.692 0.052 -0.374 0.102 0.647 0.499 0.268 -0.159 -0.885 0.527 0.092 0.729 -0.525 -0.179 0.68 0.908 0.69 0.183 0.882 1
0.128 0.281 -0.445 -0.986 0.264 0.074 -0.352 0.162 0.599 -0.207 -0.855 -0.646 0.657 0.224 0.051 0.136 -0.14 0.089 0.898 -0.262 -0.113 -0.266 0.095 -0.378 1
-0.769 0.152 -0.077 0.663 0.225 0.868 -0.104 -0.966 0.454 -0.593 0.166 0.365 -0.878 -0.843 -0.962 -0.177 0.194 -0.025 0.754 0.184 0.991 -0.073 -0.823 0.164 1
-0.947 0.178 0.296 -0.568 -0.522 0.055 -0.524 -0.639 -0.051 -0.139 0.514 0.959 -0.637 -0.73 0.497 -0.643 -0.289 -0.645 -0.45 -0.892 -0.104 -0.996 0.251 -0.616 1
0.57 0.552 -0.246 -0.107 0.187 -0.133 -0.985 -0.376 0.181 0.812 0.93 0.352 -0.947 -0.891 -0.676 -0.629 -0.342 -0.008 -0.253 0.208 -0.557 0.953 0.338 0.696 1
0.253 0.093 -0.88 0.003 -0.753 -0.765 0.911 0.215 0.659 -0.188 0 -0.205 0.227 -0.711 -0.951 0.898 -0.226 0.71 -0.975 0.147 0.616 -0.037 -0.447 -0.855 1
0.518 -0.168 -0.134 0.994 -0.404 -0.843 -0.201 -0.976 -0.822 0.781 0.165 0.245 -0.727 0.183 -0.758 -0.881 0.101 0.625 -0.187 -0.669 0.909 0.253 -0.027 0.207 1
0.004 0.209 -0.671 -0.785 0.591 -0.355 -0.218 -0.717 0.729 -0.023 0.551 0.387 -0.052 0.282 0.12 -0.746 -0.289 -0.793 -0.151 -0.54 -0.795 0.382 0.48 -0.939 1
0.041 -0.753 0.412 -0.384 -0.489 -0.364 -0.723 -0.61 0.342 0.444 -0.665 -0.527 0.091 -0.552 0.524 0.101 0.421 -0.127 -0.712 -0.627 -0.754 -0.071 -0.905 -0.703 1
-0.782 0.441 0.175 -0.222 -0.138 -0.062 -0.882 -0.075 -0.662 -0.505 0.037 0.276 0.712 1 -0.375 -0.898 -0.824 0.342 -0.608 -0.371 0.217 -0.483 0.103 0.985 1
0.904 -0.509 0.287 -0.055 0.815 0.985 -0.875 0.08 -0.272 0.401 -0.854 0.954 0.327 -0.56 -0.335 -0.052 0.476 -0.406 -0.442 -0.587 0.076 0.67 -0.548 0.377 1
-0.786 -0.82 0.028 -0.628 0.85 -0.848 0.379 0.996 0.069 0.799 -0.716 -0.503 0.337 0.427 0.95 -0.503 0.03 -0.711 -0.312 -0.535 -0.189 -0.033 -0.326 -0.795 1
-0.558 -0.907 -0.122 0.034 0.471 -0.701 0.819 0.913 -0.512 -0.812 -0.373 0.2 0.275 -0.507 -0.371 -0.081 -0.287 0.956 -0.838 0.002 -0.307 0.678 0.599 -0.644 1
0.188 0.912 -0.959 0.647 -0.231 0.137 -0.564 0.175 0.584 0.175 -0.914 -0.473 -0.537 -0.448 0.701 -0.249 0.225 -0.261 0.551 -0.358 -0.177 0.243 0.441 0.321 1
0.616 -0.75 0.604 -0.204 0.092 -0.407 0.768 -0.076 0.243 0.963 -0.113 0.317 0.518 -0.664 0.212 -0.477 0.487 0.076 -0.821 0.525 0.691 0.996 0.839 0.399 1
-0.479 -0.369 -0.801 0.757 -0.032 -0.745 -0.595 0.377 -0.817 -0.429 0.3 -0.965 0.134 0.684 0.255 -0.762 0.466 -0.691 0.513 -0.003 -0.952 -0.567 0.449 -0.702 1
-0.259 -0.367 -0.273 0.64 -0.438 -0.621 0.461 0.159 -0.184 0.852 0.583 -0.74 0.368 0.085 -0.664 0.928 -0.392 0.227 -0.816 -0.606 0.356 0.621 0.659 -0.148 1
-0.73 0.454 -0.105 -0.635 -0.954 0.576 0.416 0.502 0.737 0.359 -0.498 0.607 0.951 -0.979 -0.108 -0.757 0.7 0.806 0.055 -0.765 0.747 -0.842 0.792 -0.732 1
-0.315 -0.809 -0.978 0.877 0.992 -0.986 -0.431 0.331 0.298 -0.811 0.933 -0.239 -0.242 -0.46 -0.149 0.614 -0.493 -0.486 0.026 -0.025 -0.155 0.151 -0.551 0.357 1
0.218 0.562 0.598 -0.504 0.9 0.714 -0.741 -0.026 -0.85 0.161 -0.946 -0.704 -0.217 0.548 0.131 0.667 0.345 -0.458 0.553 -0.331 0.064 0.764 -0.701 0.041 1
0.73 -0.389 0.44 -0.004 -0.549 0.499 -0.136 -0.673 -0.683 -0.671 0.418 0.582 0.413 0.595 0.356 -0.951 0.159 0.319 0.01 0.75 -0.609 0.883 -0.799 0.721 1
-0.932 -0.688 0.153 0.647 -0.542 -0.829 -0.563 -0.21 0.419 0.682 -0.739 0.454 0.949 -0.871 0.331 -0.722 -0.086 -0.235 0.72 -0.741 0.993 -0.193 0.886 -0.462 1
-0.777 -0.053 0.17 0.812 -0.261 0.429 -0.908 0.538 0.022 -0.364 -0.966 -0.305 0.608 0.388 0.967 -0.785 -0.4 0.434 0.163 0.292 0.466 0.982 0.975 -0.92 1
0.638 -0.437 -0.676 -0.892 0.666 -0.23 0.439 0.07 0.779 -0.601 0.161 -0.826 0.844 0.531 -0.751 0.618 0.349 0.771 -0.314 0.814 -0.417 0.222 -0.496 0.073 1
0.447 0.36 -0.918 0.519 0.688 0.607 -0.52 0.949 -0.459 0.96 -0.596 0.691 0.263 -0.452 -0.529 -0.201 -0.753 -0.164 0.406 -0.695 0.494 0.224 -0.401 0.445 1
-0.051 -0.727 -0.97 -0.745 -0.86 -0.863 0.094 -0.019 0.747 0.748 0.754 -0.624 0.825 -0.587 -0.208 -0.702 -0.227 0.672 -0.32 0.586 -0.302 0.257 0.213 0.095 1
0.05 -0.928 0.394 -0.407 -0.762 -0.511 -0.867 -0.663 0.322 -0.775 0.771 0.551 0.63 0.75 -0.415 0.56 0.917 0.45 -0.594 -0.779 -0.806 0.221 -0.339 0.012 1
0.507 0.374 -0.575 -0.371 0.747 -0.848 -0.464 -0.296 0.684 0.59 0.043 -0.932 0.231 -0.031 -0.056 0.406 -0.53 0.149 0.425 -0.181 -0.967 0.518 -0.278 -0.069 1
0.669 0.529 -0.371 0.69 -0.831 0.157 0.552 -0.558 -0.976 -0.463 -0.691 -0.023 -0.504 0.007 -0.608 0.514 -0.716 -0.83 -0.213 -0.257 -0.607 0.885 0.643 0.85 1
-0.281 -0.86 0.586 -0.775 -0.985 0.09 0.276 0.541 -0.33 0.59 -0.033 0.901 0.095 0.239 -0.461 -0.664 -0.662 -0.889 -0.36 -0.028 0.973 0.349 -0.041 0.221 1
0.955 0.555 0.866 -0.522 0.05 0.368 -0.589 -0.154 -0.089 0.809 -0.952 0.322 0.15 0.722 -0.898 -0.919 -0.793 -0.626 -0.317 -0.366 -0.39 0.63 0.935 -0.559 1
-0.253 0.32 0.552 -0.635 -0.725 0.649 -0.854 0.445 0.664 0.369 -0.086 -0.717 0.164 -0.618 0.523 0.449 0.025 -0.31 -0.859 -0.005 0.772 -0.304 0.615 0.053 1
-0.775 0.176 -0.364 -0.166 0.861 0.052 0.85 -0.859 -0.358 -0.823 -0.659 -0.77 0.157 -0.726 -0.049 -0.448 0.433 -0.857 -0.329 0.801 -0.778 0.565 0.993 0.212 1
0.371 0.933 -0.659 -0.289 0.364 0.733 0.258 -0.122 0.097 0.185 -0.12 -0.79 -0.674 0.352 -0.196 0.619 0.276 -0.557 -0.302 0.151 0.315 -0.223 -0.615 0.404 1
0.42 -0.432 0.82 0.437 0.713 -0.281 0.585 -0.031 -0.519 0.305 0.428 0.637 0.603 -0.041 0.712 -0.101 -0.935 0.846 -0.045 -0.051 -0.953 -0.324 0.067 -0.757 1
-0.864 0.815 -0.294 0.105 0.875 0.633 -0.351 0.883 -0.848 0.727 0.365 0.554 0.224 -0.235 -0.687 0.125 -0.56 0.467 -0.635 -0.071 0.203 0.69 -0.711 -0.216 1
-0.326 -0.631 0.04 0.672 -0.798 0.272 -0.771 0.274 -0.396 -0.572 -0.752 0.807 -0.474 0.399 0.836 -0.913 0.59 -0.927 -0.821 -0.036 -0.851 0.385 0.646 0.668 1
0.95 -0.732 -0.068 -0.024 0.11 -0.474 0.01 -0.67 -0.267 0.311 -0.688 0.485 -0.93 0.295 -0.286 -0.256 -0.384 -0.947 0.793 0.131 -0.736 0.481 -0.773 -0.516 1
-0.261 0.74 0.485 0.34 -0.698 -0.723 -0.793 -0.458 -0.568 0.666 -0.02 0.785 -0.793 0.401 0.164 0.62 0.616 -0.188 0.774 -0.87 -0.409 0.541 -0.567 -0.194 1
-0.664 -0.981 0.506 -0.824 0.276 0.03 0.087 -0.434 -0.978 -0.118 -0.014 0.925 -0.274 -0.123 -0.212 0.843 0.702 -0.086 -0.814 0.294 0.461 0.636 0.722 0.774 1
-0.117 0.443 -0.278 0.098 -0.163 0.186 -0.079 0.946 0.458 -0.234 0.89 0.675 0.539 -0.015 0.018 0.943 -0.696 0.605 -0.732 -0.404 0.924 -0.126 0.026 0.529 1
-0.223 0.277 -0.853 -0.277 0.956 -0.903 -0.13 -0.278 0.248 0.485 -0.919 -0.046 -0.96 -0.79 -0.5 0.139 -0.116 -0.836 0.077 -0.013 0.027 -0.653 -0.127 -0.519 1
0.795 0.72 0.766 0.33 0.389 0.362 0.068 -0.398 -0.143 -0.493 -0.514 0.744 0.465 0.138 -0.01 -0.327 -0.194 -0.899 -0.299 -0.36 -0.798 0.084 -0.331 -0.992 1
-0.881 -0.628 0.795 -0.814 -0.2 -0.99 0.409 0.13 0.947 0.041 -0.553 0.936 -0.755 -0.333 0.842 -0.247 0.43 -0.771 0.26 -0.274 -0.947 -0.076 0.533 0.921 1
-0.948 0.497 0.008 0.909 -0.876 -0.747 -0.513 -0.86 -0.824 0.244 0.427 0.782 0.112 -0.975 -0.42 -0.587 -0.33 0.409 -0.478 0.833 0.377 0.522 -0.937 0.576 1
-0.124 0.608 -0.078 0.862 0.608 0.282 -0.267 0.965 -0.634 -0.196 0.141 0.554 -0.433 -0.269 0.723 -0.459 0.55 -0.165 0.044 0.052 -0.858 -0.857 -0.153 -0.189 1
-0.563 0.332 0.683 0.404 0.185 -0.362 -0.445 -0.194 0.729 -0.08 0.566 0.395 -0.951 -0.064 0.699 -0.471 -0.291 -0.729 0.847 -0.867 -0.349 0.122 -0.478 -0.916 1
0.9 -0.902 0.193 -0.814 0.542 -0.693 -0.938 0.431 0.351 -0.04 0.628 -0.899 -0.07 0.139 0.784 -0.539 -0.318 -0.071 0.623 0.911 -0.316 0.108 0.171 -0.091 1
0.472 -0.771 -0.813 0.059 0.463 -0.362 0.293 -0.861 -0.593 -0.809 -0.771 -0.697 -0.923 0.291 0.041 -0.406 0.596 -0.877 -0.801 0.153 -0.156 0.914 -0.517 -0.281 1
-0.091 0.968 0.866 -0.63 -0.126 0.54 0.354 -0.766 -0.871 -0.324 -0.496 -0.599 -0.309 -0.391 -0.447 -0.835 0.098 -0.269 0.296 -0.106 -0.817 0.326 0.725 0.793 1
0.223 -0.778 0.479 -0.426 -0.361 -0.149 0.751 -0.421 -0.134 -0.02 -0.73 0.123 -0.608 0.569 0.728 -0.693 -0.217 0.489 0.547 0.762 -0.669 0.094 0.386 0.617 1
0.782 0.4 0.327 -0.83 -0.548 -0.411 0.324 0.073 0.666 0.504 -0.219 -0.088 -0.776 -0.746 0.276 0.522 -0.792 0.183 -0.784 0.307 -0.427 -0.737 -0.334 -0.715 1
0.969 0.206 0.02 -0.199 0.78 -0.816 0.94 -0.278 0.635 -0.549 0.291 -0.257 -0.357 -0.841 -0.052 -0.424 -0.096 0.308 0.287 -0.486 0.787 -0.688 -0.776 -0.446 1
-0.396 0.276 -0.59 -0.763 -0.274 0.076 -0.139 0.895 -0.424 -0.34 0.874 0.268 0.678 0.863 0.398 -0.25 0.474 -0.685 0.44 -0.608 -0.524 0.407 -0.037 -0.628 1
-0.312 0.035 0.15 -0.413 -0.262 0.521 0.328 0.813 -0.486 0.983 -0.158 -0.02 -0.102 -0.158 -0.207 -0.693 0.226 0.47 -0.979 0.949 -0.607 0.305 0.397 -0.846 1
-0.991 -0.718 -0.667 0.835 -0.39 -0.877 0.946 0.999 -0.412 -0.013 0.701 0.577 0.374 0.595 0.521 0.696 0.057 0.089 0.625 -0.41 0.966 -0.684 -0.12 0.838 1
0.403 -0.731 -0.687 0.502 -0.627 -0.567 0.033 -0.827 0.804 -0.983 -0.796 -0.033 -0.727 0.614 0.404 -0.037 0.312 0.162 0.319 0.337 0.691 -0.196 -0.237 0.06 1
-0.168 0.911 0.711 0.523 0.904 -0.201 0.107 -0.238 -0.783 0.728 -0.275 -0.134 -0.221 0.642 -0.635 -0.312 0.245 0.271 0.634 0.287 0.194 0.283 0.385 0.945 1
-0.683 -0.931 -0.424 -0.81 0.46 0.204 0.787 0.702 0.139 0.799 0.717 -0.207 -0.1 0.901 0.103 0.218 0.847 0.059 0.297 0.292 -0.109 -0.73 0.929 -0.134 1
-0.63 0.702 0.116 -0.648 -0.088 0.574 -0.147 -0.465 0.233 -0.529 -0.527 -0.206 0.041 0.245 0.876 0.868 0.75 0.686 -0.091 0.878 0.597 0.932 -0.388 0.296 1
-0.648 0.824 -0.63 -0.388 0.952 -0.324 0.02 -0.017 0.336 -0.22 -0.509 0.344 -0.402 0.583 0.118 -0.965 -0.313 0.319 0.071 -0.856 0.484 -0.589 0.106 -0.797 1
-0.072 -0.16 -0.962 -0.18 0.301 0.696 -0.518 -0.212 0.633 -0.24 -0.36 0.027 -0.61 0.016 0.778 -0.773 0.147 -0.061 -0.586 0.095 -0.218 -0.428 -0.024 -0.531 1
0.104 -0.641 0.314 -0.123 -0.183 0.573 0.462 -0.773 0.449 0.138 -0.107 -0.902 0.079 0.676 -0.604 0.07 0.899 -0.062 -0.192 0.342 -0.737 -0.958 0.883 -0.223 1
0.556 0.007 0.203 -0.534 0.262 0.166 0.205 -0.836 -0.821 0.445 0.082 -0.682 -0.973 -0.825 -0.372 0.908 0.543 -0.365 0.741 0.539 0.127 0.823 0.834 0.923 1
-0.715 0.089 0.807 0.214 -0.648 -0.719 0.082 0.835 -0.443 0.117 0.9 0.672 -0.165 0.165 0 0.738 -0.312 -0.543 0.577 -0.076 -0.575 -0.61 -0.247 0.139 1
0.871 -0.37 -0.258 -0.817 -0.3 0.275 -0.372 -0.964 -0.355 0.162 -0.172 0.054 -0.414 0.205 -0.732 -0.904 -0.94 -0.454 0.688 0.823 0.015 -0.376 0.367 -0.134 1
-0.395 -0.826 0.69 0.199 0.429 0.258 -0.863 0.448 -0.204 -0.891 0.068 -0.4 -0.723 0.068 0.827 0.005 0.366 0.402 -0.203 -0.029 0.379 -0.963 -0.27 -0.148 1
0.769 0.933 -0.583 -0.521 0.887 0.153 -0.744 -0.453 0.081 -0.665 -0.337 0.587 -0.067 0.554 0.206 -0.714 0.614 0.078 -0.911 0.863 0.393 -0.679 -0.039 -0.657 1
-0.756 0.27 -0.943 -0.178 -0.756 -0.421 -0.002 0.082 -0.729 -0.515 -0.57 0.011 -0.132 0.144 0.52 -0.819 -0.339 0.515 0.953 -0.27 0.507 -0.325 0.203 0.691 1
-0.424 0.326 -0.978 -0.071 -0.044 -0.186 -0.919 0.379 -0.654 0.516 0.205 0.121 -0.623 -0.973 -0.278 0.168 -0.817 0.479 -0.856 -0.703 -0.245 -0.545 0.452 0.474 1
0.814 0.724 0.349 0.54 -0.067 -0.127 -0.939 -0.398 0.485 0.786 0.868 -0.834 -0.791 0.458 -0.981 0.934 -0.919 0.443 0.918 -0.542 -0.512 0.159 -0.047 0.174 1
-0.154 -0.162 0.103 -0.329 0.571 -0.283 0.399 -0.734 -0.117 -0.887 0.63 -0.185 0.575 -0.888 -0.647 -0.167 -0.663 0.72 -0.207 -0.666 0.674 -0.461 -0.082 0.488 1
0.363 0.429 -0.321 -0.515 0.091 -0.068 -0.696 -0.907 0.704 0.004 -0.06 0.624 0.997 0.676 0.278 -0.042 0.946 0.696 -0.181 0.891 0.569 0.371 0.746 -0.157 1
0.127 0.391 -0.493 0.16 -0.999 -0.012 0.319 0.413 -0.23 -0.185 0.885 -0.966 0.326 0.118 0.042 0.553 0.481 -0.485 -0.69 0.61 -0.964 0.491 -0.771 0.934 1
-0.747 -0.072 0.238 0.908 0.319 0.456 -0.59 0.584 0.489 0.363 0.608 0.315 -0.968 -0.46 -0.305 -0.22 -0.409 0.242 -0.466 -0.053 -0.813 0.31 -0.911 -0.204 1
0.898 0.355 -0.121 -0.77 0.026 -0.777 -0.905 0.367 0.356 0.071 0.982 -0.022 0.062 0.435 0.226 0.945 -0.962 -0.065 0.279 -0.454 -0.481 0.89 -0.334 -0.857 1
0.541 -0.383 0.34 -0.65 -0.092 0.776 -0.855 0.692 -0.556 0.791 0.582 -0.091 0.62 -0.309 -0.614 0.555 -0.756 0.323 0.677 -0.078 -0.86 0.534 0.182 0.493 1
-0.882 0.297 0.655 0.607 -0.457 -0.809 0.094 0.636 0.438 -0.881 0.856 -0.513 0.758 -0.765 0.442 0.781 -0.746 0.08 -0.056 -0.268 -0.553 -0.224 -0.187 -0.797 1
0.1 0.015 -0.211 -0.901 -0.241 0.042 0.622 -0.486 0.112 0.098 0.795 0.17 0.412 -0.433 -0.558 0.071 -0.663 0.698 0.114 -0.767 0.371 0.313 0.399 -0.211 1
-0.527 0.692 0.702 -0.779 -0.904 0.377 0.133 -0.55 -0.285 -0.664 0.8 -0.255 0.08 0.478 0.435 -0.058 0.743 -0.083 -0.038 0.503 0.86 -0.937 0.257 0.124 1
-0.891 0.96 -0.729 0.802 0.838 -0.985 0.957 -0.785 0.114 0.832 -0.001 -0.816 0.139 0.867 0.198 0.657 -0.874 -0.877 -0.139 -0.27 -0.846 -0.379 -0.564 -0.952 1
0.104 0.214 -0.526 0.346 -0.744 0.543 -0.516 -0.348 0.029 0.163 0.872 0.671 0.561 0.317 -0.552 0.582 0.542 -0.03 0.706 0.963 -0.684 -0.126 -0.576 -0.755 1
0.94 -0.217 -0.133 -0.696 0.002 -0.705 0.699 0.273 -0.499 0.882 -0.954 0.455 -0.883 0.503 0.546 0.561 -0.364 -0.671 0.791 -0.187 -0.287 -0.85 -0.111 0.034 1
-0.137 0.442 0.831 -0.797 -0.927 -0.716 0.771 0.649 -0.877 0.664 -0.908 0.279 0.66 0.747 -0.397 0.33 -0.256 0.537 -0.556 0.916 -0.689 0.726 0.472 0.192 1
-0.937 -0.015 -0.607 0.282 -0.287 -0.254 0.236 -0.321 -0.992 0.073 -0.708 -0.273 -0.847 0.935 -0.497 -0.351 0.251 -0.262 -0.48 0.822 -0.878 -0.421 0.99 -0.471 1
0.738 -0.252 0.246 -0.273 -0.974 -0.566 0.672 0.954 0.379 -0.018 -0.914 0.62 -0.457 -0.621 0.626 -0.706 0.929 0.74 -0.527 0.521 -0.207 -0.616 0.025 0.685 1
0.199 -0.325 -0.202 -0.71 -0.621 -0.629 0.243 -0.833 0.69 -0.317 0.897 -0.302 -0.626 -0.407 -0.054 0.337 -0.301 0 0.888 -0.607 -0.275 -0.966 -0.033 -0.575 1
-0.394 0.58 -0.763 0.592 0.062 -0.235 0.874 0.951 0.407 0.12 -0.735 -0.515 0.202 -0.635 0.721 0.93 0.877 0.776 0.01 -0.481 -0.144 -0.432 0.786 -0.161 1
-0.092 -0.697 -0.548 -0.073 0.852 0.157 0.263 -0.391 0.34 0.684 0.608 -0.089 0.179 -0.313 0.55 0.035 0.659 -0.148 -0.112 0.652 -0.383 0.769 0.759 0.231 1
0.947 -0.429 -0.634 -0.938 -0.398 -0.431 0.102 -0.586 -0.794 -0.74 -0.282 0.699 -0.209 -0.731 -0.861 -0.32 -0.871 -0.349 -0.537 0.67 -0.755 0.078 0.253 -0.687 1
-0.745 -0.346 0.554 0.98 -0.781 -0.525 0.781 0.857 0.563 -0.222 0.595 0.006 0.714 -0.464 -0.959 -0.958 -0.994 -0.366 -0.328 0.509 -0.997 0.218 -0.414 -0.885 1
-0.84 0.067 -0.125 -0.584 -0.715 -0.445 -0.173 0.33 0.681 -0.203 -0.134 0.318 -0.475 0.803 -0.23 -0.106 0.534 0.487 -0.22 0.113 0.283 0.12 0.581 -0.553 1
-0.986 0.626 0.019 -0.086 0.716 -0.288 -0.57 -0.903 -0.078 -0.154 0.064 -0.687 -0.443 0.684 0.667 -0.624 0.802 0.176 0.112 -0.264 0.375 -0.201 0.54 -0.506 1
-0.688 -0.887 0.891 0.555 0.578 0.96 0.546 -0.32 0.582 0.426 0.382 0.005 0.148 -0.26 0.452 0.691 0.019 0.173 0.025 0.915 0.294 0.582 0.861 0.635 1
