-0.915 -0.348 -0.802 0.043 0.331 -0.356 0.357 0.409 0.314 0.611 -0.712 -0.433 0.920 -0.498 -0.465 -0.345 0.435 -0.609 0.473 0.339 -0.333 0.675 -0.612 -0.832
0.297 0.548 -0.401 -0.439 0.874 -0.873 0.089 0.666 -0.608 -0.238 -0.852 0.526 0.224 0.714 0.334 0.910 0.325 0.282 -0.597 0.175 0.646 -0.986 0.426 -0.693
-0.869 0.520 0.976 -0.756 0.951 -0.664 0.124 0.976 0.828 0.355 -0.035 0.182 -0.239 -0.522 0.969 -0.381 -0.706 0.251 0.394 0.935 0.438 0.719 -0.896 -0.219
0.426 -0.566 -0.243 0.891 0.785 0.706 -0.538 -0.224 -0.473 -0.530 0.370 0.505 -0.778 0.458 0.530 -0.748 0.381 -0.391 -0.734 0.691 0.393 0.329 0.493 -0.930
-0.683 0.454 0.967 0.042 -0.690 0.130 0.958 -0.432 -0.174 0.738 -0.803 0.753 -0.955 -0.269 -0.294 -0.018 -0.860 -0.947 0.617 -0.716 0.484 0.768 0.250 -0.395
-0.674 -0.780 -0.038 0.776 0.049 -0.435 0.431 0.482 -0.098 -0.709 0.720 0.212 -0.634 0.071 0.579 0.847 -0.833 -0.011 -0.040 0.713 0.602 0.533 -0.542 -0.172
0.489 -0.119 -0.537 -0.837 -0.106 -0.253 0.600 -0.293 0.985 -0.736 -0.042 -0.632 0.601 -0.322 0.341 0.129 0.343 0.366 0.484 0.577 0.544 -0.224 -0.600 -0.895
0.904 -0.103 -0.208 -0.144 -0.195 0.690 -0.973 -0.027 -0.602 0.232 0.901 -0.946 -0.017 0.179 0.433 0.005 -0.229 0.406 0.462 0.947 0.244 -0.751 0.008 -0.716
-0.016 -0.072 -0.338 0.870 -0.470 0.590 -0.719 0.872 -0.847 -0.031 -0.137 -0.184 -0.041 -0.216 0.346 0.481 0.895 -0.011 -0.725 -0.348 0.272 0.042 -0.596 -0.373
-0.250 0.813 -0.332 -0.272 0.581 0.171 0.028 -0.057 0.944 0.669 -0.594 -0.317 0.899 -0.064 0.356 0.431 0.851 -0.730 0.031 -0.070 0.807 -0.167 0.791 -0.361
0.347 -0.068 -0.854 0.763 0.240 -0.682 -0.201 0.718 -0.729 0.864 0.516 0.497 -0.773 -0.620 0.173 -0.569 -0.501 -0.257 -0.002 0.995 -0.550 -0.321 -0.050 -0.479
0.719 0.988 0.443 -0.839 -0.759 0.356 0.724 -0.615 -0.109 -0.880 -0.090 0.837 0.425 0.282 -0.004 -0.541 -0.268 -0.935 -0.584 -0.695 -0.737 -0.859 -0.630 0.828
-0.571 -0.915 -0.004 -0.389 0.590 -0.967 0.496 -0.480 0.877 0.730 0.543 0.545 -0.457 0.118 -0.251 0.886 0.401 0.532 0.904 0.976 -0.265 0.583 -0.551 0.713
0.865 0.678 -0.232 -0.015 -0.086 0.604 -0.638 -0.804 -0.341 0.432 0.547 0.819 -0.761 -0.263 0.363 0.658 -0.300 -0.757 -0.488 0.106 0.805 0.249 0.247 -0.071
0.453 -0.858 0.465 0.081 -0.171 0.818 -0.014 0.759 0.041 -0.195 0.031 -0.452 0.335 0.506 -0.042 -0.013 0.310 0.594 0.663 0.356 -0.041 -0.871 -0.431 0.635
0.743 0.409 0.613 -0.864 -0.465 -0.392 0.276 0.497 0.862 0.389 0.935 0.555 0.996 -0.090 0.032 -0.634 0.416 -0.767 -0.857 0.120 0.314 0.725 -0.473 -0.340
-0.825 -0.449 0.292 -0.475 -0.105 -0.806 0.128 -0.123 0.805 0.551 0.896 -0.232 -0.040 -0.946 -0.243 0.584 -0.699 0.008 -0.163 -0.429 0.053 -0.856 -0.926 -0.391
0.175 0.773 -1.000 -0.512 -0.837 0.285 -0.365 0.647 -0.426 0.268 -0.001 -0.876 1.000 -0.124 -0.975 -0.944 0.470 0.779 -0.249 0.821 0.789 -0.648 -0.811 0.815
0.133 0.784 0.877 -0.689 -0.155 -0.282 0.753 0.407 0.851 0.613 0.033 0.316 0.802 0.251 0.590 -0.284 -0.683 0.420 0.592 -0.104 0.633 0.319 -0.782 -0.602
-0.673 -0.747 -0.749 0.683 0.833 0.875 0.663 0.327 -0.872 -0.131 0.773 0.133 0.061 0.773 0.776 0.400 -0.696 -0.443 -0.071 0.537 -0.245 -0.666 0.961 -0.617
-0.816 0.118 0.292 0.282 -0.050 -0.386 -0.628 0.444 0.704 -0.164 0.148 0.037 0.015 -0.049 -0.260 0.397 -0.648 0.214 -0.299 -0.228 0.981 -0.766 -0.629 -0.163
-0.137 -0.877 0.560 0.041 0.672 -0.528 0.895 -0.199 -0.937 0.766 -0.530 0.119 -0.315 0.001 0.909 0.204 0.287 -0.956 0.679 -0.416 -0.745 -0.714 0.890 -0.169
-0.602 -0.537 -0.584 -0.357 0.426 0.861 0.845 -0.979 0.592 -0.448 -0.699 -0.348 0.913 -0.682 0.173 -0.756 -0.544 0.324 0.861 -0.577 0.378 0.075 0.299 0.875
-0.436 -0.965 -0.329 0.366 0.153 0.218 0.511 -0.537 0.659 0.305 -0.264 -0.638 -0.691 0.835 0.994 -0.780 -0.411 -0.057 -0.062 0.460 -0.502 -0.012 0.951 -0.947
0.725 0.161 -0.604 0.733 0.209 0.815 -0.779 -0.563 0.654 0.642 0.724 0.678 0.494 0.279 -0.329 -0.728 0.983 -0.716 -0.270 -0.212 -0.577 0.428 0.309 -0.859
-0.996 -0.894 -0.590 -0.641 -0.570 0.976 -0.793 0.679 0.617 0.273 0.360 -0.335 0.108 0.563 -0.807 0.152 -0.745 0.149 -0.665 -0.586 -0.376 -0.009 0.063 -0.982
-0.327 0.042 0.990 0.760 0.724 0.370 -0.651 -0.721 0.336 0.641 0.237 -0.234 0.419 -0.516 0.650 -0.783 0.506 -0.965 -0.517 0.591 -0.278 0.238 -0.161 -0.521
0.615 -0.816 0.941 0.438 -0.080 -0.715 -0.488 -0.913 -0.201 0.880 -0.876 0.454 0.694 -0.008 0.078 0.770 -0.328 0.334 0.894 0.891 -0.417 0.728 -0.888 0.718
0.058 0.802 -0.888 0.818 0.750 -0.440 -0.370 -0.836 -0.804 0.982 -0.795 -0.256 0.856 0.414 0.587 -0.502 0.045 0.580 0.026 -0.683 0.973 -0.576 -0.375 -0.351
-0.693 0.864 -0.785 0.268 0.124 -0.095 -0.786 0.275 -0.556 0.196 -0.675 0.652 -0.577 0.887 0.727 -0.391 0.224 -0.330 -0.515 -0.873 -0.635 0.308 0.607 0.164
0.846 -0.005 -0.279 -0.698 0.167 0.234 0.555 0.410 0.967 0.324 0.256 0.369 -0.313 0.903 -0.513 -0.938 -0.030 0.715 0.328 0.127 0.480 -0.041 -0.948 0.612
-0.652 -0.257 0.044 -0.274 0.536 0.408 -0.009 0.990 0.889 -0.156 -0.782 0.191 0.938 -0.173 0.356 -0.658 -0.537 0.348 0.405 0.585 -0.841 -0.828 -0.271 0.360
-0.972 0.339 -0.921 0.893 -0.420 -0.143 0.303 -0.936 0.893 -0.828 -0.621 -0.319 -0.247 -0.347 -0.997 0.448 -0.858 -0.067 0.507 -0.191 -0.244 -0.532 -0.648 0.026
-0.791 -0.570 0.974 0.388 -0.491 0.301 -0.381 0.855 0.733 0.111 -0.865 -0.383 -0.395 0.268 0.658 0.146 -0.070 -0.838 -0.103 0.561 -0.029 -0.396 0.542 0.403
0.032 0.444 -0.882 -0.401 -0.277 -0.705 0.281 0.834 0.504 -0.165 0.817 -0.023 -0.886 0.059 0.518 0.623 0.246 -0.160 0.172 -0.648 -0.768 -0.741 0.026 0.882
0.855 -0.372 0.931 0.573 0.473 0.614 -0.442 0.894 -0.445 0.157 -0.067 0.300 -0.658 0.188 0.482 0.612 -0.077 0.625 -0.035 -0.309 -0.949 -0.218 -0.672 -0.603
0.558 0.527 -0.597 -0.260 -0.693 0.522 -0.902 0.787 -0.551 -0.096 0.817 0.891 0.850 -0.435 -0.862 -0.682 -0.767 -0.738 -0.656 0.783 -0.112 0.611 -0.773 -0.956
-0.672 0.292 0.496 -0.977 0.907 -0.636 -0.501 -0.604 -0.031 -0.465 -0.384 -0.496 0.822 -0.601 0.039 -0.425 -0.488 -0.496 0.803 -0.190 -0.249 0.584 -0.415 -0.879
-0.572 0.232 -0.087 -0.171 0.237 -0.292 -0.557 0.529 0.578 0.655 0.266 -0.409 0.512 -0.599 0.967 0.237 -0.021 -0.681 -0.610 -0.981 0.271 -0.809 0.983 -0.824
-0.784 -0.718 0.262 -0.517 0.755 0.501 0.159 -0.626 -0.146 0.590 0.077 -0.564 0.938 -0.659 0.241 -0.218 -0.088 -0.676 -0.495 -0.831 0.059 -0.154 -0.460 0.542
0.097 0.613 -0.554 0.797 -0.664 0.645 0.442 0.036 0.438 0.696 -0.420 0.046 0.907 0.196 0.008 -0.453 0.799 0.434 -0.897 -0.357 -0.905 -0.132 0.177 0.030
-0.914 0.789 -0.757 0.765 0.904 -0.472 0.462 0.503 0.665 0.317 0.806 -0.168 -0.837 -0.888 0.956 0.971 -0.718 0.906 -0.656 -0.183 -0.402 0.719 0.233 -0.173
-0.426 0.845 0.439 -0.795 -0.330 -0.979 -0.856 -0.300 0.957 0.666 -0.508 -0.060 0.220 0.914 0.982 0.147 -0.917 0.363 0.309 -0.146 0.504 0.419 -0.717 0.101
0.712 -0.322 0.966 0.100 0.222 0.679 0.965 0.789 0.944 0.342 0.219 -0.440 -0.526 -0.590 0.159 -0.997 -0.392 0.403 0.185 -0.763 -0.246 -0.647 -0.552 -0.483
-0.292 -0.095 0.497 -0.091 0.768 -0.340 -0.829 0.656 0.159 0.647 0.658 -0.407 -0.876 0.744 -0.849 -0.629 0.457 -0.197 -0.941 0.225 0.142 0.030 0.653 0.354
-0.240 0.672 0.962 -0.744 -0.095 -0.092 0.159 0.856 0.187 0.749 -0.943 -0.365 0.797 0.121 -0.555 -0.829 -0.008 -0.616 -0.655 0.313 -0.901 -0.176 0.160 -0.593
0.596 0.884 -0.280 0.160 -0.602 -0.401 -0.309 -0.218 0.581 -0.222 -0.643 -0.098 0.438 0.458 0.472 -0.003 0.218 0.428 -0.685 -0.786 -0.739 0.777 -0.984 -0.562
0.006 -0.725 0.155 0.857 0.391 -0.491 -0.490 0.030 0.683 0.090 -0.275 0.334 -0.080 0.796 0.051 0.736 0.700 -0.041 -0.299 0.895 0.535 -0.572 -0.127 0.530
-0.604 0.450 -0.139 -0.660 -0.325 -0.187 -0.901 -0.193 -0.940 -0.007 -0.703 0.486 -0.809 0.109 -0.232 0.465 -0.715 -0.575 0.568 -0.386 -0.920 0.309 -0.722 0.945
0.729 -0.888 0.555 0.022 0.239 -0.852 -0.853 -0.431 -0.771 -0.494 0.378 0.220 0.064 0.893 -0.515 -0.262 0.545 0.940 0.206 0.529 -0.901 -0.557 -0.744 -0.008
0.383 0.681 0.499 0.161 -0.398 -0.618 0.368 0.601 0.076 -0.582 -0.793 0.410 0.354 0.761 -0.946 0.714 -0.437 -0.183 -0.336 0.502 -0.166 -0.032 0.615 0.831
0.050 0.330 0.399 -0.322 0.138 0.252 -0.294 -0.015 -0.816 -0.591 -0.077 0.316 0.535 -0.051 -0.068 0.861 0.166 0.529 -0.405 0.497 -0.290 0.022 0.888 0.660
-0.543 0.095 0.641 -0.521 0.755 0.204 0.178 -0.720 0.949 -0.127 -0.846 0.574 -0.210 0.218 0.463 0.612 0.308 0.604 0.833 -0.651 -0.142 0.343 0.286 -0.270
-0.026 -0.244 -0.530 -0.171 -0.492 -0.861 -0.924 0.030 0.532 0.884 -0.939 0.098 -0.104 0.175 -0.570 -0.556 0.158 -0.439 -0.201 0.787 -0.175 0.768 -0.075 0.908
0.849 0.193 0.851 -0.768 -0.921 -0.403 0.185 0.086 -0.089 -0.314 0.486 -0.090 0.719 -0.876 0.300 0.370 0.658 -0.828 -0.040 -0.856 -0.907 -0.800 -0.457 -0.498
-0.051 -0.367 0.780 0.161 0.827 -0.982 -0.329 -0.512 0.871 -0.159 -0.697 0.822 0.184 -0.772 -0.535 -0.629 0.308 -0.736 -0.378 0.993 -0.202 -0.827 -0.634 0.900
0.434 0.674 0.788 0.947 -0.219 0.517 -0.395 0.262 -0.890 0.910 -0.350 -0.170 0.176 0.510 0.744 -0.400 -0.768 0.674 -0.684 -0.693 -0.841 -0.506 0.166 -0.555
0.336 0.788 -0.421 0.885 -0.648 0.000 0.464 -0.940 0.432 -0.896 0.102 -0.996 0.553 0.494 -0.154 -0.716 0.274 0.639 0.236 0.096 0.201 -0.459 0.171 0.493
-0.489 0.246 0.389 0.681 -0.063 -0.270 0.597 0.563 -0.158 -0.022 -0.292 0.923 0.621 0.406 -0.790 0.474 -0.296 0.430 0.661 0.471 -0.403 -0.635 -0.457 0.472
0.902 0.447 0.667 0.468 -0.412 -0.261 0.453 0.655 -0.957 -0.289 0.264 -0.483 -0.340 -0.875 0.832 0.549 0.977 -0.667 0.299 0.666 0.466 -0.596 0.354 -0.514
-0.156 -0.109 -0.321 -0.878 -0.618 0.571 0.961 0.426 -0.098 -0.740 -0.232 0.795 0.600 0.825 -0.636 0.919 0.052 0.945 -0.237 0.347 -0.546 -0.095 -0.383 0.971
0.890 0.134 -0.191 -0.879 0.408 0.660 -0.334 -0.282 0.263 0.928 0.112 -0.370 0.556 0.847 -0.919 0.152 -0.054 0.140 0.005 0.580 -0.962 -0.807 0.923 -0.070
0.429 0.825 0.570 0.328 0.710 -0.816 -0.064 -0.152 -0.432 -0.122 -0.209 -0.896 -0.342 -0.138 -0.059 -0.046 0.329 -0.677 0.513 -0.103 0.097 -0.947 -0.060 -0.607
0.216 -0.913 -0.369 -0.087 -0.024 0.882 0.671 -0.499 -0.892 -0.796 -0.395 -0.068 -0.705 0.634 0.480 0.733 0.434 0.579 -0.887 -0.061 0.404 0.902 0.582 0.955
0.563 -0.574 -0.821 0.900 0.031 -0.638 0.615 0.184 0.539 0.383 0.005 -0.172 0.688 -0.477 -0.650 0.200 0.781 -0.397 0.470 -0.851 0.415 0.956 -0.540 -0.434
0.320 0.415 0.247 -0.837 0.433 -0.123 -0.747 0.455 -0.057 0.707 0.195 0.520 -0.924 0.100 0.353 0.326 0.468 0.222 0.363 0.158 0.538 0.327 -0.510 -0.757
0.751 0.396 0.223 -0.749 0.758 0.552 -0.140 -0.051 0.633 -0.575 -0.967 0.714 0.364 -0.975 -0.872 -0.555 0.183 0.744 0.087 0.826 0.129 0.708 -0.974 -0.542
0.277 -0.311 -0.778 0.073 -0.566 0.060 -0.403 -0.435 0.284 0.077 -0.865 -0.963 0.213 -0.413 0.574 -0.262 -0.891 0.632 0.241 0.776 -0.338 0.983 -0.524 0.721
-0.654 0.139 0.145 0.459 0.281 -0.420 0.975 0.726 0.333 -0.983 0.496 -0.166 -0.177 0.557 -0.668 -0.615 -0.004 0.955 -0.412 -0.636 -0.693 0.560 0.356 -0.485
-0.132 0.361 0.922 0.756 0.065 0.001 0.901 -0.126 -0.692 0.419 0.570 0.692 0.339 0.788 -0.117 0.232 0.789 0.454 -0.601 0.480 -0.832 0.217 -0.191 -0.191
0.228 0.913 0.849 0.882 -0.765 0.296 -0.757 -0.987 -0.006 -0.272 -0.569 -0.295 0.053 -0.530 0.721 -0.977 0.976 0.048 0.854 0.852 0.181 0.669 -0.549 0.971
0.067 0.279 0.180 0.088 -0.837 0.793 -0.642 -0.467 0.555 -0.889 0.123 0.404 0.017 0.919 -0.510 -0.641 -0.863 -0.949 0.324 -0.260 0.166 -0.638 0.899 -0.850
-0.936 0.740 0.835 -0.406 0.749 0.067 0.082 -0.926 0.692 -0.442 -0.227 0.681 -0.067 0.731 -0.685 -0.861 0.300 -0.371 0.146 -0.938 -0.698 0.192 -0.352 -0.074
-0.080 -0.520 -0.158 0.778 -0.023 0.639 0.324 0.599 -0.922 -0.547 -0.596 -0.141 0.640 0.276 0.247 0.637 0.453 -0.955 -0.757 -0.719 -0.016 0.345 -0.134 0.395
0.826 0.515 -0.247 -0.213 -0.673 0.777 -0.241 0.635 0.305 0.119 -0.318 -0.735 -0.028 -0.738 0.319 -0.262 0.285 0.652 0.572 -0.166 -0.785 -0.222 0.908 0.409
0.999 -0.343 0.695 -0.516 0.215 -0.423 -0.653 0.072 -0.371 0.376 -0.576 0.959 -0.080 -0.554 0.531 0.449 -0.954 0.755 -0.756 0.528 -0.566 -0.499 0.480 -0.025
-0.049 0.740 0.576 0.412 -0.788 0.844 0.974 -0.215 -0.270 -0.101 0.889 0.305 0.687 -0.739 0.642 0.382 0.599 0.552 0.997 0.935 -0.483 0.344 -0.540 -0.932
0.845 0.189 0.231 -0.096 0.181 -0.508 -0.305 -0.169 0.307 0.480 0.938 0.057 -0.103 0.362 -0.329 0.451 0.782 -0.485 -0.874 0.897 0.340 -0.497 -0.592 -0.711
0.264 0.987 -0.692 0.992 -0.959 0.532 -0.085 -0.285 0.605 0.418 -0.264 0.237 -0.807 0.456 -0.861 0.389 -0.440 -0.300 -0.205 -0.000 -0.837 0.069 0.557 -0.921
-0.449 -0.237 -0.294 0.664 0.182 0.641 -0.375 -0.636 0.748 0.417 0.936 -0.123 -0.703 -0.206 0.395 0.293 -0.534 -0.717 0.851 -0.449 -0.757 -0.241 -0.360 0.919
0.024 0.891 -0.777 -0.448 -0.518 -0.750 -0.144 0.609 -0.148 -0.431 -0.679 -0.591 0.800 -0.241 -0.740 -0.344 -0.019 0.291 0.390 0.257 0.981 -0.934 0.511 0.194
0.097 0.711 0.129 0.961 0.201 -0.688 0.123 -0.233 -0.955 0.901 0.484 0.922 0.395 -0.354 0.230 -0.566 -0.015 0.077 -0.021 -0.603 -0.735 0.211 0.057 0.672
-0.050 -0.217 -0.932 0.550 -0.778 -0.226 -0.477 -0.837 0.385 0.870 -0.804 -0.629 -0.396 0.978 -0.724 0.827 -0.231 0.188 -0.761 0.004 0.486 -0.553 -0.828 0.887
-0.774 -0.871 0.516 0.020 0.377 0.509 -0.884 -0.042 0.764 -0.545 -0.006 -0.525 -0.058 0.496 -0.300 -0.991 0.223 -0.457 0.798 -0.808 -0.481 0.904 -0.553 0.978
0.676 -0.088 -0.743 0.752 -0.241 0.561 0.644 -0.337 -0.250 0.366 -0.435 0.213 -0.139 0.548 0.953 -0.430 -0.239 0.073 -0.768 0.974 -0.513 0.430 0.995 -0.443
0.771 -0.687 0.255 0.944 0.595 0.275 0.633 -0.568 0.755 0.332 -0.464 0.944 -0.621 -0.559 0.480 0.753 -0.171 0.048 0.899 0.655 -0.403 0.398 -0.943 -0.953
0.811 0.101 0.281 0.520 -0.298 0.374 -0.750 0.229 -0.405 -0.445 0.414 -0.443 -0.992 0.635 -0.663 0.666 0.276 0.550 0.756 -0.289 -0.195 0.873 -0.763 -0.304
0.559 -0.785 -0.686 0.986 -0.343 -0.755 -0.349 -0.767 -0.765 -0.246 0.103 0.459 -0.082 0.659 0.941 -0.259 -0.074 -0.946 -0.170 0.823 -0.478 -0.082 -0.266 0.827
-0.355 -0.433 0.050 -0.238 0.472 0.267 -0.686 0.200 0.636 0.797 0.499 0.194 -0.075 0.870 -0.065 -0.703 -0.437 0.962 -0.845 -0.797 -0.663 -0.366 -0.740 -0.503
0.028 -0.074 0.979 0.051 -0.602 0.011 -0.656 0.601 0.810 0.192 -0.616 0.695 0.375 -0.587 0.831 0.309 0.632 0.169 -0.878 0.235 -0.170 -0.492 0.730 -0.385
-0.870 0.005 -0.152 -0.443 0.776 0.442 -0.759 -0.207 -0.182 -0.157 0.208 0.149 0.667 -0.138 0.289 -0.964 -0.706 0.550 -0.773 0.999 -0.587 -0.959 -0.071 0.036
0.434 0.397 -0.782 0.797 0.489 0.747 -0.715 -0.292 -0.048 0.436 -0.903 -0.560 -0.336 -0.488 -0.993 0.518 -0.379 0.902 -0.358 0.968 0.186 -0.643 0.330 -0.341
-0.170 0.908 0.382 -0.130 -0.807 0.953 0.800 0.077 0.833 0.552 0.272 -0.994 -0.698 0.007 0.557 0.654 -0.255 -0.833 -0.695 0.053 -0.071 0.730 0.040 -0.280
0.550 -0.601 0.350 0.927 -0.203 0.742 -0.915 -0.532 0.686 0.989 -0.313 0.218 0.075 0.837 0.982 -0.287 0.287 0.397 0.159 0.675 0.232 0.446 0.410 0.108
-0.486 0.806 -0.792 0.725 0.276 -0.898 0.061 -0.658 -0.884 -0.683 -0.570 -0.364 -0.797 -0.439 -0.429 -0.313 0.365 -0.459 -0.197 -0.118 -0.487 0.579 -0.955 0.671
-0.214 0.132 -0.691 0.584 0.190 0.636 -0.503 0.827 0.561 -0.789 -0.527 -0.614 0.836 0.435 -0.708 0.365 -0.332 0.129 -0.982 0.149 0.530 -0.212 0.109 0.635
-0.093 -0.252 0.161 0.068 0.721 0.928 -0.081 0.948 0.270 0.649 -0.153 -0.118 0.322 -0.121 0.726 0.558 -0.262 -0.361 0.058 -0.303 0.198 0.214 0.737 -0.535
-0.599 0.650 0.038 0.841 -0.496 0.274 -0.117 -0.659 -0.956 0.244 0.368 0.238 0.237 0.317 0.546 0.971 0.542 0.921 0.791 0.707 0.902 -0.843 0.953 0.123
-0.564 0.552 -0.955 -0.712 0.675 0.322 0.109 0.933 0.032 -0.353 -0.008 -0.260 0.489 0.539 -0.469 -0.962 0.890 0.562 -0.890 -0.574 0.609 -0.407 0.029 -0.287
0.128 -0.922 -0.964 0.393 0.610 0.771 -0.484 0.186 0.883 0.726 0.469 0.852 -0.429 0.831 -0.041 -0.393 -0.478 0.092 -0.683 -0.401 0.914 -0.785 -0.490 -0.852
0.301 0.656 0.827 -0.649 -0.008 -0.359 -0.745 -0.069 0.616 -0.320 0.053 0.344 0.728 -0.645 -0.919 -0.446 -0.557 -0.973 -0.825 0.868 -0.299 -0.929 0.594 -0.707
0.618 -0.653 -0.743 -0.745 -0.252 0.142 0.376 0.805 0.673 -0.226 0.908 0.349 -0.184 0.807 0.249 -0.092 -0.702 0.969 -0.409 0.560 0.188 0.124 0.835 0.219
0.257 -0.366 0.487 0.915 0.471 0.375 -0.776 0.527 -0.031 -0.171 -0.784 0.939 -0.393 0.797 0.513 0.471 -0.104 0.101 -0.527 -0.037 0.131 0.270 -0.421 0.016
0.468 -0.190 -0.806 0.589 -0.299 0.067 -0.098 0.236 0.022 0.608 0.991 -0.767 -0.900 -0.712 0.695 -0.622 -0.947 0.553 -0.325 -0.691 -0.559 0.273 -0.357 0.018
-0.636 -0.421 -0.665 -0.179 -0.730 -0.230 0.654 -0.709 -0.894 0.257 0.357 -0.081 -0.097 -0.763 -0.061 -0.320 0.767 -0.796 0.430 -0.762 0.060 -0.290 0.357 0.927
-0.602 0.170 -0.425 0.299 -0.032 0.908 -0.577 -0.049 -0.853 0.663 0.054 -0.899 0.116 0.708 0.486 -0.300 -0.925 0.500 -0.414 -0.271 -0.491 0.938 0.863 -0.683
0.020 0.467 -0.415 -0.133 0.710 -0.541 -0.610 0.711 0.409 0.138 -0.083 0.384 0.881 -0.519 0.923 -0.630 0.476 -0.018 -0.068 -0.207 0.245 0.890 0.506 -0.856
0.190 -0.730 0.119 -0.582 0.667 -0.534 -0.595 0.038 -0.228 0.895 -0.309 -0.077 0.725 0.536 0.917 0.826 0.696 0.386 -0.663 0.405 0.010 -0.537 0.848 -0.102
-0.069 -0.873 0.938 -0.676 0.623 0.194 -0.824 -0.751 0.694 0.188 -0.176 0.150 -0.496 0.286 -0.906 0.196 0.197 -0.636 0.568 0.395 0.418 0.871 0.491 -0.830
0.415 0.557 -0.380 -0.239 0.214 -0.625 -0.635 -0.684 0.512 -0.036 0.690 -0.509 -0.253 0.922 0.099 0.108 0.120 -0.772 0.162 0.899 0.464 0.144 0.471 -0.957
0.113 0.312 0.676 0.411 -0.624 -0.104 0.523 -0.714 0.346 -0.582 0.190 0.654 -0.925 0.582 0.009 -0.640 -0.453 -0.764 -0.516 0.475 -0.306 0.187 -0.901 -0.174
-0.199 0.144 0.955 -0.144 0.306 0.295 0.320 0.009 0.517 0.676 0.589 -0.419 -0.975 -0.924 0.885 -0.410 0.909 0.668 -0.834 -0.506 0.352 0.561 -0.757 0.069
-0.759 -0.499 -0.579 -0.529 0.605 0.032 -0.611 -0.889 -0.592 0.744 -0.380 -0.141 0.556 0.444 0.995 -0.095 0.743 -0.336 0.592 0.249 0.875 0.504 -0.669 0.509
-0.042 -0.661 0.575 -0.393 -0.067 -0.646 0.270 0.071 -0.037 0.700 -0.514 -0.228 0.023 -0.517 -0.396 0.615 -0.280 0.612 -0.281 0.088 0.377 0.787 -0.084 0.006
0.380 -0.762 0.933 0.103 0.161 0.764 -0.490 0.594 0.616 0.321 0.169 -0.139 0.167 0.591 -0.173 -0.708 -0.998 -0.070 0.261 0.429 0.421 0.709 0.582 0.023
-0.890 0.376 -0.084 -0.195 -0.962 -0.961 0.106 0.589 0.516 0.469 0.750 0.290 0.455 -0.738 -0.722 -0.084 0.382 -0.032 0.261 -0.331 0.882 0.210 -0.332 0.907
-0.605 -0.764 -0.429 -0.323 0.716 0.932 -0.535 0.842 0.115 -0.212 -0.987 0.963 0.160 -0.387 0.084 -0.878 0.333 0.562 -0.083 -0.996 -0.376 -0.637 -0.609 0.668
0.911 -0.290 -0.109 -0.879 0.946 -0.636 -0.321 -0.020 0.771 0.521 -0.165 0.875 -0.062 -0.952 -0.407 0.523 -0.270 -0.305 0.087 -0.808 0.845 0.313 0.628 -0.671
-0.891 -0.057 -0.447 0.664 -0.853 -0.993 -0.188 -0.443 -0.003 -0.297 -0.695 0.584 0.661 -0.121 -0.239 -0.817 0.220 -0.940 0.128 0.688 -0.109 0.881 0.025 -0.925
-0.829 0.859 -0.332 0.160 0.866 0.241 -0.177 0.611 0.764 -0.568 -0.917 0.645 -0.838 -0.911 0.322 0.516 -0.294 0.343 -0.613 0.965 -0.641 0.061 -0.617 0.577
-0.042 0.608 -0.241 0.892 0.448 -0.674 -0.728 0.359 -0.133 0.954 0.296 0.152 -0.854 -0.636 -0.718 0.838 0.448 -0.217 0.262 -0.091 0.823 -0.673 0.886 0.995
0.634 -0.589 0.524 -0.593 0.572 0.811 0.853 -0.533 -0.283 -0.272 -0.318 -0.169 -0.851 -0.554 0.101 -0.464 0.596 -0.876 -0.022 0.527 0.441 0.222 -0.949 -0.823
0.078 0.984 0.694 -0.219 -0.174 -0.159 0.863 0.841 -0.025 0.527 -0.581 0.211 0.788 -0.073 0.114 0.812 -0.922 -0.057 -0.395 -0.870 0.703 -0.273 0.639 -0.246
-0.954 -0.945 -0.877 -0.746 0.399 -0.795 0.506 0.473 0.638 0.780 -0.901 -0.625 -0.443 -0.247 -0.854 0.973 0.695 0.830 -0.768 0.825 0.004 0.857 -0.143 -0.340
-0.378 -0.346 -0.287 0.828 0.883 0.838 0.468 -0.052 -0.349 -0.332 0.629 -0.393 0.908 0.933 0.813 0.445 0.407 0.469 -0.918 -0.174 0.563 0.039 0.378 0.199
-0.759 -0.884 0.826 -0.185 0.563 0.948 0.191 -0.697 -0.572 -0.328 -0.716 -0.726 -0.129 -0.145 -0.785 -0.363 0.952 -0.096 -0.783 0.857 -0.865 0.365 0.675 -0.065
-0.025 0.959 0.151 -0.995 0.695 0.040 0.447 -0.534 0.800 -0.519 -0.016 -0.796 0.912 0.458 -0.414 0.770 0.359 -0.058 -0.883 0.605 -0.576 0.827 0.175 0.046
-0.406 -0.695 -0.278 -0.853 0.491 -0.852 -0.439 0.966 0.608 0.189 0.990 -0.848 0.399 -0.867 -0.887 0.875 -0.087 0.654 -0.558 -0.627 0.973 -0.980 -0.972 -0.279
-0.078 -0.667 0.066 -0.437 -0.028 0.152 0.094 -0.688 0.409 -0.265 0.402 0.180 -0.818 -0.001 -0.633 -0.544 -0.332 0.012 -0.736 -0.256 -0.797 -0.853 0.846 -0.461
-0.012 -0.858 0.221 -0.425 0.507 -0.066 0.434 -0.944 -0.392 0.283 0.786 0.554 -0.197 0.216 -0.369 0.194 -0.585 0.267 -0.489 0.167 0.084 -0.748 -0.167 -0.053
-0.051 0.278 -0.775 0.672 -0.521 -0.518 0.457 0.993 0.367 0.332 -0.276 -0.643 0.490 0.769 -0.149 -0.125 0.586 -0.213 -0.796 -0.307 -0.695 0.014 -0.114 0.259
-0.766 -0.853 0.566 0.709 -0.903 -0.883 -0.057 0.166 0.707 -0.641 -0.634 -0.863 0.364 0.824 0.166 -0.394 0.515 -0.390 0.641 0.043 0.033 -0.444 -0.513 -0.328
-0.121 0.856 -0.969 0.017 0.770 -0.950 -0.648 -0.344 -0.038 -0.860 0.494 -0.797 -0.475 -0.394 0.174 0.097 -0.967 0.594 -0.768 -0.695 -0.023 0.911 -0.270 0.883
-0.895 0.998 0.478 0.221 0.480 0.798 0.430 -0.308 0.993 0.464 0.164 0.009 -0.196 0.790 -0.487 -0.530 0.428 -0.425 -0.370 -0.258 -0.136 0.497 0.644 0.985
0.719 0.281 0.997 0.739 0.477 -0.842 -0.314 -0.880 -0.260 -0.604 0.787 0.555 0.789 0.262 -0.630 -0.019 -0.628 -0.622 -0.940 0.126 -0.405 0.791 0.621 0.577
-0.036 -0.454 0.920 0.490 -0.893 -0.485 0.972 0.620 0.375 0.617 -0.013 -0.196 -0.111 -0.071 0.993 -0.692 -0.450 0.497 0.721 -0.237 -0.992 0.778 0.343 0.428
-0.882 0.918 0.726 -0.217 0.330 -0.523 -0.357 -0.274 0.179 -0.711 -0.900 0.494 0.413 -0.274 -0.665 -0.205 0.840 0.882 -0.054 0.184 0.213 0.051 -0.595 -0.958
-0.731 -0.418 -0.489 -0.453 -0.372 -0.095 0.609 -0.672 0.774 0.804 0.819 0.812 0.374 0.420 0.142 0.301 -0.359 0.954 0.562 -0.079 -0.794 0.321 0.488 -0.908
0.485 -0.053 -0.206 -0.990 -0.974 0.100 0.740 0.155 0.515 -0.957 0.010 -0.047 -0.974 0.298 -0.424 0.519 -0.280 -0.307 0.269 0.498 0.095 0.691 0.003 -0.751
-0.700 0.392 0.535 0.124 -0.775 -0.132 0.146 -0.283 0.679 0.639 0.460 0.106 -0.084 0.848 0.855 0.988 0.368 -0.537 0.589 0.131 0.534 -0.610 0.643 0.020
0.507 0.972 0.359 0.691 -0.281 0.273 -0.578 -0.113 -0.454 -0.938 0.099 -0.349 -0.553 -0.080 0.393 0.728 -0.032 -0.425 0.016 0.462 0.591 0.541 -0.003 0.208
0.881 -0.736 -0.522 -0.456 0.476 -0.207 -0.638 0.048 -0.110 0.785 -0.660 -0.408 0.707 0.624 -0.933 0.567 0.939 0.251 0.337 0.635 0.374 0.129 -0.758 0.057
-0.716 0.811 -0.037 0.112 -0.291 0.882 0.688 0.110 1.000 -0.388 -0.635 0.405 -0.162 0.746 -0.469 0.138 0.033 -0.239 0.612 -0.006 0.830 0.252 -0.838 -0.966
-0.259 -0.513 -0.368 -0.600 -0.921 -0.193 -0.219 -0.669 0.767 -0.632 0.560 -0.389 -0.176 -0.700 0.992 0.762 0.659 0.956 0.647 0.567 0.058 0.913 0.678 0.770
0.151 -0.084 -0.453 -0.609 0.014 0.548 -0.751 -0.275 0.897 0.134 -0.495 -0.744 -0.682 0.400 -0.721 -0.710 0.223 -0.567 0.845 0.382 -0.984 0.543 -0.214 -0.391
0.075 0.154 -0.857 -0.064 -0.561 -0.740 -0.520 -0.271 0.049 0.120 -0.651 0.207 0.143 0.416 -0.770 -0.281 -0.554 0.289 -0.748 0.278 0.689 0.985 -0.367 -0.630
0.795 -0.345 -0.115 -0.012 -0.672 -0.503 -0.448 0.577 -0.671 -0.022 0.696 0.838 0.541 -0.958 0.651 0.590 0.525 0.037 0.495 -0.672 0.476 -0.424 0.954 -0.129
-0.296 -0.999 -0.552 -0.155 0.760 1.000 0.440 0.590 -0.378 -0.883 0.285 0.549 -0.930 -0.997 -0.143 -0.623 0.864 0.822 -0.883 0.169 -0.009 0.781 0.536 0.697
-0.905 -0.799 0.653 0.707 0.927 -0.914 0.741 -0.979 0.292 0.030 0.983 0.563 -0.927 0.283 -0.934 0.127 0.978 0.455 -0.712 -0.110 -0.853 -0.300 -0.953 0.562
0.212 -0.580 -0.477 -0.718 0.655 0.111 -0.814 -0.035 0.808 -0.356 0.748 0.262 0.482 -0.822 -0.247 -0.668 0.898 0.621 0.726 -0.978 0.205 0.809 0.049 -0.892
0.026 0.675 -0.458 -0.185 0.528 -0.379 -0.581 0.894 0.582 -0.135 -0.486 -0.114 -0.328 -0.153 0.744 -0.347 0.982 0.790 0.960 0.197 0.233 -0.386 -0.286 0.270
-0.349 -0.463 0.110 0.513 -0.933 0.944 0.124 0.130 0.417 -0.290 -0.612 0.267 -0.471 0.741 -0.751 -0.398 -0.426 -0.697 -0.325 -0.400 0.795 -0.870 -0.601 -0.334
0.177 -0.761 -0.121 0.607 0.415 -0.652 -0.627 0.628 0.076 -0.624 -0.849 -0.958 -0.399 0.608 -0.759 -0.258 0.836 -0.347 -0.206 -0.503 0.995 0.677 -0.912 0.141
-0.023 -0.739 0.979 -0.294 0.451 -0.588 -0.904 -0.203 0.089 0.870 -0.465 0.337 0.685 0.742 0.198 0.235 0.292 -0.635 -0.752 -0.456 -0.759 -0.302 0.592 0.876
-0.990 -0.411 -0.408 -0.372 0.092 0.058 0.421 -0.201 -0.476 0.642 0.595 0.288 -0.148 0.720 0.388 0.952 -0.805 0.957 -0.972 -0.849 -0.058 -0.080 -0.372 -0.164
0.175 -0.648 -0.313 0.825 -0.709 -0.621 0.247 0.317 -0.783 0.600 -0.656 0.230 -0.005 0.989 0.419 0.494 0.479 0.887 -0.110 0.007 0.716 -0.583 0.199 0.782
0.298 0.879 -0.305 0.830 0.232 -0.748 -0.149 0.964 -0.160 -0.492 -0.486 -0.788 0.460 0.772 -0.187 0.780 0.784 -0.940 -0.882 0.434 0.776 0.144 0.292 -0.273
-0.366 0.071 -0.945 -0.544 0.888 -0.882 0.932 -0.530 -0.569 -0.005 0.020 -0.091 -0.202 0.108 -0.846 0.802 -0.151 -0.624 0.067 -0.487 -0.132 0.292 0.090 0.812
0.414 0.740 -0.993 -0.267 0.961 -0.111 -0.691 -0.460 -0.352 0.722 -0.734 0.605 0.083 -0.007 -0.706 0.941 0.440 -0.422 -0.243 0.267 0.207 0.423 -0.900 -0.968
0.646 -0.512 0.285 0.802 -0.585 0.734 0.060 -0.375 0.241 -0.884 0.032 -0.992 -0.592 -0.279 -0.666 -0.888 0.191 0.271 0.904 0.514 0.813 0.089 0.755 -0.657
0.500 0.449 0.383 0.397 -0.210 0.202 -0.428 0.003 0.060 -0.054 -0.305 0.551 0.574 0.423 -0.379 -0.875 0.397 -0.970 -0.144 -0.682 0.113 -0.599 -0.756 -0.158
-0.541 -0.708 -0.326 -0.688 0.639 0.190 0.323 -0.993 -0.851 0.753 -0.549 0.355 0.508 -0.966 -0.471 -0.856 -0.177 -0.788 -0.102 -0.317 -0.062 0.881 -0.609 0.772
0.236 0.555 0.240 -0.891 0.617 -0.661 -0.304 0.537 -0.667 -0.336 0.820 0.036 0.871 0.707 0.954 0.028 -0.759 -0.903 -0.279 -0.364 -0.994 -0.238 -0.579 -0.240
0.798 0.285 -0.656 -0.183 -0.205 -0.353 0.863 0.199 0.802 -0.507 0.781 0.233 0.297 -0.842 0.810 -0.225 -0.163 -0.315 -0.168 -0.027 0.533 0.618 -0.415 0.729
-0.087 -0.148 -0.351 0.780 0.749 0.014 -0.626 0.367 0.426 -0.163 -0.101 -0.625 0.683 -0.978 0.080 0.805 -0.901 -0.684 0.923 0.029 0.515 -0.756 -0.140 -0.052
-0.656 0.651 -0.181 -0.312 -0.187 -0.343 0.425 0.882 -0.050 0.679 0.554 0.819 -0.106 0.932 0.472 0.349 -0.546 -0.356 -0.900 0.862 0.336 0.521 -0.934 -0.772
-0.639 0.252 -0.856 -0.173 0.555 -0.594 0.872 -0.745 -0.908 0.491 0.657 -0.614 0.965 -0.376 -0.666 -0.685 0.208 0.382 0.252 -0.118 -0.574 0.227 -0.235 -0.540
0.910 0.890 -0.970 0.130 -0.415 -0.576 0.963 0.497 0.873 0.192 0.345 -0.726 0.807 -0.169 0.270 0.317 -0.045 -0.395 -0.472 -0.393 -0.260 0.177 0.712 0.432
-0.119 0.170 0.206 -0.941 0.622 -0.697 -0.851 -0.324 -0.573 0.978 0.471 0.310 -0.894 -0.524 0.064 0.971 -0.169 0.352 -0.189 -0.657 0.435 -0.011 -0.159 -0.125
0.970 -0.519 -0.951 -0.222 0.938 0.353 -0.896 0.712 0.271 -0.400 0.967 -0.669 0.044 0.231 -0.455 0.345 -0.324 -0.608 -0.800 -0.750 -0.996 -0.289 -0.519 0.113
-0.014 -0.383 0.958 -0.828 0.968 -0.085 -0.977 0.787 0.963 0.987 0.664 0.499 -0.126 0.413 -0.821 0.173 0.986 0.059 -0.220 0.956 0.233 0.227 -0.511 0.865
-0.501 0.485 -0.690 0.909 -0.869 0.296 0.843 -0.148 0.139 0.776 -0.899 -0.876 -0.217 -0.115 0.196 0.577 -0.871 0.307 0.615 0.140 0.067 0.310 -0.114 0.424
0.966 0.129 0.210 0.628 0.256 -0.518 -0.072 -0.153 -0.606 0.882 -0.357 -0.861 -0.517 -0.333 -0.462 0.091 -0.446 -0.381 0.631 -0.210 0.269 0.373 0.691 -0.036
-0.351 -0.253 -0.494 -0.124 -0.360 0.708 -0.847 0.091 -0.269 -0.506 -0.155 -0.138 0.683 0.080 0.028 0.034 -0.691 0.655 0.608 -0.215 0.841 -0.688 0.501 -0.140
-0.300 -0.230 0.311 -0.927 0.243 0.109 -0.182 -0.053 0.613 -0.811 -0.868 0.870 0.355 -0.833 -0.514 -0.995 0.605 -0.908 -0.227 0.484 -0.432 0.814 -0.697 0.533
-0.584 0.977 -0.311 0.675 -0.514 -0.576 0.677 -0.998 0.782 -0.273 -0.248 0.456 -0.762 -0.811 0.875 0.403 0.130 0.265 -0.508 -0.900 -0.750 -0.970 -0.229 -0.111
-0.286 -0.747 -0.778 -0.482 0.275 -0.849 -0.256 -0.463 0.637 -0.975 0.203 -0.124 -0.333 -0.515 0.960 0.821 0.509 -0.663 0.599 0.812 0.547 0.591 -0.672 -0.770
-0.379 -0.781 0.317 -0.544 -0.683 -0.267 -0.052 -0.900 0.407 -0.884 -0.256 0.178 0.045 -0.598 -0.793 -0.215 -0.434 0.615 -0.258 0.591 0.538 0.953 0.359 -0.102
0.206 0.909 -0.927 0.814 -0.058 0.693 -0.961 -0.749 -0.742 -0.009 -0.467 -0.562 -0.709 0.783 0.477 0.551 -0.697 0.480 -0.308 -0.816 -0.904 -0.203 -0.639 -0.267
-0.744 0.159 -0.270 -0.692 0.416 -0.562 -0.343 0.908 -0.991 0.749 0.032 -0.414 -0.749 -0.614 -0.790 0.205 -0.356 -0.614 0.954 0.797 0.511 -0.616 0.796 -0.872
-0.671 0.996 0.010 -0.772 0.967 -0.158 0.649 0.193 -0.281 -0.489 0.666 0.670 -0.326 0.193 0.674 0.349 -0.706 -0.790 0.297 -0.315 -0.272 -0.805 0.701 -0.333
0.864 0.968 -0.038 0.632 0.432 0.965 0.889 0.220 -0.914 -0.369 0.623 -0.176 -0.784 0.374 0.881 -0.123 -0.941 -0.331 -0.143 -0.547 0.793 0.811 0.531 -0.031
-0.732 -0.687 0.984 -0.416 0.675 -0.456 0.201 0.233 0.934 0.148 -0.614 0.932 -0.722 -0.987 0.141 -0.134 0.983 -0.790 0.045 -0.506 -0.813 -0.571 -0.000 0.217
-0.528 -0.698 -0.045 0.367 -0.442 0.944 0.165 0.083 -0.643 0.986 0.304 0.216 0.387 -0.690 0.863 -0.419 0.260 0.808 0.644 -0.415 -0.318 0.470 -0.752 0.095
0.852 -0.241 0.593 0.503 0.184 -0.512 0.031 0.040 -0.619 -0.184 0.637 -0.457 -0.722 0.621 0.328 -0.129 0.688 0.731 0.872 -0.890 -0.180 0.652 0.461 0.135
-0.682 0.258 -0.976 0.871 -0.106 -0.864 -0.097 0.925 0.274 -0.841 -0.068 0.038 -0.667 0.211 -0.936 0.179 0.946 0.554 0.103 -0.066 -0.257 -0.395 0.626 0.757
0.944 0.123 -0.300 0.080 0.322 0.469 -0.508 -0.249 -0.406 -0.649 0.769 -0.774 -0.892 -0.786 -0.646 0.588 0.763 -0.343 -0.279 -0.013 0.282 0.259 0.986 -0.780
-0.849 0.120 -0.321 0.375 0.593 -0.870 0.323 -0.119 0.650 0.281 -0.204 -0.015 0.392 -0.775 -0.174 0.223 -0.712 0.908 0.991 0.989 0.123 -0.805 -0.096 -0.640
0.814 0.560 0.329 0.512 -0.194 -0.236 0.281 0.082 -0.995 0.241 0.050 0.261 0.177 -0.183 -0.098 0.264 0.158 0.437 0.459 -0.916 0.947 -0.041 0.779 0.383
-0.277 -0.173 -0.446 -0.041 -0.966 0.814 -0.232 0.203 -0.571 0.502 0.288 -0.648 0.305 0.461 0.092 0.310 -0.106 0.538 0.231 -0.436 -0.850 -0.947 -0.301 0.561
0.532 0.740 0.599 -0.756 0.322 0.602 -0.310 -0.279 0.206 -0.937 -0.991 0.484 0.670 -0.578 -0.118 -0.701 -0.214 -0.931 0.435 -0.578 -0.833 -0.385 -0.360 0.037
0.342 -0.293 0.742 0.386 0.044 -0.042 0.162 0.552 0.376 -0.665 0.943 -0.155 0.730 -0.684 0.872 0.959 -0.525 -0.947 0.734 0.750 0.575 0.416 0.660 0.227
-0.611 0.248 0.238 -0.261 -0.525 -0.658 0.452 -0.088 -0.526 -0.755 -0.295 -0.977 0.765 -0.329 -0.803 -0.472 -0.093 0.321 -0.701 0.194 0.457 0.230 -0.271 -0.107
0.390 0.204 0.501 0.794 0.065 -0.817 0.642 0.228 0.125 -0.234 -0.376 -0.120 -0.633 0.280 -0.654 0.850 0.860 -0.536 0.546 0.971 -0.825 -0.378 0.500 -0.679
0.558 -0.145 0.328 -0.419 0.260 -0.440 -0.353 -0.603 0.128 0.045 -0.474 -0.476 -0.685 -0.637 0.901 0.690 0.698 0.313 -0.992 -0.091 -0.471 0.952 -0.778 0.880
0.817 -0.574 0.092 0.890 -0.701 0.975 0.430 0.120 -0.556 0.593 0.680 -0.618 -0.096 -0.328 0.409 0.957 0.104 0.449 -0.115 -0.492 -0.154 0.476 -0.632 0.083
0.772 0.006 -0.651 -0.066 0.029 0.115 0.065 -0.989 -0.717 0.603 0.474 -0.859 0.714 -0.299 -0.176 0.015 -0.830 0.694 0.284 0.870 0.522 0.632 0.554 0.925
0.027 0.945 -0.369 0.648 -0.080 0.579 0.731 -0.658 -0.568 0.919 -0.194 0.107 0.248 0.180 -0.783 0.322 0.661 -0.028 0.051 0.733 0.731 0.397 0.876 -0.184
0.634 -0.902 -0.343 0.545 0.618 0.451 0.633 -0.738 -0.882 0.835 0.347 -0.417 -0.352 -0.932 0.761 0.160 0.264 -0.684 -0.299 -0.226 -0.800 0.198 -0.123 0.340
-0.899 -0.985 0.965 0.394 0.210 -0.585 -0.719 0.774 0.126 -0.677 0.051 -0.620 0.346 -0.125 -0.283 0.741 -0.092 -0.753 -0.449 0.455 -0.003 -0.120 -0.255 -0.493
0.832 -0.007 -0.660 0.825 0.156 0.258 -0.791 0.167 -0.875 -0.436 0.672 -0.236 0.598 0.072 0.518 -0.704 0.702 -0.165 0.881 0.058 -0.027 -0.402 -0.496 0.346
0.759 -0.663 -0.748 0.285 0.167 -0.430 -0.662 0.746 -0.488 0.860 0.888 0.643 -0.985 0.724 -0.329 0.696 -0.307 -0.664 -0.784 0.210 -0.508 -0.297 -0.715 -0.848
-0.529 -0.764 0.172 0.939 -0.500 0.791 -0.332 0.716 0.230 -0.880 0.463 -0.440 -0.952 -0.409 0.687 0.841 0.209 0.386 -0.064 0.903 -0.712 0.474 -0.819 -0.830
-0.737 0.430 0.082 0.100 0.063 -0.098 0.530 -0.727 -0.146 -0.891 0.744 0.497 -0.683 -0.261 0.943 0.815 0.300 -0.861 0.010 0.431 0.362 0.037 0.313 -0.977
0.486 -0.770 -0.984 0.555 0.052 -0.279 0.473 0.206 -0.123 -0.867 -0.380 -0.892 -0.703 -0.926 0.262 -0.999 -0.073 0.429 -0.251 -0.089 0.181 -0.480 -0.083 -0.442
-0.522 0.532 0.063 0.943 -0.187 0.678 -0.335 0.030 -0.282 0.265 0.689 0.582 -0.286 -0.604 0.499 -0.382 0.079 -0.041 -0.661 0.873 -0.779 -0.222 -0.803 0.072
0.908 0.885 -0.526 -0.388 -0.494 0.640 -0.878 0.882 -0.168 0.346 -0.936 0.809 -0.065 0.799 -0.360 0.369 0.726 -0.516 0.622 -0.398 0.490 -0.150 -0.216 0.344
0.726 -0.400 0.956 0.118 0.185 -0.834 0.470 0.866 -0.776 -0.820 -0.996 -0.083 0.622 -0.100 0.868 -0.806 -0.525 0.287 0.095 -0.231 0.486 0.522 -0.490 0.809
0.092 0.751 -0.067 -0.550 0.059 0.174 -0.733 0.549 -0.645 -0.663 0.624 -0.629 -0.788 -0.486 -0.878 0.861 0.545 0.166 -0.233 0.526 0.646 0.351 0.446 0.821
-0.889 -0.774 0.569 0.425 0.367 -0.191 0.909 -0.877 0.314 -0.642 -0.341 -0.486 0.793 0.280 -0.360 -0.870 -0.175 0.096 0.409 -0.866 0.943 0.663 0.822 -0.401
-0.560 -0.807 -0.446 -0.104 0.932 0.854 0.547 0.667 0.606 0.211 0.059 -0.367 -0.474 0.779 0.462 -0.320 0.667 0.126 0.235 0.633 0.305 -0.477 -0.634 0.749
0.401 0.360 -0.004 0.451 -0.581 -0.989 -0.968 -0.660 -0.596 0.367 -0.087 -0.742 0.777 0.907 -0.108 0.650 0.829 0.870 0.251 -0.869 -0.023 0.875 -0.347 0.927
-0.842 -0.892 -0.783 0.776 0.531 0.534 0.434 -0.888 -0.599 -0.175 -0.897 0.146 -0.947 0.211 0.111 0.628 -0.075 -0.333 -0.992 -0.096 -0.546 0.266 -0.571 -0.193
-0.424 0.848 -0.082 -0.200 -0.403 -0.169 0.098 -0.204 -0.693 0.819 -0.761 -0.687 0.072 0.010 0.309 -0.932 0.937 0.886 -0.621 0.987 -0.283 -0.766 0.196 0.691
-0.409 -0.344 -0.087 0.663 0.498 -0.927 0.220 -0.292 0.304 0.889 0.988 0.505 0.055 0.596 -0.622 -0.425 0.449 -0.440 0.229 0.995 -0.380 0.486 -0.874 0.093
0.631 -0.488 0.837 0.370 0.484 0.041 -0.789 -0.342 -0.678 0.624 0.903 -0.201 0.895 -0.374 -0.426 0.219 0.349 -0.240 0.761 -0.171 -0.654 -0.118 0.911 -0.269
0.132 -0.573 -0.963 0.772 0.369 -0.306 0.398 -0.469 0.869 -0.762 -0.895 -0.527 0.492 -0.532 0.330 0.661 0.643 0.924 0.841 0.629 0.198 0.280 -0.309 -0.750
0.343 0.073 -0.109 -0.927 0.541 0.554 0.965 -0.390 0.520 -0.243 -0.789 0.981 -0.182 -0.219 0.074 -0.223 0.518 0.714 -0.363 0.013 0.434 -0.839 -0.812 0.096
0.773 -0.910 -0.189 0.766 0.149 0.276 -0.678 -0.991 -0.560 0.286 -0.290 0.057 -0.321 -0.353 0.506 0.488 0.471 0.848 0.634 -0.306 0.173 0.314 -0.026 0.437
-0.690 0.921 0.728 -0.255 -0.471 0.269 0.946 -0.984 0.173 0.264 -0.194 -0.010 -0.221 0.576 0.993 -0.011 -0.446 -0.082 0.590 -0.617 -0.605 0.157 0.238 -0.456
-0.412 0.850 -0.192 0.797 0.795 0.140 0.898 -0.871 -0.541 -0.061 0.628 -0.387 -0.384 0.566 0.717 -0.788 -0.208 -0.146 0.142 -0.630 0.739 0.536 -0.679 -0.732
0.137 -0.591 -0.418 0.775 -0.790 -0.025 -0.565 -0.145 -0.862 -0.563 -0.212 -0.165 -0.364 0.492 0.606 -0.136 0.680 -0.964 -0.872 0.030 0.219 0.699 0.025 0.129
0.888 -0.841 -0.815 0.859 0.503 -0.357 0.117 0.229 0.356 -0.751 -0.273 0.261 -0.620 -0.469 0.981 -0.135 -0.351 0.828 -0.790 0.087 0.418 0.063 -0.990 0.489
0.762 0.373 -0.978 -0.452 0.035 -0.841 -0.725 -0.960 0.010 -0.675 -0.359 0.258 0.325 0.242 -0.127 -0.981 0.211 -0.772 -0.285 -0.267 0.140 0.669 0.351 0.311
-0.544 -0.297 0.749 -0.517 -0.016 -0.415 -0.880 -0.745 -0.366 -0.144 -0.058 -0.659 -0.811 -0.687 0.191 -0.001 -0.459 -0.295 -0.015 -0.895 0.641 -0.662 0.371 0.497
0.674 -0.246 -0.468 -0.179 -0.438 0.767 0.414 -0.253 -0.782 -0.849 0.350 0.209 -0.370 -0.040 0.044 0.605 0.177 0.595 0.975 0.063 -0.669 0.910 0.465 -0.776
0.930 0.557 0.667 -0.412 0.330 0.874 0.161 0.961 0.479 -0.439 -0.989 0.535 -0.692 0.023 -0.648 -0.053 0.115 0.500 -0.520 0.180 0.246 -0.640 -0.628 0.972
-0.697 0.874 -0.854 0.387 -0.676 -0.925 -0.338 -0.805 0.791 0.897 0.036 0.851 -0.732 0.368 -0.145 0.784 0.135 0.739 -0.436 -0.120 0.136 -0.039 0.913 0.077
0.789 0.094 0.546 0.095 0.972 0.585 -0.199 -0.167 0.910 0.455 0.297 -0.040 0.239 0.353 0.034 0.662 -0.900 0.862 0.501 0.026 0.017 -0.248 -0.996 0.665
0.164 -0.328 0.556 -0.002 0.410 -0.902 -0.814 -0.428 0.334 -0.058 0.602 0.997 -0.968 -0.692 -0.964 -0.594 0.445 -0.617 -0.720 0.987 0.109 -0.148 0.756 0.264
-0.339 -0.832 0.534 0.018 -0.880 0.798 -0.947 0.587 0.944 -0.296 -0.308 -0.887 0.544 0.952 0.998 0.801 -0.788 -0.349 -0.445 0.331 0.051 0.064 -0.995 0.396
0.576 -0.258 0.931 0.520 -0.174 0.798 0.797 0.119 -0.279 -0.880 0.267 -0.697 -0.887 -0.379 -0.488 0.257 0.772 -0.297 -0.387 0.998 0.591 0.675 -0.015 0.511
0.287 -0.423 -0.817 -0.122 -0.200 -0.457 0.613 0.884 0.540 0.899 0.954 -0.798 0.631 -0.688 -0.139 -0.951 0.726 -0.651 -0.480 -0.938 0.338 0.400 -0.520 -0.792
1.000 -0.596 -0.703 -0.974 0.563 -0.756 -0.840 -0.102 0.047 0.247 0.453 0.993 -0.747 -0.004 -0.906 0.729 -0.123 0.371 0.896 -0.116 0.734 -0.929 -0.822 0.882
-0.172 -0.453 -0.754 -0.803 0.794 0.257 -0.408 0.208 0.047 0.452 -0.395 -0.981 -0.353 0.207 0.828 -0.844 0.719 0.908 -0.247 0.739 0.646 0.261 -0.873 -0.780
-0.740 -0.671 -0.432 -0.083 -0.590 0.291 0.900 0.910 0.938 0.337 -0.224 -0.350 0.178 -0.303 -0.652 -0.698 -0.904 -0.298 0.578 -0.287 0.218 0.435 0.505 0.397
-0.127 0.074 0.131 0.524 0.622 -0.500 -0.569 -0.566 -0.904 0.106 -0.974 -0.592 0.448 -0.095 0.546 0.448 -0.123 0.557 -0.130 0.571 -0.583 0.923 -0.435 0.147
0.236 -0.298 0.340 0.295 -0.830 0.523 -0.676 -0.279 -0.272 -0.503 0.244 0.885 -0.058 0.583 0.786 -0.838 -0.815 0.385 0.798 0.593 0.197 0.356 -0.696 0.413
-0.963 -0.121 0.665 0.287 -0.411 0.043 0.820 -0.117 -0.413 -0.105 -0.956 0.394 0.015 -0.239 -0.193 -0.912 0.251 0.303 0.965 -0.994 0.482 0.563 0.310 -0.109
0.122 0.603 -0.014 0.324 0.060 0.576 0.114 0.838 -0.091 0.441 0.443 0.259 0.463 -0.514 -0.931 0.809 0.631 -0.082 -0.067 0.701 -0.652 0.808 0.154 -0.950
0.571 0.018 0.668 -0.650 0.559 0.374 0.535 -0.025 0.096 0.707 0.217 0.680 -0.661 -0.615 -0.417 0.905 -0.932 0.601 -0.282 0.207 0.391 -0.625 0.420 -0.302
-0.776 -0.250 0.171 -0.541 0.222 -0.798 0.632 -0.894 -0.638 0.230 -0.969 -0.616 -0.775 -0.841 -0.223 0.852 -0.714 0.525 0.350 -0.275 -0.259 0.451 0.710 -0.971
0.200 -0.397 -0.088 -0.925 -0.620 -0.267 -0.953 0.093 0.540 -0.646 -0.957 0.609 0.033 0.100 -0.899 -0.207 -0.032 0.727 0.632 -0.863 -0.231 -0.881 0.314 0.355
0.126 -0.262 -0.841 0.021 0.171 0.302 -0.288 0.296 0.238 -0.965 0.537 -0.701 -0.595 0.338 0.564 -0.100 -0.045 -0.144 -0.482 0.729 0.694 0.537 0.295 0.747
0.759 0.282 -0.846 0.220 0.967 0.992 0.438 0.110 -0.183 0.661 0.345 -0.730 0.667 -0.787 -0.689 0.606 0.792 0.249 -0.334 -0.543 0.381 0.441 -0.195 -0.251
0.491 -0.700 0.191 -0.548 -0.199 0.862 0.157 -0.392 -0.186 0.701 0.511 0.492 0.974 -0.006 -0.876 -0.035 -0.188 0.558 -0.401 0.899 0.511 -0.624 0.945 0.908
-0.666 0.617 -0.551 0.623 -0.819 -0.208 -0.413 0.380 0.691 0.278 -0.297 0.742 0.426 0.666 -0.929 -0.952 -0.252 0.793 -0.307 0.652 -0.695 -0.603 0.250 0.473
0.969 0.535 -0.212 0.995 -0.040 -0.811 0.925 -0.563 0.971 -0.729 -0.396 0.855 -0.669 0.536 -0.282 0.067 -0.517 -0.365 0.342 -0.345 -0.787 0.473 -0.049 0.484
0.193 0.619 -0.210 -0.248 0.075 0.684 0.048 -0.963 0.433 0.683 -0.579 -0.825 0.337 0.572 -0.624 -0.282 -0.265 0.382 0.528 -0.697 -0.765 -0.609 -0.109 0.096
-0.198 0.693 -0.908 0.210 -0.464 0.385 0.661 -0.377 0.157 -0.987 0.501 0.501 -0.196 0.713 0.781 0.998 0.336 -0.402 0.193 -0.157 -0.085 -0.091 -0.692 -0.954
0.472 -0.811 0.096 0.489 -0.623 -0.743 0.396 0.202 -0.306 0.163 -0.182 0.814 0.323 -0.832 -0.203 0.100 -0.868 0.288 -0.514 -0.281 -0.840 0.162 0.867 -0.310
0.498 0.338 0.902 -0.367 -0.957 0.309 -0.544 0.560 0.179 0.598 -0.662 0.607 -0.713 0.709 0.319 -0.687 0.771 0.197 -0.216 -0.134 -0.739 0.884 -0.256 -0.539
0.404 0.310 -0.267 0.720 -0.758 -0.067 0.011 0.312 0.123 0.125 -0.557 -0.919 -0.791 0.113 -0.086 0.708 -0.989 0.351 0.741 -0.751 -0.074 0.311 -0.222 -0.671
0.246 -0.668 0.020 -0.761 -0.572 0.227 -0.081 0.311 0.570 0.126 -0.309 0.518 -0.526 0.804 0.185 -0.035 0.414 -0.323 -0.495 0.323 -0.374 -0.948 0.534 -0.400
0.028 0.366 -0.523 0.738 0.760 -0.299 0.261 -0.748 -0.336 -0.727 -0.430 0.924 0.153 -0.920 0.450 -0.592 -0.846 0.825 -0.816 -0.130 0.496 0.857 -0.114 -0.035
0.952 -0.340 -0.860 -0.523 0.192 0.599 -0.186 -0.013 -0.376 0.181 0.137 -0.445 -0.632 -0.151 -0.892 -0.913 0.616 0.849 -0.610 -0.262 0.555 0.145 -0.973 0.710
0.854 0.517 -0.528 0.168 -0.361 0.166 0.375 0.697 -0.738 0.971 0.432 -0.379 0.797 -0.713 -0.959 -0.481 0.625 0.740 -0.871 0.268 -0.296 -0.214 -0.401 0.909
0.562 -0.265 -0.733 0.419 0.213 0.763 0.807 0.663 0.041 -0.724 0.330 0.592 -0.872 -0.736 0.646 -0.570 0.102 0.410 -0.336 0.439 -0.762 0.610 0.511 0.119
-0.999 0.377 0.489 -0.298 0.564 0.951 0.913 0.612 0.069 -0.342 -0.192 -0.145 -0.777 -0.438 0.453 0.308 0.837 0.995 -0.913 -0.082 0.711 -0.290 -0.538 0.241
-0.316 0.311 -0.665 -0.297 -0.359 0.486 0.421 -0.794 -0.363 0.352 0.547 -0.265 -0.887 0.448 0.374 -1.000 -0.210 -0.244 0.184 -0.663 0.572 0.670 -0.789 -0.298
0.402 -0.720 0.317 -0.150 -0.844 -0.728 -0.433 0.100 -0.331 0.869 -0.164 -0.563 0.519 0.097 0.860 -0.669 -0.947 -0.173 -0.039 0.502 0.935 -0.084 0.351 -0.431
-0.604 0.362 0.454 0.797 0.346 -0.996 -0.305 0.768 -0.774 0.841 -0.578 0.937 0.753 0.198 0.524 -0.596 0.236 -0.727 -0.261 0.314 -0.075 0.370 -0.469 -0.619
-0.637 0.972 -0.336 0.778 -0.197 0.560 0.022 -0.114 0.784 -0.451 -0.893 0.035 -0.859 -0.961 0.218 -0.668 -0.600 -0.660 -0.720 -0.533 0.585 0.447 -0.411 -0.374
-0.382 -0.326 0.460 -0.197 0.191 0.289 -0.387 -0.040 0.014 -0.390 -0.629 0.488 0.485 -0.751 0.559 -0.622 0.987 -0.179 0.837 -0.359 -0.881 0.522 0.198 -0.440
-0.054 -0.370 0.472 0.246 0.572 0.809 0.865 -0.290 0.935 0.410 0.291 0.042 0.293 -0.458 0.241 0.849 -0.043 0.173 0.602 -0.228 -0.061 0.743 -0.384 0.805
-0.764 0.494 0.881 0.853 0.061 0.010 0.553 0.174 -0.524 0.390 0.346 -0.194 -0.179 0.288 -0.956 -0.132 -0.001 -0.785 0.597 0.114 0.328 0.318 0.617 0.562
-0.379 -0.012 -0.448 -0.045 0.286 -0.259 -0.260 0.087 0.372 0.212 0.233 0.607 0.156 -0.419 0.462 -0.893 -0.965 -0.290 0.876 -0.945 0.116 0.852 -0.548 -0.934
0.407 -0.476 -0.655 0.918 -0.429 0.501 -0.639 0.323 -0.404 -0.006 -0.751 -0.547 -0.004 0.565 -0.122 -0.218 0.857 -0.493 0.223 -0.645 0.730 0.844 0.234 0.527
-0.892 -0.606 -0.568 0.010 0.122 -0.634 0.318 -0.227 0.964 -0.655 -0.515 0.854 -0.799 -0.370 -0.882 -0.830 -0.369 -0.618 0.275 0.849 -0.761 -0.268 -0.148 -0.004
-0.621 0.205 -0.395 -0.852 0.144 -0.776 -0.523 -0.422 0.876 -0.311 -0.504 -0.547 -0.956 0.076 0.651 0.601 -0.959 0.507 -0.296 -0.727 0.179 0.120 -0.082 -0.324
0.521 0.369 0.995 -0.093 0.792 0.898 -0.961 -0.701 -0.247 -0.517 -0.938 -0.350 0.529 -0.745 -0.685 -0.796 -0.600 0.315 -0.313 -0.964 0.211 -0.961 0.893 0.635
-0.087 -0.930 0.522 -0.909 -0.174 0.233 -0.867 -0.881 -0.362 -0.888 -0.263 -0.515 0.793 0.976 -0.183 -0.175 -0.679 0.761 0.456 -0.352 0.332 -0.722 -0.996 -0.103
-0.836 -0.429 -0.143 0.570 -0.735 0.953 -0.744 -0.257 0.592 0.096 -0.004 -0.307 -0.204 0.430 0.104 -0.660 -0.205 -0.003 0.334 -0.011 -0.591 0.073 -0.033 0.321
0.826 -0.309 0.254 -0.690 0.255 -0.256 0.502 0.741 -0.500 -0.249 -0.509 0.727 0.912 -0.928 -0.668 -0.137 -0.585 -0.626 0.286 0.723 -0.989 0.685 0.257 -0.825
0.531 -0.518 -0.461 -0.248 0.290 0.949 0.725 0.614 0.966 0.702 -0.858 -0.575 0.393 -0.713 -0.219 -0.339 -0.391 0.530 -0.892 -0.390 0.803 -0.221 0.069 0.285
0.234 0.802 0.468 -0.677 -0.597 -0.832 -0.976 -0.473 -0.215 0.580 0.150 -0.277 0.592 -0.961 -0.686 -0.140 0.228 0.219 -0.770 -0.848 -0.924 0.248 -0.084 0.410
0.814 0.557 -0.305 -0.621 0.464 0.070 -0.317 -0.280 -0.500 0.569 -0.797 -0.408 0.011 0.145 0.384 -0.036 -0.295 0.631 0.660 0.104 0.446 -0.853 0.127 0.163
-0.033 0.692 -0.900 0.061 0.504 -0.912 -0.500 -0.888 -0.261 -0.219 0.442 0.128 0.516 -0.011 0.740 0.410 0.333 0.127 0.375 -0.903 0.235 -0.947 -0.538 0.425
0.705 0.919 -0.064 0.290 -0.117 0.248 0.006 -0.563 0.341 -0.829 0.994 -0.578 -0.825 -0.084 -0.750 0.150 -0.312 -0.115 0.588 -0.727 -0.056 0.715 -0.926 0.710
-0.888 -0.064 0.556 0.220 0.439 -0.262 -0.862 0.099 -0.375 0.037 -0.321 -0.268 0.181 -0.222 0.586 0.857 -0.015 0.093 -0.550 0.945 -0.654 -0.983 -0.733 0.315
0.338 -0.057 -0.852 0.579 0.212 -0.675 -0.266 -0.352 -0.889 -0.853 -0.353 0.982 -0.610 0.498 -0.278 0.638 -0.134 -0.468 0.422 -0.453 0.739 -0.758 0.436 -0.044
-0.753 0.701 -0.310 -0.594 -0.035 -0.314 0.649 -0.440 -0.849 -0.677 -0.172 -0.087 -0.594 0.456 -0.542 -0.331 0.663 -0.698 0.035 0.652 0.240 -0.970 0.557 0.764
-0.777 0.202 -0.240 0.550 0.455 0.706 0.324 -0.517 0.236 0.474 -0.742 -0.805 -0.010 -0.698 -0.643 0.300 0.583 0.050 0.492 0.976 0.241 0.275 -0.569 0.551
-0.910 -0.010 0.744 0.465 0.756 0.617 0.938 0.175 -0.735 -0.992 -0.167 -0.094 -0.829 0.667 0.136 0.357 0.152 0.908 0.558 -0.442 -0.008 0.824 0.448 -0.813
-0.799 0.693 -0.279 0.880 0.810 -0.360 -0.421 0.812 0.063 -0.179 -0.504 0.066 -0.953 -0.855 0.175 -0.228 -0.383 -0.485 0.065 -0.805 -0.525 0.960 -0.527 0.314
-0.453 -0.751 -0.693 0.141 -0.713 0.789 -0.640 0.671 -0.549 -0.542 0.186 -0.277 0.534 -0.604 0.497 -0.357 -0.289 0.281 -0.777 0.723 -0.770 -0.251 0.063 -0.639
0.177 0.541 -0.924 -0.725 0.299 -0.600 0.706 0.948 0.654 0.704 -0.103 0.215 -0.071 -0.481 0.249 -0.107 -0.841 0.800 -0.384 0.481 -0.928 0.049 -0.234 0.371
0.605 -0.357 -0.539 0.599 -0.534 -0.848 0.933 0.636 0.210 -0.501 -0.945 0.213 -0.329 -0.147 -0.917 -0.391 0.876 0.068 -0.929 -0.978 -0.088 0.148 0.812 -0.611
-0.070 0.232 -0.972 0.196 0.280 -0.873 0.868 -0.336 -0.956 0.477 -0.155 -0.882 -0.214 -0.676 0.334 -0.852 -0.995 -0.703 0.294 -0.967 0.420 0.647 -0.685 -0.510
0.901 -0.489 -0.241 -0.403 -0.205 0.931 0.098 0.433 -0.044 -0.020 0.991 0.103 0.559 -0.739 0.719 -0.940 -0.002 -0.052 0.821 -0.647 -0.839 0.414 -0.134 0.433
-0.799 -0.808 0.253 0.441 0.273 -0.417 0.242 0.484 0.960 -0.659 -0.389 0.939 -0.497 0.960 -0.170 -0.782 -0.107 -0.830 0.935 0.908 0.947 0.904 -0.888 -0.598
0.669 -0.681 -0.600 -0.576 0.187 -0.119 -0.369 -0.528 -0.399 -0.930 0.354 0.294 -0.060 -0.724 -0.210 -0.172 0.704 0.865 0.532 -0.587 0.592 -0.888 -0.556 -0.070
-0.475 0.045 -0.691 0.444 -0.496 -0.932 0.749 0.488 0.478 -0.747 -0.640 0.082 -0.161 0.973 0.183 -0.533 0.044 0.657 -0.418 -0.045 -0.581 0.696 -0.252 -0.381
-0.381 0.926 -0.499 -0.782 -0.837 -0.201 -0.406 0.870 0.774 -0.706 -0.267 0.033 0.240 0.434 0.145 0.811 0.720 0.982 0.087 -0.963 0.907 -0.136 -0.140 -0.155
-0.385 -0.949 0.385 0.689 0.444 0.465 -0.689 0.070 -0.395 -0.575 0.892 -0.468 -0.664 -0.588 0.936 -0.588 -0.648 -0.230 0.550 -0.285 -0.921 -0.350 -0.886 0.729
-0.501 -0.904 0.874 0.824 -0.134 -0.767 0.962 0.420 -0.276 0.882 -0.790 0.759 -0.711 0.908 -0.765 0.704 -0.294 0.772 -0.517 0.908 0.876 0.812 -0.260 -0.253
0.297 0.650 0.017 -0.453 0.245 0.855 0.802 -0.313 0.203 0.225 0.682 -0.643 0.453 -0.329 -0.998 -0.962 -0.301 -0.674 -0.768 -0.098 0.241 -0.955 -0.183 -0.055
0.102 0.189 -0.279 0.226 -0.613 0.738 0.773 -0.869 0.811 0.468 0.457 -0.699 -0.902 0.072 0.031 0.580 -0.841 0.531 0.894 0.368 -0.382 -0.676 -0.498 0.770
0.123 -0.608 0.153 0.269 0.993 -0.795 -0.925 -0.856 0.316 0.144 -0.427 -0.626 -0.033 0.060 0.690 0.216 0.769 -0.848 0.962 -0.288 0.570 0.857 -0.902 0.653
-0.343 0.606 0.180 0.613 -0.632 -0.121 -0.853 -0.187 -0.536 -0.876 -0.877 -0.443 0.046 0.457 -0.015 0.537 -0.021 0.550 -0.536 -0.443 0.762 -0.835 0.829 -0.513
