-0.953 -0.22 -0.911 0.089 -0.547 0.704 -0.121 0.411 -0.656 -0.142 -0.737 0.152 -0.501 0.221 0.634 -0.787 -0.088 0.74 -0.142 -0.305 -0.562 -0.968 -0.68 -0.936 0.415 0.209 0.458 0.319 0.781 -0.94 -0.737 -0.007 0.375 0.711 0.085 -0.924 -0.505 -0.875 0.209 -0.307 -0.095 0.527 0.39 0.521 -0.696 -0.883 0.96 -0.731 7
-0.981 1 1 -0.639 -0.69 0.964 -0.922 0.139 0.699 -0.665 0.807 -0.266 -0.615 0.356 0.517 -0.6 0.651 0.725 0.143 -0.714 0.079 0.469 0.03 0.364 -0.583 0.697 0.176 0.01 0.686 0.851 0.059 0.636 -0.855 0.704 0.168 -0.901 -0.039 -1 -0.085 -0.235 -0.698 -0.368 -0.804 0.242 0.341 -1 -0.579 -0.214 7
-0.67 0.792 0.614 -0.863 -0.048 0.247 -0.627 0.141 -0.752 -0.781 -0.583 0.521 0.243 -0.059 0.362 0.937 -0.009 -0.65 0.121 1 0.185 -0.269 -0.277 0.433 0.513 -0.885 0.754 -0.831 0.364 0.098 -0.452 -0.339 1 0.282 -0.255 -0.748 0.313 0.885 -0.493 -0.227 -0.244 -0.76 -0.703 -0.617 0.918 -0.224 -0.297 0.317 7
0.025 -0.154 0.608 0.087 -0.016 0.776 0.471 -0.216 0.714 0.664 0.075 -0.021 -0.642 0.169 0.193 -0.651 0.867 0.799 0.096 -0.863 0.033 0.917 -0.165 0.406 -0.509 0.946 0.149 0.01 0.912 -0.98 0.757 -0.493 -1 -0.232 0.314 0.968 -0.595 0.613 -0.906 0.067 0.842 -0.898 0.505 -0.448 -0.858 -0.939 -0.727 0.552 4
-0.758 0.91 0.521 -0.387 -0.024 0.724 -0.687 0.287 -1 -0.824 -0.755 0.173 0.224 0.111 -0.13 -0.81 0.315 -0.912 -0.787 -0.977 -0.333 0.264 0.76 0.385 0.876 1 0.624 -0.002 0.538 -0.124 -1 -0.886 0.932 -0.447 0.556 -0.922 0.559 -0.54 -0.226 -0.547 0.355 1 -0.297 0.957 -0.129 1 -0.575 -0.054 4
-0.542 -0.028 -0.933 -0.211 -0.525 0.704 -0.17 0.577 -0.623 -0.145 -0.705 0.175 0.95 0.006 0.631 1 0.577 0.812 0.552 0.118 -0.406 0.77 -0.047 0.213 0.343 -0.646 0.558 0.373 0.795 -0.802 -0.62 -0.162 0.449 0.75 0.005 -0.661 -0.295 -0.688 0.112 -0.332 -0.092 0.341 0.299 1 -0.785 -0.674 1 -0.731 4
-0.953 -0.22 -0.911 -0.101 -0.572 0.704 -0.272 0.577 -0.656 -0.232 -0.737 0.152 -0.163 0.079 -0.391 -0.238 0.352 -0.729 -0.671 -0.703 -0.373 0.932 0.857 0.512 0.871 0.739 0.695 0.065 0.348 0.098 -0.452 -0.339 0.899 0.282 -0.255 -0.748 0.313 0.885 -0.493 -0.227 -0.244 -0.76 -0.703 -0.617 0.918 -0.223 -0.297 0.317 4
-0.334 0.906 0.731 -0.55 0.07 0.376 -0.656 0.1 -0.553 -0.782 -0.924 0.456 0.007 0.088 -0.354 -0.562 -0.045 -0.749 -0.671 -0.741 -0.246 0.431 1 0.515 0.848 0.755 0.569 0.065 0.781 -0.808 -0.671 -0.007 0.202 0.711 -0.101 -0.775 -0.521 -0.951 0.575 -0.37 -0.095 0.527 0.39 0.684 -0.764 -0.869 1 -0.85 4
-0.953 -0.22 -0.911 -0.101 -0.572 0.704 -0.272 0.577 -0.656 -0.232 -0.737 0.152 -0.501 0.221 0.462 -0.886 -0.18 0.74 -0.142 -0.123 -0.562 -0.825 -0.68 -0.855 0.415 0.209 0.269 0.376 0.348 0.098 -0.452 -0.339 0.899 0.282 -0.255 -0.748 0.313 0.885 -0.493 -0.227 -0.244 -0.76 -0.703 -0.617 0.918 -0.223 -0.297 0.317 52.69923
-0.981 1 1 -0.639 -0.765 1 -0.922 0.139 0.887 -0.665 0.807 -0.196 0.007 0.088 -0.354 -0.562 -0.045 -0.749 -0.671 -0.741 -0.246 0.431 1 0.515 0.848 0.755 0.569 0.065 0.686 0.958 0.059 0.636 -0.855 0.833 0.008 -0.901 -0.039 -1 -0.085 -0.235 -0.508 -0.368 -0.804 0.242 0.341 -1 -0.579 -0.214 16
-0.516 1 0.759 -0.626 -0.056 0.333 -0.852 0.134 -0.533 -0.652 -1 0.456 0.224 0.111 -0.13 -0.81 0.315 -0.912 -0.787 -0.977 -0.333 0.264 0.76 0.385 0.876 1 0.624 -0.002 0.496 -0.94 -0.882 -0.073 0.375 0.711 0.085 -0.775 -0.505 -0.875 0.209 -0.495 -0.158 0.528 0.39 0.591 -0.764 -0.867 0.963 -0.731 16
-0.48 0.91 0.36 -0.65 -0.06 0.678 -0.594 0.261 -0.835 -0.762 -0.712 0.272 1 0.061 0.927 0.922 0.577 0.958 0.504 0.04 -0.454 0.865 0.05 0.129 0.059 -0.764 0.705 0.236 -0.793 0.705 -0.457 -0.078 -0.87 -0.859 -0.35 0.687 -0.613 -0.859 0.207 0.123 -0.604 -0.725 -0.407 -0.062 -0.94 -0.761 0.192 -0.243 4
-0.641 -0.22 -0.911 -0.206 -0.572 0.704 -0.276 0.577 -0.618 -0.232 -0.579 0.334 -0.068 0.269 -0.69 -0.607 0.087 -0.912 -0.654 -0.638 -0.702 0.234 0.98 0.238 1 0.669 0.515 -0.173 0.542 0.695 -0.374 -0.531 0.982 0.314 -0.396 -0.288 0.128 0.938 -0.53 -0.268 -0.232 -0.497 -0.798 -0.679 0.865 0.037 -0.67 0.444 4
-1 -0.22 -1 -0.101 -0.572 0.704 -0.272 0.577 -0.656 -0.3 -0.737 0.152 -0.375 0.154 0.453 -0.471 -0.22 0.583 -0.035 -0.169 -0.329 -1 -0.741 -0.941 0.355 0.075 0.366 0.481 0.912 -0.98 0.791 -0.635 -0.892 -0.248 0.477 1 -0.79 0.613 -1 0.067 0.842 -0.738 0.203 -0.448 -0.858 -0.812 -0.727 0.642 4
-0.67 0.98 0.963 -0.987 -0.048 0.415 -0.713 -0.181 -0.752 -0.831 -0.672 0.65 0.382 0.186 -0.179 -0.6 0.113 -1 -0.572 -0.583 -0.474 0.429 1 0.512 0.925 0.651 0.511 0.225 0.915 -1 0.574 -0.466 -0.718 -0.282 0.419 1 -0.696 0.585 -0.622 -0.265 0.723 -1 0.55 -0.673 -0.865 -1 -0.889 0.552 4
-0.981 1 1 -0.626 -0.81 1 -0.922 -0.021 0.887 -0.565 1 -0.189 -0.323 0.611 -0.344 -0.234 0.08 -0.912 -1 -0.818 -0.052 0.346 0.793 0.318 0.841 1 0.624 0.107 0.669 -0.951 -0.926 -0.162 0.553 0.592 0.085 -0.715 -0.295 -0.907 -0.074 -0.435 -0.109 0.583 0.39 0.588 -0.841 -0.651 0.96 -1 4
-0.641 -0.22 -0.911 -0.206 -0.624 0.704 -0.046 0.61 -0.812 -0.18 -0.579 0.363 -0.647 0.26 0.361 -0.556 0.506 0.799 0.29 -0.923 0.182 0.687 0.03 0.272 -0.63 0.612 0.009 0.01 -0.793 0.705 -0.457 -0.078 -0.87 -0.795 -0.35 0.687 -0.613 -0.859 0.175 0.123 -0.557 -0.725 -0.407 0.044 -0.94 -0.761 0.365 -0.243 4
-0.67 0.792 0.614 -0.863 -0.048 0.247 -0.627 0.141 -0.752 -0.781 -0.583 0.521 0.15 0.186 -0.329 -0.683 0.061 -0.912 -0.671 -0.58 -0.334 0.429 1 0.506 0.911 0.737 0.495 0.051 0.4 -0.94 -0.828 -0.073 0.375 0.677 0.085 -0.697 -0.642 -0.875 0.296 -0.386 0 0.683 0.538 0.701 -0.764 -0.867 0.96 -0.684 12
-0.571 0.91 0.358 -0.538 0.07 0.722 -0.687 0.075 -0.835 -0.786 -0.885 0.429 0.007 0.241 -0.48 -0.51 -0.045 -0.749 -0.671 -0.741 -0.246 0.431 0.889 0.515 1 0.754 0.569 -0.107 0.772 0.01 -0.477 -0.004 0.467 -0.584 0.669 0.317 0.236 -0.45 0.249 0.208 -0.853 0.399 -0.296 0.095 0.431 -0.833 -0.308 -1 4
-0.618 -0.045 -1 -0.293 -0.706 0.597 -0.128 0.577 -0.884 -0.045 -0.587 0.334 0.77 -0.123 0.595 1 0.62 1 0.524 0.04 -0.507 0.834 0.015 0.038 0.221 -0.667 0.521 0.49 0.565 -0.234 -0.323 -0.079 0.667 -0.514 0.502 0.333 0.314 -0.115 0.274 0.118 -1 0.593 -0.306 0.095 0.424 -0.921 -0.136 -0.851 4
0.712 -0.798 -0.944 -0.412 1 0.508 -0.676 -0.299 -0.715 -0.287 -0.504 -0.601 -0.074 0.611 -0.344 -0.309 -0.011 -0.917 -0.742 -0.997 -0.162 0.248 0.914 0.287 0.824 1 0.82 0.082 0.348 0.408 -0.452 -0.306 0.899 0.155 -0.285 -0.882 0.531 0.86 -0.493 -0.349 0.169 -0.946 -0.832 -0.89 0.822 -0.413 -0.56 0.312 4
-0.454 -0.32 -0.554 -0.104 -0.74 0.453 -0.46 0.841 -0.425 -0.082 -0.686 0.187 0.122 0.388 -0.357 -0.607 0.087 -0.912 -0.654 -0.717 -0.792 0.303 0.98 0.238 0.972 0.477 0.584 -0.328 0.385 0.482 -0.555 -0.579 0.889 0.263 -0.393 -0.181 0.128 0.837 -0.433 -0.366 -0.346 -0.587 -0.794 -0.463 0.865 0.085 -0.635 0.274 4
-0.59 0.792 0.614 -0.863 -0.183 0.429 -0.627 0.313 -0.757 -0.586 -0.583 0.521 0.64 0.86 0.653 -0.524 1 0.861 -0.835 -0.745 0.518 -0.706 -0.012 -0.21 -0.821 -0.688 0.686 0.474 -0.64 0.705 -0.457 -0.078 -0.87 -0.75 -0.35 0.687 -0.613 -0.905 0.224 0.123 -0.604 -0.725 -0.407 -0.062 -0.94 -0.761 0.192 -0.046 5
-1 1 1 -0.639 -0.81 1 -0.922 0.031 0.887 -0.565 1 -0.3 -0.632 0.169 0.106 -0.63 0.867 0.712 0.196 -0.956 0.203 0.922 0.03 0.31 -0.509 0.841 -0.062 0.01 0.594 1 0.059 0.816 -0.744 0.891 0.107 -0.762 0.06 -0.802 -0.587 -0.235 -0.508 0.011 -1 0.045 0.341 -0.842 -0.579 -0.041 6
-0.981 0.829 1 -0.639 -0.765 0.918 -0.922 0.141 0.887 -0.665 0.807 -0.165 -0.409 0.396 0.562 -0.833 -0.18 0.74 -0.224 -0.385 -0.618 -0.915 -0.497 -0.99 0.215 0.209 0.171 0.481 0.669 -0.951 -0.926 -0.162 0.553 0.592 0.085 -0.715 -0.295 -0.907 -0.074 -0.435 -0.109 0.583 0.39 0.588 -0.841 -0.651 0.96 -1 7
-0.068 0.306 -1 -0.211 0.867 0.287 -0.264 -0.583 0.567 -0.849 0.371 0.14 0.217 0.017 0.724 0.889 -0.431 -0.577 0.301 1 0.226 -0.337 -0.21 0.433 0.683 -0.661 0.776 -1 0.565 -0.234 -0.406 -0.245 0.667 -0.469 0.427 0.187 0.314 0.162 0.343 0.097 -1 0.593 -0.306 0.095 0.316 -0.921 -0.259 -0.782 4
-0.882 1 1 -0.626 -0.81 1 -0.922 -0.021 0.887 -0.565 1 -0.215 -0.647 0.331 0.193 -0.63 0.944 0.799 0.095 -0.863 0.033 0.967 -0.068 0.31 -0.509 0.75 0.111 -0.033 0.912 -0.98 0.757 -0.493 -1 -0.232 0.314 0.814 -0.595 0.425 -0.906 0.067 0.923 -0.909 0.505 -0.468 -0.858 -0.883 -0.602 0.398 4
-0.887 0.953 0.632 -0.605 -0.927 1 -0.4 0.477 0.947 -0.958 1 -0.123 1 0.01 0.869 1 0.577 0.775 0.524 0.005 -0.235 0.865 -0.047 -0.07 0.023 -0.611 0.659 0.337 0.686 0.862 0.059 0.816 -0.608 0.891 0.008 -0.762 -0.054 -0.802 -0.395 -0.235 -0.508 -0.171 -0.949 0.045 0.242 -0.758 -0.748 -0.214 7
-0.194 0.306 -1 -0.091 0.867 0.287 -0.253 -0.583 0.567 -1 0.371 0.14 0.068 0.846 0.637 -0.874 -0.677 0.345 0.231 0.283 0.106 0.092 -0.665 -0.195 -0.426 -0.596 0.961 1 0.821 -0.532 -0.364 -0.275 0.267 0.783 0.114 -0.773 -0.541 -0.487 0.153 -0.628 -0.356 0.018 0.548 0.864 -0.818 -0.99 0.844 -0.466 8
-0.517 0.792 0.614 -0.863 0.008 0.515 -0.673 0.086 -0.752 -0.781 -0.583 0.521 -0.563 0.169 0.193 -0.63 0.867 0.799 0.216 -0.681 0.033 0.917 0.041 0.31 -0.509 0.938 0.111 0.01 0.751 -0.158 -0.477 -0.004 0.594 -0.918 0.585 0.317 0.276 -0.561 0.51 0.224 -0.863 0.165 -0.554 -0.032 0.431 -0.826 0.038 -0.872 4
-0.67 0.792 0.614 -0.863 -0.048 0.247 -0.627 0.141 -0.752 -0.781 -0.583 0.521 0.083 0.185 -0.297 -0.624 0.113 -0.912 -0.671 -0.359 -0.287 0.431 1 0.532 0.848 0.807 0.433 0.042 -0.793 0.705 -0.457 -0.078 -0.87 -0.859 -0.35 0.687 -0.613 -0.859 0.207 0.123 -0.604 -0.725 -0.407 -0.062 -0.94 -0.761 0.192 -0.243 4
-1 1 1 -0.639 -0.765 1 -0.922 -0.03 0.803 -0.969 1 -0.189 0.15 0.186 -0.179 -0.6 0.113 -0.912 -0.671 -0.58 -0.334 0.429 1 0.64 0.911 0.737 0.495 0.051 -0.644 0.696 -0.457 0.108 -0.731 -0.796 -0.177 0.713 -0.557 -0.813 0.233 -0.093 -0.934 -0.648 -0.57 0.037 -1 -0.717 0.376 -0.036 4
-0.795 0.913 0.771 -1 -0.048 0.216 -0.627 0.309 -0.87 -0.781 -0.583 0.521 0.122 0.494 -0.357 -0.607 0.087 -0.912 -0.654 -0.695 -0.781 0.303 0.98 0.238 0.999 0.477 0.584 -0.328 0.915 -1 0.574 -0.302 -0.718 -0.17 0.419 1 -0.696 0.585 -0.622 -0.251 0.723 -0.809 0.718 -0.673 -1 -1 -0.889 0.552 4
-0.981 1 0.931 -0.821 -0.765 1 -1 0.141 0.887 -0.535 0.815 -0.189 -0.501 0.221 0.562 -0.81 -0.208 0.837 -0.15 -0.123 -0.562 -0.825 -0.68 -0.855 0.415 0.209 0.269 0.362 0.781 -0.94 -0.737 -0.007 0.375 0.711 0.085 -0.775 -0.505 -0.875 0.209 -0.307 -0.095 0.527 0.39 0.521 -0.764 -0.867 0.96 -0.731 85.38427
-0.674 -0.381 -0.911 -0.206 -0.64 0.704 -0.276 0.549 -0.618 -0.119 -0.579 0.558 0.122 0.677 -0.357 -0.607 0.087 -0.912 -0.654 -0.707 -0.702 0.303 1 0.238 1 0.477 0.426 -0.34 0.795 -0.848 -0.62 -0.326 0.215 0.638 -0.058 -0.661 -0.274 -0.646 0.112 -0.277 -0.189 0.207 0.453 0.753 -0.899 -0.646 0.879 -0.824 4
-0.516 0.913 0.759 -0.626 -0.056 0.376 -0.676 0.134 -0.584 -0.652 -0.965 0.456 0.301 0.037 -0.179 -0.6 0.113 -0.912 -0.671 -0.507 -0.474 0.429 1 0.512 0.911 0.651 0.511 0.225 0.348 0.098 -0.452 -0.339 0.899 0.282 -0.255 -0.748 0.313 0.885 -0.493 -0.227 -0.244 -0.76 -0.703 -0.617 0.918 -0.223 -0.297 0.317 4
-0.618 0.04 -1 -0.165 -0.528 0.715 -0.128 0.86 -0.801 -0.045 -0.471 0.397 1 0.01 0.869 1 0.577 0.775 0.524 0.005 -0.235 0.865 -0.047 -0.07 0.023 -0.611 0.659 0.337 0.686 0.862 0.059 0.816 -0.608 0.891 0.008 -0.762 -0.054 -0.802 -0.395 -0.235 -0.508 -0.171 -0.949 0.045 0.242 -0.758 -0.748 -0.214 5
0.697 -0.935 -0.809 -0.591 0.871 0.327 -0.248 0.122 -0.302 -0.08 -0.239 -0.647 1 0.01 0.744 0.952 0.39 0.927 0.711 0.005 -0.235 0.865 -0.047 -0.07 0.023 -0.576 0.659 0.142 0.912 -1 0.893 -0.635 -0.92 -0.248 0.341 0.968 -0.595 0.779 -0.947 0.067 0.842 -0.898 0.361 -0.448 -0.858 -0.907 -0.727 0.597 4
-0.953 -0.22 -0.911 -0.101 -0.572 0.704 -0.272 0.577 -0.656 -0.232 -0.737 0.152 -0.499 0.148 0.273 -0.639 -0.205 0.775 0.013 -0.223 -0.49 -0.932 -0.483 -0.849 0.592 0.119 0.366 0.481 0.55 -0.813 -0.881 -0.073 0.19 0.711 0.085 -0.775 -0.505 -0.947 0.209 -0.529 -0.103 0.528 0.39 0.623 -0.764 -0.867 0.96 -0.551 7
-0.641 -0.22 -0.911 -0.206 -0.64 0.704 -0.276 0.549 -0.618 -0.119 -0.579 0.502 -0.563 0.356 0.361 -0.556 0.678 0.799 0.143 -0.863 0.079 0.724 0.03 0.31 -0.583 0.697 0.111 0.01 0.308 0.341 -0.489 -0.519 0.737 0.338 -0.201 -0.299 0.421 1 -0.676 -0.529 -0.202 -0.333 -0.697 -0.275 0.705 -0.043 -0.302 0.376 4
-0.432 -0.32 -0.554 -0.095 -0.74 0.453 -0.46 0.841 -0.568 0.075 -0.551 0.187 0.164 0.46 -0.219 -0.792 0.087 -0.912 -0.511 -0.606 -0.702 0.303 1 0.238 1 0.492 0.584 -0.328 0.348 0.408 -0.452 -0.447 0.875 0.1 -0.285 -0.882 0.531 0.86 -0.36 -0.349 0.169 -0.861 -0.832 -0.89 0.822 -0.463 -0.56 0.312 4
-0.775 -0.63 -0.882 -0.02 -0.452 0.562 -0.447 0.697 -0.618 -0.203 -0.589 0.383 -0.074 0.611 -0.344 -0.309 0.151 -1 -0.742 -0.997 -0.162 0.06 0.79 0.287 0.874 1 0.82 0.123 0.377 0.523 -0.544 -0.729 0.626 0.181 -0.201 -0.192 0.047 0.959 -0.759 -0.413 0.003 -0.415 -0.553 -0.398 0.734 0.187 -0.219 0.366 4
-0.887 0.953 0.632 -0.605 -0.927 1 -0.4 0.477 0.947 -0.958 1 -0.123 0.15 0.186 -0.099 -0.6 0.106 -0.994 -0.671 -0.58 -0.583 0.429 1 0.512 0.911 0.696 0.495 0.145 0.418 0.183 -0.51 -0.636 0.763 0.128 -0.377 -0.609 0.346 0.97 -0.264 -0.473 0.129 -0.587 -0.73 -0.494 0.879 -0.181 -0.101 0.229 4
-0.981 1 1 -0.639 -0.765 1 -0.922 0.141 0.887 -0.665 0.807 -0.189 0.083 0.088 -0.179 -0.675 0.113 -0.912 -0.671 -0.558 -0.246 0.431 1 0.547 0.848 0.807 0.544 0.065 0.418 0.37 -0.496 -0.672 0.701 0.214 -0.226 -0.609 0.231 1 -0.383 -0.473 -0.09 -0.587 -0.602 -0.633 0.879 -0.369 -0.202 0.525 4
-0.48 0.91 0.36 -0.65 -0.06 0.678 -0.594 0.261 -0.835 -0.762 -0.712 0.272 -0.501 0.221 0.462 -0.886 -0.18 0.74 -0.142 -0.123 -0.562 -0.825 -0.68 -0.855 0.415 0.209 0.269 0.376 0.8 -0.951 -0.926 -0.162 0.358 0.543 0.085 -0.715 -0.238 -0.738 -0.074 -0.589 -0.109 0.583 0.39 0.588 -0.877 -0.839 0.96 -1 4
-0.981 1 1 -0.639 -0.765 1 -0.922 0.139 0.887 -0.665 0.807 -0.196 -0.632 0.703 0.321 0.858 0.375 0.621 0.125 0.367 0.23 -0.092 0.833 -0.616 0.721 1 0.829 0.543 0.686 0.958 0.059 0.636 -0.855 0.833 0.008 -0.901 -0.039 -1 -0.085 -0.235 -0.508 -0.368 -0.804 0.242 0.341 -1 -0.579 -0.214 7
-0.964 0.928 0.93 -0.615 -0.81 0.706 -0.908 -0.001 1 -0.605 0.946 -0.294 1 0.061 0.927 0.922 0.577 0.958 0.504 0.04 -0.454 0.865 0.05 0.129 0.059 -0.764 0.705 0.236 0.732 -0.917 -0.62 0.003 0.623 0.557 -0.153 -0.661 -0.442 -0.556 0.196 -0.509 -0.092 0.165 0.538 1 -0.903 -0.72 0.942 -0.731 7
-0.48 0.91 0.36 -0.65 -0.06 0.678 -0.594 0.261 -0.835 -0.762 -0.712 0.272 0.242 0.017 0.738 0.889 -0.331 -0.577 0.301 1 0.226 -0.397 -0.195 0.433 0.683 -0.548 0.754 -1 0.496 -0.94 -0.882 -0.073 0.375 0.711 0.085 -0.775 -0.505 -0.875 0.209 -0.495 -0.158 0.528 0.39 0.591 -0.764 -0.867 0.963 -0.731 4
-1 0.929 1 -0.639 -0.703 1 -0.922 -0.029 0.853 -0.605 1 -0.077 0.224 0.111 -0.13 -0.81 0.315 -0.912 -0.787 -0.977 -0.333 0.264 0.76 0.385 0.876 1 0.624 -0.002 -0.793 0.705 -0.457 -0.078 -0.87 -0.859 -0.35 0.687 -0.613 -0.859 0.207 0.123 -0.604 -0.725 -0.407 -0.062 -0.94 -0.761 0.192 -0.243 29.27481
-0.516 1 0.759 -0.626 -0.056 0.333 -0.852 0.134 -0.533 -0.652 -1 0.456 0.243 -0.142 0.265 0.791 -0.009 -0.65 0.078 1 0.224 -0.037 -0.467 0.433 0.581 -0.883 0.754 -0.831 0.171 0.154 -0.555 -0.718 0.861 -0.064 -0.415 -0.504 0.211 0.837 -0.42 -0.576 -0.259 -0.587 -0.756 -0.578 0.779 0.079 -0.393 0.274 4
-0.641 -0.028 -0.717 -0.206 -0.64 0.553 -0.276 0.673 -0.618 -0.119 -0.579 0.502 0.068 0.846 0.637 -0.982 -0.771 0.345 0.123 0.283 0.106 0.04 -0.665 -0.195 -0.426 -0.793 0.961 1 0.751 -0.276 -0.286 -0.269 0.701 -0.74 0.601 0.123 0.37 -0.052 0.418 -0.058 -0.889 0.518 -0.231 0.095 0.493 -0.921 -0.462 -0.855 4
-1 0.997 0.884 -0.639 -0.779 1 -1 0.132 0.887 -0.462 0.89 -0.157 0.645 0.846 -1 -0.232 -0.117 0.288 0.922 -0.026 -0.031 0.614 0.517 0.476 -0.694 -0.88 -0.763 -0.173 0.529 0.534 -0.469 -0.672 0.701 0.214 -0.399 -0.609 0.231 1 -0.383 -0.342 -0.09 -0.705 -0.602 -0.633 0.879 -0.369 -0.202 0.43 4
-0.775 -0.22 -1 -0.206 -0.726 0.477 -0.142 0.577 -0.426 -0.228 -0.587 0.334 0.645 0.843 -1 -0.068 0.001 0.288 0.922 0.147 -0.101 0.444 0.517 0.476 -0.694 -0.894 -0.763 -0.173 -1 0.583 -0.498 -0.086 -0.804 -0.482 -0.623 0.566 -0.33 -1 0.376 -0.277 -0.755 -0.719 -0.312 0.212 -0.725 -1 0.448 0.067 5
-0.67 0.98 0.785 -0.923 -0.048 0.415 -0.713 -0.181 -0.752 -0.76 -0.488 0.65 0.11 0.32 -0.357 -0.861 -0.147 -0.912 -0.654 -0.713 -0.702 0.303 1 0.136 1 0.584 0.655 -0.283 -0.733 0.676 -0.457 -0.036 -0.852 -0.651 -0.662 0.713 -0.607 -0.813 0.233 0.01 -0.948 -0.648 -0.57 0.072 -1 -0.632 0.413 -0.089 4
-0.54 0.901 0.325 -0.282 -0.18 0.975 -0.646 0.026 -0.665 -0.611 -0.508 0.425 0.714 -0.241 0.325 0.878 0.023 -0.762 0.013 0.979 0.628 -0.394 -0.606 0.183 0.501 -1 1 -0.601 0.565 -0.234 -0.406 -0.269 0.667 -0.469 0.601 0.187 0.314 0.053 0.343 0.097 -1 0.593 -0.306 0.095 0.424 -0.921 -0.259 -0.782 13
-1 1 1 -0.639 -0.81 1 -0.922 0.031 0.887 -0.565 1 -0.3 -0.632 0.169 0.106 -0.63 0.867 0.712 0.196 -0.956 0.203 0.922 0.03 0.31 -0.509 0.841 -0.062 0.01 0.594 1 0.059 0.816 -0.744 0.891 0.107 -0.762 0.06 -0.802 -0.587 -0.235 -0.508 0.011 -1 0.045 0.341 -0.842 -0.579 -0.041 4
-0.044 0.261 -0.547 0.336 0.079 0.708 -0.483 -1 -0.596 0.843 -0.835 -0.205 0.26 -0.059 0.362 0.937 0.15 -0.304 0.065 1 0.201 -0.151 -0.426 0.394 0.513 -0.885 0.855 -0.714 0.686 1 0.175 0.759 -0.73 0.808 0.16 -0.762 -0.063 -0.845 -0.375 -0.09 -0.388 -0.596 -0.95 0.33 0.574 -0.91 -0.579 -0.091 4
0.023 -0.154 0.608 0.195 -0.016 0.95 0.471 -0.246 0.777 0.786 0.075 -0.021 -0.533 0.356 0.517 -0.541 0.678 0.799 0.143 -0.863 0.079 0.534 0.03 0.31 -0.583 0.697 0.111 0.01 0.686 0.958 0.255 0.636 -0.855 0.833 0.03 -0.901 0.137 -0.845 0.034 -0.235 -0.508 -0.539 -0.804 0.26 0.341 -1 -0.579 -0.214 7
0.712 -0.798 -0.944 -0.412 1 0.508 -0.676 -0.299 -0.715 -0.287 -0.504 -0.601 -0.421 0.286 0.462 -0.639 -0.314 0.576 -0.142 -0.169 -0.618 -0.878 -0.573 -1 0.709 0.263 0.328 0.29 -0.852 0.583 -0.498 -0.106 -0.804 -0.43 -0.428 0.597 -0.188 -1 0.376 -0.277 -0.944 -0.719 -0.215 0.028 -0.725 -1 0.448 0.116 37.79681
0.595 -0.862 -0.743 -0.523 1 0.378 -0.317 -0.299 -0.554 -0.378 -0.543 -0.474 0.122 0.388 -0.357 -0.607 0.087 -0.912 -0.654 -0.717 -0.792 0.303 0.98 0.238 0.972 0.477 0.584 -0.328 0.385 0.482 -0.555 -0.579 0.889 0.263 -0.393 -0.181 0.128 0.837 -0.433 -0.366 -0.346 -0.587 -0.794 -0.463 0.865 0.085 -0.635 0.274 151.8524
0.712 -0.852 -0.944 -0.346 1 0.508 -0.786 -0.299 -0.707 -0.287 -0.504 -0.601 0.122 0.388 -0.344 -0.607 0.087 -0.912 -0.729 -0.717 -0.792 0.303 0.98 0.238 0.952 0.477 0.584 -0.328 0.644 -0.777 -0.463 -0.447 0.235 0.7 -0.124 -0.742 -0.737 -0.785 0.445 -0.676 -0.316 -0.079 0.418 0.134 -1 -0.848 0.721 -0.472 7
0.712 -0.798 -0.944 -0.412 1 0.508 -0.676 -0.299 -0.715 -0.287 -0.504 -0.601 0.122 0.388 -0.357 -0.607 0.087 -0.912 -0.654 -0.717 -0.792 0.303 0.98 0.238 0.972 0.477 0.584 -0.328 0.385 0.482 -0.555 -0.579 0.889 0.263 -0.393 -0.181 0.128 0.837 -0.433 -0.366 -0.346 -0.587 -0.794 -0.463 0.865 0.085 -0.635 0.274 108.8207
-0.953 -0.22 -0.911 -0.101 -0.572 0.704 -0.272 0.577 -0.656 -0.232 -0.737 0.152 0.612 -0.129 0.325 0.878 -0.027 -0.762 0.112 0.979 0.628 -0.394 -0.457 0.183 0.754 -1 1 -0.601 0.55 -0.813 -0.881 -0.073 0.19 0.711 0.085 -0.775 -0.505 -0.947 0.209 -0.529 -0.103 0.528 0.39 0.623 -0.764 -0.867 0.96 -0.551 4
-0.714 -0.028 -0.825 -0.155 -0.525 0.704 -0.17 0.577 -0.664 -0.145 -0.705 0.175 -0.499 0.148 0.273 -0.639 -0.205 0.775 0.013 -0.223 -0.49 -0.932 -0.483 -0.849 0.592 0.119 0.366 0.481 0.781 -0.94 -0.737 -0.007 0.375 0.711 0.085 -0.775 -0.505 -0.875 0.209 -0.307 -0.095 0.527 0.39 0.521 -0.764 -0.867 0.96 -0.731 7
-0.516 0.913 0.733 -0.656 -0.12 0.376 -0.676 0.158 -0.577 -0.652 -0.965 0.456 0.77 -0.123 0.595 1 0.62 1 0.524 0.04 -0.507 0.834 0.015 0.038 0.221 -0.667 0.521 0.49 0.772 0.01 -0.477 -0.004 0.467 -0.584 0.669 0.317 0.236 -0.45 0.249 0.208 -0.853 0.399 -0.296 0.095 0.431 -0.833 -0.308 -1 4
-0.446 -0.045 -1 -0.293 -0.706 0.597 -0.128 0.639 -0.884 -0.045 -0.587 0.227 0.219 0.673 -0.354 -0.765 0.055 -0.813 -0.654 -0.707 -0.986 0.303 0.947 0.392 1 0.183 0.476 -0.34 0.821 -0.532 -0.364 -0.117 0.267 0.596 0.114 -0.773 -0.541 -0.487 0.153 -0.628 -0.246 0.168 0.548 0.864 -0.818 -0.986 0.844 -0.466 12
-0.641 -0.22 -0.911 -0.206 -0.572 0.704 -0.276 0.577 -0.618 -0.232 -0.579 0.334 0.122 0.494 -0.357 -0.607 0.087 -0.912 -0.654 -0.717 -0.702 0.303 0.863 0.435 0.999 0.534 0.584 -0.328 0.795 -0.802 -0.62 -0.162 0.449 0.75 0.005 -0.661 -0.295 -0.688 0.112 -0.332 -0.092 0.341 0.299 1 -0.785 -0.674 1 -0.731 4
-0.641 -0.22 -0.911 -0.206 -0.572 0.704 -0.276 0.577 -0.618 -0.232 -0.579 0.334 -0.375 0.221 0.459 -0.471 -0.22 0.768 -0.035 -0.169 -0.329 -0.913 -0.573 -0.849 0.542 0.119 0.366 0.481 0.912 -0.98 0.757 -0.635 -1 -0.248 0.314 0.968 -0.595 0.613 -0.906 0.067 0.842 -0.898 0.361 -0.448 -0.858 -0.812 -0.727 0.642 4
-0.641 -0.22 -0.911 -0.206 -0.572 0.704 -0.276 0.577 -0.618 -0.232 -0.579 0.334 -0.642 0.169 0.193 -0.651 0.867 0.799 0.096 -0.863 0.033 0.917 -0.165 0.406 -0.509 0.946 0.149 0.01 0.795 -0.802 -0.62 -0.162 0.449 0.75 0.005 -0.661 -0.295 -0.688 0.112 -0.332 -0.092 0.341 0.299 1 -0.785 -0.674 1 -0.731 4
0.025 -0.154 0.608 0.087 -0.016 0.776 0.471 -0.216 0.714 0.664 0.075 -0.021 0.122 0.494 -0.357 -0.607 0.087 -0.912 -0.654 -0.717 -0.702 0.303 0.863 0.435 0.999 0.534 0.584 -0.328 0.686 0.848 0.059 0.816 -0.951 0.982 0.008 -0.577 0.156 -0.768 -0.205 -0.369 -0.433 -0.368 -0.977 0.251 0.352 -0.878 -0.579 -0.214 4
-0.351 0.867 0.759 -0.626 -0.183 0.376 -0.676 0.134 -0.564 -0.652 -0.965 0.425 -0.656 0.997 0.205 0.841 0.033 0.552 0.156 0.499 0.184 0.077 0.989 -0.966 0.804 0.948 0.829 0.647 0.912 -0.98 0.757 -0.265 -1 -0.174 0.314 1 -0.758 0.613 -0.906 0.277 0.842 -0.898 0.505 -0.448 -0.858 -1 -0.727 0.552 37.78794
-0.953 -0.358 -0.97 -0.101 -0.712 0.791 -0.272 0.577 -0.656 -0.232 -0.567 0.152 -0.725 0.169 0.193 -0.651 0.867 0.799 0.118 -1 0.033 0.917 -0.165 0.337 -0.509 1 0.067 0.01 0.243 0.408 -0.544 -0.622 0.64 0.181 -0.201 -0.127 -0.123 0.959 -0.704 -0.229 -0.126 -0.462 -0.553 -0.398 0.662 0.077 -0.057 0.366 4
-0.981 1 1 -0.639 -0.765 1 -0.922 0.139 0.887 -0.665 0.807 -0.196 0.217 0.017 0.724 0.889 -0.331 -0.577 0.301 1 0.226 -0.337 -0.277 0.433 0.683 -0.661 0.897 -1 0.644 -0.889 -0.563 -0.447 0.235 0.628 -0.284 -0.554 -0.737 -0.737 0.422 -0.524 -0.214 -0.079 0.228 0.243 -0.97 -0.855 0.904 -0.466 16
-0.505 1 0.759 -0.626 -0.04 0.333 -0.73 0.134 -0.43 -0.652 -1 0.427 0.123 0.088 -0.354 -0.562 -0.045 -0.749 -0.757 -0.741 -0.246 0.431 1 0.515 0.848 0.701 0.569 -0.019 0.686 0.958 0.059 0.636 -0.993 0.833 0.05 -0.796 -0.039 -1 -0.085 -0.288 -0.409 -0.368 -0.766 0.12 0.341 -1 -0.606 -0.214 4
-0.772 -0.381 -0.911 -0.206 -0.64 0.704 -0.15 0.549 -0.755 -0.119 -0.579 0.558 0.217 0.017 0.724 0.889 -0.431 -0.426 0.301 1 0.226 -0.337 -0.21 0.433 0.683 -0.464 0.776 -0.879 0.795 -0.848 -0.62 -0.351 0.215 0.638 0.061 -0.821 -0.274 -0.66 0.004 -0.277 -0.074 0.207 0.453 0.753 -0.899 -0.646 0.879 -1 106.2649
-0.981 0.829 1 -0.639 -0.765 0.918 -0.922 0.141 0.887 -0.665 0.807 -0.165 0.122 0.677 -0.357 -0.607 0.087 -0.912 -0.654 -0.707 -0.702 0.303 1 0.238 1 0.477 0.426 -0.34 0.565 -0.234 -0.406 -0.245 0.667 -0.469 0.427 0.187 0.314 0.162 0.343 0.097 -1 0.593 -0.306 0.095 0.316 -0.921 -0.259 -0.782 4
0.221 -0.029 0.753 0.181 0.162 0.95 0.117 -0.216 0.551 0.474 -0.08 -0.096 -0.501 0.221 0.548 -0.886 -0.18 0.74 -0.142 -0.123 -0.562 -0.825 -0.68 -0.855 0.562 0.397 0.269 0.376 -0.644 0.599 -0.457 -0.036 -0.725 -0.796 -0.177 0.822 -0.601 -0.777 0.347 0.01 -0.948 -0.555 -0.712 0.072 -1 -0.836 0.591 0.044 7
-0.48 0.91 0.477 -0.65 -0.06 0.678 -0.639 0.261 -0.835 -0.762 -0.712 0.272 -0.55 0.703 0.321 0.858 0.324 0.566 0.083 0.367 0.23 -0.092 0.821 -0.648 0.721 0.845 0.829 0.543 0.912 -0.98 0.757 -0.493 -1 -0.232 0.314 1 -0.561 0.554 -0.906 -0.016 0.842 -0.898 0.505 -0.448 -0.858 -0.939 -0.727 0.552 80.68191
-0.454 -0.32 -0.554 -0.104 -0.74 0.453 -0.46 0.841 -0.425 -0.082 -0.686 0.187 -0.074 0.611 -0.344 -0.309 -0.011 -0.917 -0.742 -0.997 -0.162 0.248 0.914 0.287 0.824 1 0.82 0.082 0.348 0.408 -0.452 -0.306 0.899 0.155 -0.285 -0.882 0.531 0.86 -0.493 -0.349 0.169 -0.946 -0.832 -0.89 0.822 -0.413 -0.56 0.312 4
0.712 -0.865 -1 -0.412 1 0.377 -0.676 -0.103 -0.764 -0.412 -0.561 -0.601 0.122 0.388 -0.357 -0.607 0.087 -0.912 -0.568 -0.717 -0.792 0.436 0.98 0.238 0.972 0.398 0.584 -0.268 0.516 -0.692 -0.86 -0.383 0.462 0.36 -0.106 -0.921 -0.627 -0.707 0.359 -0.599 -0.294 0.089 0.437 0.94 -0.94 -0.776 1 -0.432 7
-1 0.856 1 -0.772 -0.779 0.851 -1 0.286 0.949 -0.462 0.974 -0.156 0.007 0.05 -0.354 -0.512 -0.045 -0.703 -0.671 -0.741 -0.246 0.36 1 0.319 0.727 0.658 0.614 -0.019 0.644 -0.889 -0.563 -0.447 0.235 0.628 -0.284 -0.554 -0.737 -0.737 0.422 -0.524 -0.214 -0.079 0.228 0.243 -0.97 -0.855 0.904 -0.466 4
-0.516 1 0.759 -0.626 -0.056 0.333 -0.852 0.134 -0.533 -0.652 -1 0.456 0.217 0.017 0.724 0.889 -0.331 -0.577 0.301 1 0.226 -0.337 -0.277 0.433 0.683 -0.661 0.897 -1 0.67 -0.254 -0.312 -0.274 0.473 -0.845 0.274 0.287 0.262 -0.318 0.418 0.298 -1 0.628 -0.277 -0.09 0.493 -0.5 -0.633 -0.67 4
-1 0.929 1 -0.639 -0.703 1 -0.922 -0.029 0.853 -0.605 1 -0.077 -0.163 0.079 -0.391 -0.238 0.352 -0.729 -0.671 -0.703 -0.373 0.932 0.857 0.512 0.871 0.739 0.695 0.065 0.171 0.154 -0.555 -0.718 0.861 -0.064 -0.415 -0.504 0.211 0.837 -0.42 -0.576 -0.259 -0.587 -0.756 -0.578 0.779 0.079 -0.393 0.274 4
-0.334 0.906 0.731 -0.55 0.07 0.376 -0.656 0.1 -0.553 -0.782 -0.924 0.456 0.243 -0.142 0.265 0.791 -0.009 -0.65 0.078 1 0.224 -0.037 -0.467 0.433 0.581 -0.883 0.754 -0.831 0.781 -0.808 -0.671 -0.007 0.202 0.711 -0.101 -0.775 -0.521 -0.951 0.575 -0.37 -0.095 0.527 0.39 0.684 -0.764 -0.869 1 -0.85 7
0.221 -0.154 0.608 0.181 0.182 0.95 0.34 -0.412 0.907 0.59 0.1 0.079 0.122 0.388 -0.357 -0.607 0.087 -0.912 -0.654 -0.717 -0.792 0.303 0.98 0.238 0.972 0.477 0.584 -0.328 0.8 -0.951 -0.926 -0.162 0.358 0.543 0.085 -0.715 -0.238 -0.738 -0.074 -0.589 -0.109 0.583 0.39 0.588 -0.877 -0.839 0.96 -1 4
0.107 0.347 -0.871 0.336 0.074 0.514 -0.421 -0.956 -0.627 0.85 -0.835 -0.151 -0.632 0.703 0.432 0.841 0.157 0.507 0.156 0.409 0.305 -0.029 0.541 -0.938 0.657 0.948 0.829 0.647 0.912 -0.98 0.757 -0.493 -1 -0.232 0.314 0.968 -0.595 0.613 -0.906 0.067 0.842 -0.898 0.505 -0.448 -0.858 -0.939 -0.727 0.552 4
0.597 0.45 0.403 0.908 0.315 -0.644 -0.287 -0.886 0.455 -0.31 0.704 -0.567 -0.632 0.703 0.321 0.858 0.375 0.621 0.125 0.367 0.23 -0.092 0.833 -0.616 0.721 1 0.829 0.543 0.606 0.956 0.059 0.631 -0.853 0.982 0.008 -0.472 -0.261 -0.932 -0.205 -0.142 -0.508 -0.368 -0.945 0.242 0.384 -0.878 -0.489 -0.214 10
-0.981 1 1 -0.639 -0.765 1 -0.922 0.141 0.887 -0.665 0.807 -0.189 -0.393 -0.079 -0.567 0.074 0.371 -0.709 -0.94 -0.575 -0.173 0.676 -1 -0.202 0.169 0.458 0.21 -0.476 1 -0.532 -0.364 -0.275 0.267 0.783 0.114 -0.644 -0.541 -0.487 0.153 -0.628 -0.356 -0.001 0.548 0.831 -0.867 -0.99 1 -0.661 8
-0.953 -0.22 -1 -0.112 -0.715 0.824 -0.272 0.577 -0.656 -0.424 -0.64 0.152 -0.499 0.148 0.273 -0.639 -0.205 0.775 0.013 -0.223 -0.49 -0.932 -0.585 -0.651 0.592 0.119 0.294 0.481 0.55 -0.689 -0.881 -0.073 0.078 0.711 0.284 -0.86 -0.582 -1 0.209 -0.604 0.038 0.528 0.39 0.623 -0.764 -0.867 0.96 -0.551 7
-0.194 0.306 -1 -0.091 0.867 0.287 -0.253 -0.583 0.567 -1 0.371 0.14 0.122 0.494 -0.357 -0.648 0.087 -0.926 -0.454 -0.717 -0.702 0.303 0.98 0.097 0.999 0.477 0.584 -0.474 0.821 -0.532 -0.364 -0.275 0.267 0.783 0.114 -0.773 -0.541 -0.487 0.153 -0.628 -0.356 0.018 0.548 0.864 -0.818 -0.99 0.844 -0.466 6
-0.136 -0.154 0.608 0.332 -0.06 0.588 0.471 -0.216 0.714 0.664 0.075 -0.021 0.007 0.088 -0.354 -0.723 -0.045 -0.749 -0.671 -0.718 -0.246 0.431 1 0.418 0.956 0.667 0.75 0.065 0.751 -0.158 -0.477 -0.004 0.467 -0.495 0.669 0.317 0.188 -0.398 0.306 0.263 -0.9 0.565 -0.296 0.095 0.431 -1 -0.308 -1 4
0.712 -0.798 -0.944 -0.412 1 0.508 -0.676 -0.299 -0.715 -0.287 -0.504 -0.601 0.122 0.388 -0.357 -0.607 0.087 -0.912 -0.654 -0.717 -0.792 0.303 0.98 0.238 0.972 0.477 0.584 -0.328 0.644 -0.777 -0.563 -0.447 0.235 0.628 -0.284 -0.615 -0.737 -0.785 0.445 -0.524 -0.316 -0.079 0.418 0.317 -1 -0.855 0.721 -0.472 7
-0.54 0.901 0.325 -0.282 -0.18 0.975 -0.646 0.026 -0.665 -0.611 -0.508 0.425 -0.615 0.356 0.661 -0.556 0.597 0.799 0.143 -0.863 0.079 0.534 0.03 0.31 -0.653 0.697 0.293 0.01 0.42 0.363 -0.429 -0.792 0.648 0.058 -0.164 -0.609 0.231 1 -0.097 -0.323 -0.253 -0.711 -0.529 -0.627 1 -0.08 -0.202 0.207 4
0.221 -0.029 0.737 0.38 0.094 0.95 0.287 -0.216 0.737 0.658 -0.08 0.016 0.217 0.017 0.724 0.838 -0.282 -0.577 0.301 1 0.226 -0.337 -0.277 0.516 0.683 -0.661 0.897 -1 0.644 -1 -0.563 -0.447 0.235 0.628 -0.284 -0.554 -0.737 -0.824 0.422 -0.636 -0.214 -0.079 0.228 0.243 -0.97 -0.855 0.904 -0.564 7
-0.601 0.714 0.949 -1 -0.048 0.374 -0.457 0.017 -0.984 -0.808 -0.59 0.357 -0.615 0.356 0.517 -0.556 0.678 0.874 -0.021 -0.863 0.079 0.534 0.03 0.31 -0.583 0.697 0.111 0.178 0.67 -0.22 -0.312 -0.274 0.473 -0.845 0.434 0.248 0.174 -0.166 0.193 0.287 -0.897 0.635 -0.136 0.095 0.722 -0.692 -0.64 -0.855 4
-0.981 0.948 1 -0.639 -0.81 1 -0.922 -0.076 1 -0.605 1 -0.189 0.007 0.088 -0.354 -0.562 -0.045 -0.749 -0.671 -0.741 -0.246 0.431 1 0.515 0.848 0.755 0.569 0.065 0.821 1 0.059 0.729 -0.904 0.833 0.008 -0.87 -0.039 -1 -0.147 -0.235 -0.567 -0.192 -0.965 0.242 0.125 -0.899 -0.7 -0.214 12
-0.67 0.792 0.614 -0.863 -0.176 0.415 -0.572 0.141 -0.752 -0.781 -0.583 0.521 -0.538 0.938 0.32 1 -0.092 0.4 -0.136 0.303 -0.088 -0.243 1 -0.657 0.952 1 0.63 1 -0.644 0.626 -0.457 -0.187 -0.672 -0.639 -0.376 0.756 -0.572 -0.813 0.233 -0.079 -0.948 -0.983 -0.57 0.072 -0.936 -0.589 0.363 -0.062 5
-0.782 0.792 0.614 -0.863 -0.048 0.247 -0.627 0.286 -0.614 -0.781 -0.713 0.521 0.15 0.186 -0.518 -0.717 -0.121 -0.912 -0.671 -0.58 -0.288 0.429 1 0.498 0.971 0.737 0.408 0.051 -0.793 0.705 -0.457 -0.078 -0.87 -0.795 -0.519 0.779 -0.613 -0.859 0.175 0.123 -0.557 -0.914 -0.582 -0.047 -0.94 -0.761 0.365 -0.243 4
0.154 0.454 -0.871 0.336 0.079 0.708 -0.421 -1 -0.498 1 -0.835 0.025 0.109 -0.059 0.362 0.937 0.15 -0.304 0.065 1 0.138 -0.269 -0.426 0.433 0.513 -0.885 0.855 -0.893 0.606 0.956 0.059 0.631 -0.853 0.982 0.008 -0.472 -0.261 -0.932 -0.205 -0.142 -0.508 -0.368 -0.945 0.242 0.384 -0.878 -0.489 -0.214 4
0.597 0.45 0.403 0.908 0.315 -0.644 -0.287 -0.886 0.455 -0.31 0.704 -0.567 -0.393 -0.079 -0.567 0.074 0.371 -0.709 -0.94 -0.575 -0.173 0.676 -1 -0.202 0.169 0.458 0.21 -0.476 0.912 -0.98 0.757 -0.493 -1 -0.232 0.314 0.968 -0.595 0.613 -0.906 0.067 0.842 -0.898 0.505 -0.448 -0.858 -0.939 -0.727 0.552 4
-0.775 -0.22 -1 -0.206 -0.726 0.477 -0.142 0.577 -0.426 -0.228 -0.587 0.334 0.645 0.843 -1 -0.068 0.001 0.288 0.922 0.147 -0.101 0.444 0.517 0.476 -0.694 -0.894 -0.763 -0.173 -1 0.583 -0.498 -0.086 -0.804 -0.482 -0.623 0.566 -0.33 -1 0.376 -0.277 -0.755 -0.719 -0.312 0.212 -0.725 -1 0.448 0.067 6
0.593 -0.935 -0.743 -0.425 0.93 0.378 -0.248 -0.045 -0.477 -0.229 -0.4 -0.647 0.224 0.111 -0.13 -0.81 0.315 -0.912 -0.787 -0.977 -0.333 0.264 0.76 0.385 0.876 1 0.624 -0.002 -0.569 0.671 -0.148 0.214 -0.929 -0.791 0.044 0.718 -0.466 -1 0.74 -0.131 -0.552 -0.54 -0.644 -0.189 -1 -0.93 0.096 -0.039 7
-0.891 0.831 1 -0.639 -0.765 1 -0.922 0.067 0.887 -0.479 0.807 -0.189 0.083 0.088 -0.179 -0.713 0.113 -0.912 -0.671 -0.558 -0.246 0.431 1 0.547 1 0.807 0.544 0.065 0.418 0.37 -0.546 -0.672 0.701 0.214 -0.226 -0.743 0.231 1 -0.383 -0.473 -0.09 -0.704 -0.602 -0.463 1 -0.369 -0.202 0.525 4
-0.111 -0.154 0.608 0.22 -0.02 0.776 0.471 -0.216 0.829 0.718 0.236 -0.021 0.007 0.088 -0.354 -0.381 0.054 -0.749 -0.671 -0.799 -0.224 0.299 0.928 0.515 0.848 0.755 0.569 0.065 0.751 -0.321 -0.477 -0.004 0.467 -0.657 0.619 0.512 0.222 -0.398 0.306 0.263 -0.9 0.216 -0.296 0.205 0.618 -0.792 -0.308 -1 4
-0.775 -0.11 -0.911 -0.206 -0.572 0.704 -0.078 0.577 -0.662 -0.232 -0.696 0.071 1 0.029 0.782 1 0.577 1 0.457 0.196 -0.463 0.831 -0.047 0.038 0.041 -0.646 0.77 0.427 0.885 0.608 0.059 0.816 -0.608 0.891 -0.128 -0.762 -0.054 -0.721 -0.395 -0.331 -0.508 -0.329 -0.812 0.222 0.242 -0.765 -0.748 -0.214 7
-0.068 0.306 -1 -0.02 0.724 0.226 -0.253 -0.583 0.567 -0.849 0.371 0.14 0.122 0.494 -0.357 -0.607 0.208 -1 -0.726 -0.717 -0.702 0.303 0.881 0.218 0.999 0.477 0.584 -0.218 0.686 1 0.059 0.816 -0.734 0.891 0.008 -0.762 -0.054 -0.81 -0.529 -0.32 -0.508 -0.171 -0.949 0.146 0.341 -0.844 -0.579 -0.214 5
0.315 0.395 -0.871 0.136 0.079 0.692 -0.421 -1 -0.474 1 -0.835 -0.151 0.109 -0.236 0.297 0.762 0.15 -0.304 0.23 1 0.138 -0.215 -0.572 0.433 0.521 -0.885 0.855 -0.893 1 -0.532 -0.364 -0.275 0.267 0.783 0.114 -0.644 -0.541 -0.487 0.153 -0.628 -0.356 -0.001 0.548 0.831 -0.867 -0.99 1 -0.661 4
-0.517 0.792 0.614 -0.863 0.008 0.388 -0.673 0.141 -0.752 -0.781 -0.583 0.521 0.122 0.55 -0.459 -0.607 0.087 -0.812 -0.803 -0.717 -0.471 0.303 1 0.395 0.935 0.477 0.424 -0.328 0.885 0.766 0.059 0.816 -0.608 0.891 -0.128 -0.762 -0.054 -0.721 -0.395 -0.331 -0.508 -0.329 -0.771 0.222 0.242 -0.758 -0.748 -0.214 12
-0.641 -0.22 -0.911 -0.206 -0.572 0.704 -0.276 0.577 -0.618 -0.232 -0.579 0.334 0.122 0.494 -0.357 -0.648 0.236 -0.926 -0.454 -0.717 -0.702 0.303 0.98 0.032 0.999 0.477 0.584 -0.474 1 -0.532 -0.364 -0.275 0.267 0.783 0.114 -0.644 -0.541 -0.487 0.153 -0.628 -0.356 -0.001 0.548 0.831 -0.867 -0.99 1 -0.661 4
-0.953 -0.22 -0.911 -0.101 -0.572 0.704 -0.272 0.577 -0.656 -0.232 -0.737 0.2 0.122 0.494 -0.357 -0.607 0.087 -0.912 -0.654 -0.717 -0.702 0.303 0.863 0.435 0.999 0.534 0.584 -0.328 0.795 -0.802 -0.62 -0.162 0.449 0.75 0.005 -0.661 -0.295 -0.688 0.112 -0.332 -0.092 0.341 0.299 1 -0.785 -0.674 1 -0.731 4
-0.777 0.864 0.785 -0.923 -0.048 0.415 -0.713 -0.13 -0.752 -0.76 -0.626 0.796 0.95 0.006 0.631 1 0.769 0.812 0.552 0.118 -0.406 0.77 -0.047 0.213 0.343 -0.646 0.668 0.373 0.686 0.958 0.255 0.636 -0.855 0.833 0.03 -0.901 0.137 -0.845 0.034 -0.235 -0.508 -0.539 -0.804 0.26 0.341 -1 -0.579 -0.214 6
0.023 -0.154 0.608 0.195 -0.016 0.95 0.471 -0.246 0.777 0.786 0.075 -0.021 -0.533 0.356 0.517 -0.541 0.678 0.799 0.143 -0.863 0.079 0.534 0.03 0.31 -0.583 0.697 0.111 0.01 -0.733 0.676 -0.484 -0.036 -0.852 -0.773 -0.662 0.751 -0.607 -0.813 0.233 0.01 -0.948 -0.648 -0.57 0.172 -1 -0.632 0.413 -0.163 7
-0.915 0.948 1 -0.705 -0.611 1 -0.922 -0.192 0.959 -0.621 1 0.046 0.122 0.494 -0.357 -0.607 0.087 -0.912 -0.654 -0.717 -0.702 0.303 0.863 0.435 0.999 0.534 0.584 -0.328 0.529 0.37 -0.496 -0.672 0.701 0.214 -0.051 -0.609 0.231 1 -0.287 -0.473 -0.29 -0.587 -0.602 -0.8 0.742 -0.538 -0.33 0.719 4
-0.641 -0.22 -0.911 -0.206 -0.572 0.692 -0.276 0.531 -0.618 -0.156 -0.579 0.334 0.15 0.186 -0.179 -0.6 -0.068 -0.912 -0.671 -0.434 -0.334 0.498 1 0.64 0.939 0.737 0.495 0.051 0.912 -0.98 0.727 -0.493 -1 -0.232 0.314 0.877 -0.743 0.613 -0.906 0.067 0.842 -0.989 0.505 -0.448 -0.858 -0.939 -0.727 0.552 4
-0.735 0.962 0.851 -0.987 -0.048 0.415 -0.713 -0.181 -0.752 -0.76 -0.747 0.533 0.399 -0.038 0.232 1 -0.044 -0.65 0.121 0.963 0.185 -0.269 -0.277 0.291 0.513 -0.882 0.754 -0.878 0.572 0.958 0.059 0.871 -0.795 0.804 0.038 -0.762 -0.039 -0.802 0.06 -0.239 -0.449 -0.368 -0.987 0.196 0.45 -0.827 -0.646 -0.055 12
-0.981 0.948 1 -0.639 -0.81 1 -0.922 -0.076 1 -0.605 1 -0.189 0.164 0.229 -0.395 -0.792 0.068 -0.768 -0.511 -0.606 -0.702 0.303 0.813 0.158 1 0.604 0.584 -0.328 0.67 -0.22 -0.312 -0.274 0.473 -0.845 0.434 0.248 0.174 -0.166 0.193 0.287 -0.897 0.635 -0.136 0.095 0.722 -0.692 -0.64 -0.855 4
0.221 -0.029 0.737 0.181 0.162 0.95 0.267 -0.216 0.737 0.474 -0.08 -0.026 -0.501 0.221 0.462 -0.886 -0.18 0.74 -0.142 -0.123 -0.562 -0.825 -0.68 -0.855 0.415 0.209 0.269 0.376 0.674 -0.94 -0.881 -0.073 0.375 0.711 0.085 -0.775 -0.505 -0.875 0.209 -0.495 -0.103 0.528 0.39 0.521 -0.764 -0.867 0.96 -0.731 7
-0.432 -0.32 -0.554 -0.095 -0.74 0.453 -0.46 0.841 -0.568 0.075 -0.551 0.187 -0.074 0.611 -0.344 -0.309 0.151 -1 -0.742 -0.997 -0.162 0.06 0.79 0.287 0.874 1 0.82 0.123 0.348 0.408 -0.452 -0.447 0.875 0.1 -0.285 -0.882 0.531 0.86 -0.36 -0.349 0.169 -0.861 -0.832 -0.89 0.822 -0.463 -0.56 0.312 4
-0.981 1 0.931 -0.821 -0.765 1 -1 0.141 0.887 -0.535 0.815 -0.189 0.122 0.494 -0.357 -0.607 0.087 -0.912 -0.654 -0.695 -0.781 0.303 0.98 0.238 0.999 0.477 0.584 -0.328 0.915 -1 0.574 -0.302 -0.718 -0.17 0.419 1 -0.696 0.585 -0.622 -0.251 0.723 -0.809 0.718 -0.673 -1 -1 -0.889 0.552 4
-0.795 0.913 0.771 -1 -0.048 0.216 -0.627 0.309 -0.87 -0.781 -0.583 0.521 -0.501 0.221 0.562 -0.81 -0.208 0.837 -0.15 -0.123 -0.562 -0.825 -0.68 -0.855 0.415 0.209 0.269 0.362 0.686 0.958 0.059 0.636 -0.855 0.833 0.008 -0.901 -0.039 -1 -0.085 -0.235 -0.508 -0.368 -0.804 0.242 0.341 -1 -0.579 -0.214 7
-0.454 -0.32 -0.554 -0.104 -0.74 0.453 -0.46 0.841 -0.425 -0.082 -0.686 0.187 0.122 0.494 -0.357 -0.648 0.087 -0.926 -0.454 -0.717 -0.702 0.303 0.98 0.097 0.999 0.477 0.584 -0.474 0.348 0.408 -0.452 -0.306 0.899 0.155 -0.285 -0.882 0.531 0.86 -0.493 -0.349 0.169 -0.946 -0.832 -0.89 0.822 -0.413 -0.56 0.312 4
-0.194 0.306 -1 -0.091 0.867 0.287 -0.253 -0.583 0.567 -1 0.371 0.14 -0.074 0.611 -0.344 -0.309 -0.011 -0.917 -0.742 -0.997 -0.162 0.248 0.914 0.287 0.824 1 0.82 0.082 0.821 -0.532 -0.364 -0.275 0.267 0.783 0.114 -0.773 -0.541 -0.487 0.153 -0.628 -0.356 0.018 0.548 0.864 -0.818 -0.99 0.844 -0.466 7
-0.48 0.91 0.36 -0.573 -0.06 0.858 -0.594 0.22 -0.757 -0.762 -0.712 0.272 -0.581 0.703 0.321 0.858 0.375 0.621 0.125 0.367 0.23 -0.092 0.833 -0.616 0.721 0.907 0.897 0.651 0.665 1 0.059 0.816 -0.73 0.801 0.16 -0.762 -0.424 -0.94 -0.375 -0.235 -0.388 -0.468 -1 0.33 0.431 -0.779 -0.663 -0.091 7
-0.516 1 0.759 -0.626 -0.056 0.333 -0.852 0.134 -0.533 -0.652 -1 0.456 -0.632 0.703 0.432 0.841 0.157 0.507 0.156 0.409 0.305 0.045 0.712 -0.862 0.657 0.948 0.829 0.647 0.973 -0.217 -1 -0.964 0.858 -0.629 0.461 -0.922 0.232 -0.657 0.033 -0.427 0.177 0.811 -0.53 0.889 -0.161 0.928 -0.475 -0.054 34.8881
-0.516 0.837 0.675 -0.626 -0.012 0.376 -0.56 0.134 -0.745 -0.727 -0.851 0.375 0.122 0.677 -0.357 -0.607 0.087 -0.912 -0.654 -0.707 -0.702 0.303 1 0.238 1 0.477 0.426 -0.34 1 -0.758 0.071 -0.199 0.219 0.253 -0.119 -0.5 -0.305 -0.287 0.136 -0.452 -0.206 0.06 0.345 0.923 -0.824 -0.874 1 -0.828 8
-0.674 -0.381 -0.911 -0.206 -0.64 0.704 -0.276 0.549 -0.618 -0.119 -0.579 0.558 0.821 0.634 -1 -0.068 -0.117 0.205 0.922 -0.026 0.022 0.614 0.517 0.343 -0.678 -0.901 -0.674 -0.057 0.795 -0.848 -0.62 -0.326 0.215 0.638 -0.058 -0.661 -0.274 -0.646 0.112 -0.277 -0.189 0.207 0.453 0.753 -0.899 -0.646 0.879 -0.824 4
-0.54 0.901 0.325 -0.282 -0.18 0.975 -0.646 0.026 -0.665 -0.611 -0.508 0.425 0.217 0.017 0.724 0.838 -0.282 -0.577 0.301 1 0.226 -0.337 -0.277 0.516 0.683 -0.661 0.897 -1 0.42 0.363 -0.429 -0.792 0.648 0.058 -0.164 -0.609 0.231 1 -0.097 -0.323 -0.253 -0.711 -0.529 -0.627 1 -0.08 -0.202 0.207 7
-0.777 0.864 0.785 -0.923 -0.048 0.415 -0.713 -0.13 -0.752 -0.76 -0.626 0.796 0.95 0.006 0.631 1 0.769 0.812 0.552 0.118 -0.406 0.77 -0.047 0.213 0.343 -0.646 0.668 0.373 -0.733 0.676 -0.484 -0.036 -0.852 -0.773 -0.662 0.751 -0.607 -0.813 0.233 0.01 -0.948 -0.648 -0.57 0.172 -1 -0.632 0.413 -0.163 4
-0.775 -0.31 -1 -0.153 -0.572 0.704 -0.36 0.577 -0.779 -0.485 -0.674 0.334 0.408 -0.241 0.362 0.937 -0.034 -0.61 0.121 1 0.261 -0.261 -0.277 0.901 0.675 -0.766 0.754 -0.831 0.912 -0.98 0.757 -0.493 -1 -0.175 0.314 0.958 -0.595 0.613 -0.906 0.15 0.946 -0.898 0.505 -0.448 -0.858 -0.804 -0.727 0.651 4
0.583 -0.933 -1 -0.425 1 0.218 0.019 -0.14 -0.488 -0.597 -0.306 -0.317 -0.068 0.269 -0.69 -0.607 0.087 -0.871 -0.654 -0.638 -0.702 0.234 0.98 0.238 1 0.669 0.515 -0.173 0.542 0.695 -0.219 -0.531 0.982 0.249 -0.396 -0.288 0.128 0.938 -0.41 -0.268 -0.42 -0.497 -0.798 -0.679 0.753 -0.085 -0.67 0.444 4
-0.641 -0.22 -0.911 -0.206 -0.572 0.704 -0.276 0.577 -0.618 -0.232 -0.579 0.334 -0.501 0.396 0.562 -0.833 -0.18 0.74 -0.224 -0.169 -0.618 -1 -0.497 -0.945 0.415 0.209 0.171 0.481 0.377 0.523 -0.577 -0.518 0.8 0.304 -0.201 -0.192 0.231 0.959 -0.57 -0.529 -0.126 -0.415 -0.553 -0.398 0.705 0.082 -0.148 0.366 7
-1 0.819 1 -0.639 -0.703 1 -0.638 -0.076 1 -0.605 0.84 -0.077 0.122 0.494 -0.357 -0.607 0.087 -0.912 -0.654 -0.717 -0.702 0.303 0.863 0.435 0.999 0.534 0.584 -0.328 0.795 -0.802 -0.62 -0.162 0.449 0.75 0.005 -0.661 -0.295 -0.688 0.112 -0.332 -0.092 0.341 0.299 1 -0.785 -0.674 1 -0.731 4
0.593 -0.935 -0.743 -0.425 0.93 0.378 -0.248 -0.045 -0.477 -0.031 -0.4 -0.647 -0.381 0.938 0.189 0.943 0.095 0.4 -0.057 0.303 -0.088 -0.243 1 -0.639 0.952 1 0.63 1 0.496 -0.94 -0.882 -0.073 0.375 0.711 0.085 -0.775 -0.505 -0.875 0.209 -0.495 -0.158 0.528 0.39 0.591 -0.764 -0.867 0.963 -0.731 7
-0.953 -0.22 -0.911 -0.101 -0.572 0.704 -0.272 0.577 -0.656 -0.232 -0.737 0.2 0.122 0.494 -0.357 -0.648 0.236 -0.926 -0.454 -0.717 -0.702 0.303 0.98 0.032 0.999 0.477 0.584 -0.474 -0.852 0.583 -0.498 0.088 -0.804 -0.482 -0.623 0.597 -0.188 -1 0.376 -0.277 -0.755 -0.719 -0.215 0.028 -0.725 -1 0.448 0.116 55.9137
-0.54 0.901 0.325 -0.282 -0.18 0.975 -0.646 0.026 -0.665 -0.611 -0.508 0.425 1 0.061 0.927 0.922 0.577 0.958 0.504 0.04 -0.454 0.865 0.05 0.129 0.059 -0.764 0.705 0.236 0.565 -0.234 -0.406 -0.269 0.667 -0.469 0.601 0.187 0.314 0.053 0.343 0.097 -1 0.593 -0.306 0.095 0.424 -0.921 -0.259 -0.782 4
-0.48 0.91 0.36 -0.65 -0.06 0.678 -0.594 0.261 -0.835 -0.762 -0.712 0.272 0.714 -0.241 0.325 0.878 0.023 -0.762 0.013 0.979 0.628 -0.394 -0.606 0.183 0.501 -1 1 -0.601 1 -0.532 -0.364 -0.275 0.267 0.783 0.114 -0.644 -0.541 -0.487 0.153 -0.628 -0.356 -0.001 0.548 0.831 -0.867 -0.99 1 -0.661 4
-0.67 0.792 0.614 -0.863 -0.048 0.247 -0.627 0.141 -0.752 -0.781 -0.583 0.521 0.645 0.843 -1 -0.068 0.001 0.288 0.922 0.147 -0.101 0.444 0.517 0.476 -0.694 -0.894 -0.763 -0.173 -0.793 0.705 -0.457 -0.078 -0.87 -0.859 -0.35 0.687 -0.613 -0.859 0.207 0.123 -0.604 -0.725 -0.407 -0.062 -0.94 -0.761 0.192 -0.243 4
-0.775 -0.22 -1 -0.206 -0.726 0.477 -0.142 0.577 -0.426 -0.228 -0.587 0.334 0.15 0.186 -0.179 -0.6 0.113 -0.912 -0.671 -0.58 -0.334 0.429 1 0.64 0.911 0.737 0.495 0.051 -1 0.583 -0.498 -0.086 -0.804 -0.482 -0.623 0.566 -0.33 -1 0.376 -0.277 -0.755 -0.719 -0.312 0.212 -0.725 -1 0.448 0.067 4
-0.516 1 0.759 -0.626 -0.056 0.333 -0.852 0.134 -0.533 -0.652 -1 0.456 0.068 0.846 0.637 -0.982 -0.771 0.345 0.123 0.283 0.106 0.04 -0.665 -0.195 -0.426 -0.793 0.961 1 0.529 0.534 -0.469 -0.672 0.701 0.214 -0.399 -0.609 0.231 1 -0.383 -0.342 -0.09 -0.705 -0.602 -0.633 0.879 -0.369 -0.202 0.43 4
-0.641 -0.028 -0.717 -0.206 -0.64 0.553 -0.276 0.673 -0.618 -0.119 -0.579 0.502 -0.632 0.703 0.432 0.841 0.157 0.507 0.156 0.409 0.305 0.045 0.712 -0.862 0.657 0.948 0.829 0.647 0.973 -0.217 -1 -0.964 0.858 -0.629 0.461 -0.922 0.232 -0.657 0.033 -0.427 0.177 0.811 -0.53 0.889 -0.161 0.928 -0.475 -0.054 12
-0.542 -0.028 -0.933 -0.211 -0.525 0.704 -0.17 0.577 -0.623 -0.145 -0.705 0.175 0.95 0.006 0.631 1 0.769 0.812 0.552 0.118 -0.406 0.77 -0.047 0.213 0.343 -0.646 0.668 0.373 0.795 -0.802 -0.62 -0.162 0.449 0.75 0.005 -0.661 -0.295 -0.688 0.112 -0.332 -0.092 0.341 0.299 1 -0.785 -0.674 1 -0.731 4
-0.775 -0.22 -1 -0.206 -0.726 0.597 -0.142 0.577 -0.426 -0.228 -0.587 0.334 0.95 0.006 0.631 1 0.577 0.812 0.552 0.118 -0.406 0.77 -0.047 0.213 0.343 -0.646 0.558 0.373 -0.69 0.626 -0.361 -0.409 -0.87 -0.725 -0.35 0.713 -0.385 -0.686 0.322 0.01 -0.889 -0.605 -0.57 0.006 -1 -0.761 0.459 -0.125 4
-0.915 0.948 1 -0.705 -0.611 1 -0.922 -0.192 0.959 -0.621 1 0.046 -0.524 -0.235 -0.714 0.092 0.221 -0.755 -0.751 -0.688 -0.312 0.536 -0.977 -0.084 0.315 0.072 0.155 -0.411 0.912 -0.98 0.727 -0.493 -1 -0.232 0.314 0.877 -0.743 0.613 -0.906 0.067 0.842 -0.989 0.505 -0.448 -0.858 -0.939 -0.727 0.552 4
-0.651 0.887 1 -0.615 -0.741 1 -0.431 0.101 0.853 -0.735 0.849 0.07 0.15 0.186 -0.179 -0.6 -0.068 -0.912 -0.671 -0.434 -0.334 0.498 1 0.64 0.939 0.737 0.495 0.051 -0.644 0.626 -0.457 -0.036 -0.672 -0.639 -0.35 0.713 -0.557 -0.813 0.233 0.01 -0.948 -0.648 -0.57 0.072 -0.936 -0.761 0.413 -0.125 4
-0.981 1 0.931 -0.821 -0.765 1 -1 0.141 0.887 -0.535 0.815 -0.189 1 0.01 0.869 1 0.577 0.775 0.524 0.005 -0.235 0.865 -0.047 -0.07 0.023 -0.611 0.659 0.337 0.915 -1 0.574 -0.302 -0.718 -0.17 0.419 1 -0.696 0.585 -0.622 -0.251 0.723 -0.809 0.718 -0.673 -1 -1 -0.889 0.552 4
-0.037 0.306 -1 -0.211 0.867 0.287 -0.253 -0.583 0.567 -0.849 0.371 0.14 -0.501 0.221 0.562 -0.81 -0.208 0.837 -0.15 -0.127 -0.562 -0.711 -0.68 -0.855 0.415 0.321 0.269 0.462 0.786 -0.889 -0.45 -0.447 0.235 0.508 -0.284 -0.63 -0.855 -0.615 0.422 -0.341 -0.214 -0.079 0.228 0.243 -0.97 -0.992 0.93 -0.431 5
-0.54 0.901 0.325 -0.282 -0.033 0.975 -0.646 -0.145 -0.825 -0.611 -0.508 0.425 1 0.061 0.927 0.922 0.577 0.95 0.504 0.034 -0.454 0.671 0.072 0.129 0.059 -0.764 0.856 0.236 0.496 -0.94 -0.882 -0.189 0.375 0.588 0.085 -0.629 -0.505 -0.875 0.051 -0.495 0.004 0.574 0.39 0.532 -0.764 -0.867 1 -0.731 4
-0.48 0.91 0.36 -0.65 -0.06 0.678 -0.594 0.261 -0.835 -0.762 -0.712 0.272 0.217 0.017 0.724 0.838 -0.282 -0.577 0.301 1 0.226 -0.337 -0.277 0.516 0.683 -0.661 0.897 -1 0.42 0.363 -0.429 -0.792 0.648 0.058 -0.164 -0.609 0.231 1 -0.097 -0.323 -0.253 -0.711 -0.529 -0.627 1 -0.08 -0.202 0.207 7
-0.981 1 0.931 -0.821 -0.765 1 -1 0.141 0.887 -0.535 0.815 -0.189 -0.501 0.221 0.562 -0.81 -0.208 0.837 -0.15 -0.123 -0.562 -0.825 -0.68 -0.855 0.415 0.209 0.269 0.362 0.915 -1 0.574 -0.302 -0.718 -0.17 0.419 1 -0.696 0.585 -0.622 -0.251 0.723 -0.809 0.718 -0.673 -1 -1 -0.889 0.552 4
-0.981 1 0.931 -0.821 -0.765 1 -1 0.141 0.887 -0.535 0.815 -0.189 -0.501 0.221 0.562 -0.81 -0.208 0.837 -0.15 -0.123 -0.562 -0.825 -0.68 -0.855 0.415 0.209 0.269 0.362 0.915 -1 0.574 -0.302 -0.718 -0.17 0.419 1 -0.696 0.585 -0.622 -0.251 0.723 -0.809 0.718 -0.673 -1 -1 -0.889 0.552 4
-0.953 -0.22 -0.914 -0.101 -0.572 0.704 -0.272 0.577 -0.656 -0.232 -0.737 0.075 0.243 0.002 0.265 0.692 -0.009 -0.626 0.011 1 0.224 -0.042 -0.467 0.433 0.521 -0.999 0.754 -0.831 0.542 0.695 -0.374 -0.531 0.982 0.314 -0.405 -0.104 0.122 0.805 -0.53 -0.268 -0.033 -0.497 -0.798 -0.679 0.865 0.192 -0.845 0.444 4
-1 0.929 1 -0.639 -0.703 1 -0.922 -0.029 0.853 -0.605 1 -0.077 -0.068 0.269 -0.69 -0.607 0.087 -0.912 -0.654 -0.638 -0.702 0.234 0.98 0.238 1 0.669 0.515 -0.173 0.171 0.154 -0.555 -0.718 0.861 -0.064 -0.415 -0.504 0.211 0.837 -0.42 -0.576 -0.259 -0.587 -0.756 -0.578 0.779 0.079 -0.393 0.274 48.74033
-1 0.948 1 -0.455 -0.684 1 -0.922 -0.076 1 -0.605 1 -0.339 0.122 0.642 -0.357 -0.61 0.087 -0.912 -0.654 -0.707 -0.702 0.303 1 0.238 1 0.379 0.584 -0.34 0.348 0.098 -0.452 -0.339 0.899 0.282 -0.255 -0.748 0.313 0.885 -0.493 -0.227 -0.244 -0.76 -0.703 -0.617 0.918 -0.223 -0.297 0.317 16
0.221 -0.154 0.608 0.181 0.182 0.95 0.34 -0.412 0.907 0.59 0.1 0.079 0.122 0.388 -0.357 -0.607 0.087 -0.912 -0.654 -0.717 -0.792 0.303 0.98 0.238 0.972 0.477 0.584 -0.328 0.8 -0.951 -0.926 -0.162 0.358 0.543 0.085 -0.715 -0.238 -0.738 -0.074 -0.589 -0.109 0.583 0.39 0.588 -0.877 -0.839 0.96 -1 4
-0.795 0.913 0.771 -1 -0.048 0.216 -0.627 0.309 -0.87 -0.781 -0.583 0.521 0.122 0.494 -0.357 -0.607 0.087 -0.912 -0.654 -0.695 -0.781 0.303 0.98 0.238 0.999 0.477 0.584 -0.328 0.781 -0.94 -0.737 -0.007 0.375 0.711 0.085 -0.775 -0.505 -0.875 0.209 -0.307 -0.095 0.527 0.39 0.521 -0.764 -0.867 0.96 -0.731 8
-0.67 0.792 0.614 -1 -0.18 0.331 -0.627 0.141 -0.775 -0.781 -0.67 0.521 0.217 0.017 0.382 0.643 -0.48 -0.467 0.435 1 0.264 -0.421 -0.053 0.519 0.858 -0.333 1 -0.76 0.795 -0.926 -0.62 -0.249 0.375 0.557 -0.124 -0.661 0.041 -0.646 0.112 -0.415 -0.132 0.341 0.453 0.753 -0.899 -0.698 0.879 -0.824 83.5947
0.107 0.42 -0.871 0.297 0.074 0.514 -0.421 -0.901 -0.561 0.85 -0.835 -0.151 -0.001 0.846 0.637 -0.874 -0.789 0.345 0.231 0.309 0.106 0.159 -0.665 -0.195 -0.426 -0.596 0.961 1 0.912 -0.98 0.757 -0.469 -1 -0.232 0.314 0.77 -0.595 0.556 -0.906 0.067 0.842 -0.898 0.505 -0.564 -0.858 -0.939 -0.891 0.552 4
-0.194 0.306 -1 -0.091 0.867 0.287 -0.253 -0.583 0.567 -1 0.371 0.14 -0.632 0.703 0.432 0.841 0.157 0.507 0.156 0.409 0.305 -0.029 0.541 -0.938 0.657 0.948 0.829 0.647 0.821 -0.532 -0.364 -0.275 0.267 0.783 0.114 -0.773 -0.541 -0.487 0.153 -0.628 -0.356 0.018 0.548 0.864 -0.818 -0.99 0.844 -0.466 10
-0.651 0.887 1 -0.615 -0.741 0.933 -0.231 0.152 0.853 -0.735 0.849 -0.102 0.26 -0.059 0.362 1 0.15 -0.147 0.07 1 0.201 -0.151 -0.426 0.394 0.684 -0.99 0.79 -0.714 0.565 -0.234 -0.289 -0.269 0.667 -0.469 0.785 0.187 0.314 0.053 0.343 0.097 -1 0.663 -0.224 0.095 0.424 -1 -0.076 -0.782 78.24191
-0.044 0.261 -0.547 0.336 0.079 0.708 -0.483 -1 -0.596 0.843 -0.835 -0.205 -0.375 0.221 0.459 -0.639 -0.18 0.775 -0.035 -0.169 -0.49 -0.932 -0.573 -0.849 0.542 0.119 0.366 0.481 0.686 1 0.175 0.759 -0.73 0.808 0.16 -0.762 -0.063 -0.845 -0.375 -0.09 -0.388 -0.596 -0.95 0.33 0.574 -0.91 -0.579 -0.091 7
0.63 -1 -0.811 -0.253 1 0.378 -0.447 -0.126 -0.294 -0.229 -0.341 -0.647 -0.074 0.473 -0.344 -0.309 -0.011 -0.917 -0.742 -0.997 -0.162 0.248 0.914 0.45 0.895 1 0.876 -0.005 0.348 0.425 -0.47 -0.306 0.899 0.155 -0.285 -0.882 0.531 0.86 -0.493 -0.349 0.169 -0.946 -0.828 -0.89 0.993 -0.224 -0.656 0.312 4
-0.454 -0.32 -0.554 -0.104 -0.74 0.453 -0.46 0.841 -0.425 -0.082 -0.686 0.187 -0.074 0.611 -0.344 -0.309 -0.011 -0.917 -0.742 -0.997 -0.162 0.248 0.914 0.287 0.824 1 0.82 0.082 0.348 0.408 -0.452 -0.306 0.899 0.155 -0.285 -0.882 0.531 0.86 -0.493 -0.349 0.169 -0.946 -0.832 -0.89 0.822 -0.413 -0.56 0.312 4
0.597 0.45 0.403 0.908 0.315 -0.644 -0.287 -0.886 0.455 -0.31 0.704 -0.567 -0.393 -0.079 -0.567 0.074 0.371 -0.709 -0.94 -0.575 -0.173 0.676 -1 -0.202 0.169 0.458 0.21 -0.476 0.606 0.956 0.059 0.631 -0.853 0.982 0.008 -0.472 -0.261 -0.932 -0.205 -0.142 -0.508 -0.368 -0.945 0.242 0.384 -0.878 -0.489 -0.214 4
-0.981 0.948 1 -0.639 -0.81 1 -0.922 -0.076 1 -0.605 1 -0.189 0.233 0.476 -0.404 -0.434 -0.193 -0.939 -0.803 -0.717 -0.558 0.117 0.98 0.427 0.739 0.568 0.493 -0.328 0.308 0.341 -0.489 -0.519 0.737 0.338 -0.201 -0.299 0.421 1 -0.676 -0.529 -0.202 -0.333 -0.697 -0.275 0.705 -0.043 -0.302 0.376 4
0.712 -0.798 -0.944 -0.412 1 0.508 -0.676 -0.299 -0.715 -0.287 -0.504 -0.601 0.122 0.388 -0.357 -0.607 0.087 -0.912 -0.654 -0.717 -0.792 0.303 0.98 0.238 0.972 0.477 0.584 -0.328 0.751 0.034 -0.477 -0.004 0.467 -0.584 0.669 0.317 0.236 -0.45 0.249 0.263 -0.9 0.399 -0.296 0.095 0.431 -0.833 -0.308 -1 4
-0.516 0.913 0.759 -0.626 -0.056 0.376 -0.676 0.134 -0.584 -0.652 -0.965 0.456 -0.563 0.169 0.193 -0.63 0.867 0.799 0.196 -0.863 0.033 0.917 0.03 0.31 -0.509 0.75 0.111 0.01 0.644 -0.777 -0.563 -0.447 0.235 0.628 -0.284 -0.615 -0.737 -0.785 0.445 -0.524 -0.316 -0.079 0.418 0.317 -1 -0.855 0.721 -0.472 4
-0.641 -0.028 -0.717 -0.206 -0.64 0.553 -0.276 0.673 -0.618 -0.119 -0.579 0.502 0.068 0.846 0.637 -0.982 -0.771 0.345 0.123 0.283 0.106 0.04 -0.665 -0.195 -0.426 -0.793 0.961 1 -0.69 0.626 -0.361 -0.45 -0.87 -0.725 -0.35 0.713 -0.582 -0.686 0.322 0.01 -0.889 -0.605 -0.57 0.006 -0.878 -0.761 0.459 -0.085 4
-0.516 -0.22 -0.878 -0.025 -0.445 0.704 -0.276 0.549 -0.618 -0.119 -0.586 0.391 -0.074 0.806 -0.361 -0.309 -0.011 -0.779 -0.742 -0.997 -0.162 0.208 0.914 0.287 0.824 1 0.82 0.082 0.529 0.534 -0.469 -0.672 0.701 0.214 -0.399 -0.609 0.231 1 -0.383 -0.342 -0.09 -0.705 -0.602 -0.633 0.879 -0.369 -0.202 0.43 4
-1 1 1 -0.455 -0.684 1 -0.922 -0.026 1 -0.532 1 -0.339 0.77 -0.123 0.595 1 0.62 1 0.524 0.04 -0.507 0.834 0.015 0.038 0.221 -0.667 0.521 0.49 0.772 0.01 -0.477 -0.004 0.467 -0.584 0.669 0.317 0.236 -0.45 0.249 0.208 -0.853 0.399 -0.296 0.095 0.431 -0.833 -0.308 -1 4
-0.618 -0.045 -1 -0.293 -0.706 0.597 -0.128 0.577 -0.884 -0.045 -0.587 0.334 0.613 0.825 -1 -0.068 -0.117 0.336 0.922 -0.026 -0.101 0.597 0.43 0.343 -0.717 -0.901 -0.763 -0.224 0.795 -0.79 -0.536 -0.203 0.449 0.75 0.17 -0.852 -0.295 -0.579 0.112 -0.306 -0.092 0.341 0.299 0.92 -0.785 -0.674 1 -0.731 4
-1 1 1 -0.455 -0.684 1 -0.922 -0.026 1 -0.532 1 -0.339 0.613 0.825 -1 -0.068 -0.117 0.336 0.922 -0.026 -0.101 0.597 0.43 0.343 -0.717 -0.901 -0.763 -0.224 0.795 -0.79 -0.536 -0.203 0.449 0.75 0.17 -0.852 -0.295 -0.579 0.112 -0.306 -0.092 0.341 0.299 0.92 -0.785 -0.674 1 -0.731 4
-0.691 0.792 0.479 -0.91 0.05 0.397 -0.627 0.141 -0.752 -0.733 -0.549 0.71 0.15 0.186 -0.327 -0.76 0.113 -0.859 -0.588 -0.58 -0.334 0.429 1 0.64 0.911 0.737 0.495 -0.068 0.973 -0.019 -0.912 -0.964 0.792 -0.569 0.462 -0.967 0.232 -0.657 0.033 -0.427 0.177 0.851 -0.53 0.889 -0.161 0.928 -0.475 -0.054 4
0.409 -0.91 -0.77 -0.425 1 0.114 -0.096 -0.299 -0.488 -0.48 -0.216 -0.251 0.301 0.037 -0.179 -0.6 0.113 -0.912 -0.671 -0.507 -0.474 0.429 1 0.512 0.911 0.651 0.511 0.225 0.529 0.602 -0.397 -0.613 0.912 0.304 -0.201 -0.192 0.306 0.959 -0.543 -0.529 0.024 -0.52 -0.553 -0.398 0.705 0.082 -0.098 0.441 4
-0.953 -0.22 -1 -0.101 -0.572 0.791 -0.272 0.577 -0.656 -0.232 -0.567 0.152 -0.749 0.829 0.205 0.841 0.033 0.552 0.156 0.499 0.184 0.077 0.989 -0.966 0.843 0.948 0.829 0.647 0.377 0.523 -0.544 -0.622 0.64 0.181 -0.201 -0.192 0.047 0.959 -0.763 -0.229 -0.126 -0.427 -0.553 -0.398 0.734 0.082 -0.057 0.366 25.91214
0.025 -0.154 0.608 0.22 -0.016 0.776 0.471 -0.216 0.714 0.664 0.075 -0.021 -0.163 0.079 -0.391 -0.436 0.352 -0.729 -0.671 -0.703 -0.373 0.772 0.857 0.512 0.871 0.761 0.495 0.065 0.418 0.183 -0.51 -0.636 0.763 0.128 -0.377 -0.609 0.346 0.97 -0.264 -0.473 0.129 -0.587 -0.73 -0.494 0.879 -0.181 -0.101 0.229 7
-0.775 -0.393 -0.911 0.239 -0.452 0.704 -0.276 0.456 -0.618 -0.078 -0.721 0.235 0.15 0.186 -0.179 -0.6 0.113 -0.912 -0.671 -0.58 -0.334 0.429 1 0.64 0.911 0.737 0.495 0.051 0.751 -0.158 -0.477 -0.004 0.467 -0.657 0.669 0.317 0.236 -0.398 0.306 0.263 -0.9 0.399 -0.296 0.095 0.431 -0.826 -0.308 -1 4
-0.516 -0.22 -0.878 -0.025 -0.445 0.704 -0.276 0.549 -0.618 -0.119 -0.586 0.391 -0.563 0.169 0.193 -0.63 0.867 0.799 0.196 -0.863 0.033 0.917 0.03 0.31 -0.509 0.75 0.111 0.01 0.644 -0.889 -0.563 -0.447 0.235 0.628 -0.284 -0.63 -0.782 -0.737 0.422 -0.341 -0.214 -0.079 0.228 0.243 -0.97 -0.855 0.904 -0.466 4
-0.65 0.782 0.472 -0.587 -0.259 0.702 -0.84 -0.136 -0.688 -0.719 -0.442 0.539 -0.257 0.806 -0.361 -0.309 -0.011 -0.779 -0.742 -0.997 -0.162 0.208 0.914 0.287 0.824 1 0.82 0.082 -0.69 0.616 -0.361 -0.45 -0.87 -0.732 -0.35 0.713 -0.407 -0.686 0.206 0.075 -0.889 -0.605 -0.57 0.006 -0.878 -0.761 0.459 0.109 5
-0.67 0.792 0.614 -0.863 -0.048 0.247 -0.627 0.141 -0.752 -0.781 -0.583 0.521 -0.533 0.356 0.517 -0.541 0.678 0.799 0.143 -0.863 0.079 0.534 0.03 0.31 -0.583 0.697 0.111 0.01 0.686 0.958 0.255 0.636 -0.855 0.833 0.03 -0.901 0.137 -0.845 0.034 -0.235 -0.508 -0.539 -0.804 0.26 0.341 -1 -0.579 -0.214 7
0.023 -0.154 0.608 0.195 -0.016 0.95 0.471 -0.246 0.777 0.786 0.075 -0.021 0.15 0.186 -0.179 -0.6 0.113 -0.912 -0.671 -0.58 -0.334 0.429 1 0.64 0.911 0.737 0.495 0.051 0.973 -0.217 -1 -0.964 0.858 -0.629 0.461 -0.922 0.232 -0.657 0.033 -0.427 0.177 0.811 -0.53 0.889 -0.161 0.928 -0.475 -0.054 4
0.593 -0.935 -0.743 -0.425 0.93 0.378 -0.248 -0.045 -0.477 -0.031 -0.4 -0.647 -0.375 0.221 0.459 -0.639 -0.18 0.775 -0.035 -0.169 -0.49 -0.932 -0.573 -0.849 0.542 0.119 0.366 0.481 0.565 -0.234 -0.406 -0.269 0.667 -0.469 0.601 0.187 0.314 0.053 0.343 0.097 -1 0.593 -0.306 0.095 0.424 -0.921 -0.259 -0.782 4
-0.651 0.887 1 -0.615 -0.741 1 -0.431 0.152 0.853 -0.735 0.849 -0.102 0.068 0.846 0.637 -0.874 -0.677 0.345 0.231 0.283 0.106 0.092 -0.665 -0.195 -0.426 -0.596 0.961 1 0.686 0.862 0.059 0.816 -0.608 0.891 0.008 -0.762 -0.054 -0.802 -0.395 -0.235 -0.508 -0.171 -0.949 0.045 0.242 -0.758 -0.748 -0.214 8
0.712 -0.798 -0.944 -0.412 1 0.531 -0.546 -0.299 -0.684 -0.287 -0.504 -0.643 -0.009 0.088 -0.179 -0.6 0.113 -0.912 -0.671 -0.735 -0.429 0.274 1 0.512 1 0.807 0.495 -0.098 -0.644 0.626 -0.457 -0.187 -0.672 -0.639 -0.231 0.713 -0.557 -0.813 0.233 -0.079 -0.948 -0.787 -0.57 0.072 -0.936 -0.761 0.413 -0.062 167.8067
-0.67 0.792 0.614 -0.863 -0.048 0.247 -0.627 0.141 -0.752 -0.781 -0.583 0.521 -0.381 0.938 0.189 0.943 0.095 0.4 -0.057 0.303 -0.088 -0.243 1 -0.639 0.952 1 0.63 1 0.963 -0.84 0.757 -0.466 -0.918 -0.351 0.419 1 -0.696 0.442 -0.946 -0.072 0.724 -0.898 0.505 -0.647 -0.93 -0.948 -0.727 0.552 30.0864
-0.777 0.864 0.785 -0.923 -0.048 0.415 -0.713 -0.13 -0.752 -0.76 -0.626 0.796 0.95 0.006 0.631 1 0.769 0.812 0.552 0.118 -0.406 0.77 -0.047 0.213 0.343 -0.646 0.668 0.373 0.644 -0.889 -0.563 -0.447 0.235 0.628 -0.284 -0.554 -0.737 -0.737 0.422 -0.524 -0.214 -0.079 0.228 0.243 -0.97 -0.855 0.904 -0.466 4
0.221 -0.154 0.608 0.181 0.182 0.95 0.34 -0.412 0.907 0.59 0.1 0.079 0.122 0.388 -0.357 -0.607 0.087 -0.912 -0.654 -0.717 -0.792 0.303 0.98 0.238 0.972 0.477 0.584 -0.328 1 -0.532 -0.364 -0.275 0.267 0.783 0.114 -0.644 -0.541 -0.487 0.153 -0.628 -0.356 -0.001 0.548 0.831 -0.867 -0.99 1 -0.661 4
-0.851 0.98 1 -0.987 -0.048 0.415 -0.638 -0.181 -0.752 -0.719 -0.672 0.65 -0.178 0.2 -0.347 -0.758 -0.034 -0.734 -0.671 -0.741 -0.246 0.431 0.82 0.515 0.848 0.755 0.598 0.065 0.973 -0.217 -1 -0.964 1 -0.544 0.461 -0.822 0.051 -0.657 0.095 -0.459 0.177 0.811 -0.698 1 -0.176 1 -0.43 0.072 4
-0.397 0.974 0.902 -0.552 -0.215 0.262 -0.852 0.165 -0.533 -0.592 -1 0.456 -0.563 0.169 0.193 -0.63 0.744 0.799 0.196 -0.9 0.033 0.917 -0.058 0.31 -0.509 0.688 0.111 0.01 0.385 0.315 -0.543 -0.579 0.869 0.161 -0.393 -0.181 0.034 0.837 -0.433 -0.366 -0.216 -0.587 -0.794 -0.463 0.865 0.102 -0.635 0.274 4
-0.674 -0.381 -0.963 -0.325 -0.64 0.704 -0.276 0.549 -0.647 -0.119 -0.579 0.449 -0.671 0.368 0.193 -0.735 0.972 0.799 0.275 -0.833 0.033 0.738 0.107 0.412 -0.287 0.929 0.197 -0.044 0.427 0.098 -0.452 -0.339 0.868 0.094 -0.198 -0.742 0.416 0.894 -0.372 -0.227 -0.263 -0.76 -0.703 -0.769 0.918 -0.384 -0.297 0.317 4
0.025 -0.154 0.608 0.087 -0.016 0.955 0.471 -0.216 0.851 0.664 -0.028 -0.057 -0.409 0.396 0.562 -0.649 -0.18 0.74 -0.39 -0.385 -0.618 -0.915 -0.338 -0.885 0.29 0.252 0.368 0.305 0.967 -0.98 0.927 -0.493 -1 -0.232 0.314 0.968 -0.595 0.613 -0.906 0.067 0.842 -0.898 0.505 -0.523 -0.925 -0.939 -0.874 0.42 4
0.154 0.605 -0.871 0.336 -0.11 0.708 -0.503 -1 -0.498 1 -0.663 0.167 -0.615 0.149 0.483 -0.556 0.678 0.799 0.143 -0.863 -0.074 0.684 0.047 0.439 -0.527 0.697 0.199 0.058 -0.644 0.859 -0.457 -0.036 -0.672 -0.796 -0.177 0.713 -0.557 -0.813 0.551 0.01 -0.703 -0.648 -0.45 0.072 -0.866 -0.836 0.427 -0.252 7
-0.659 0.901 0.325 -0.377 -0.18 0.975 -0.646 0.167 -0.665 -0.611 -0.508 0.425 0.714 -0.241 0.464 0.878 0.023 -0.591 0.013 0.979 0.767 -0.394 -0.754 0.183 0.501 -1 0.888 -0.601 0.565 -0.234 -0.406 -0.269 0.681 -0.469 0.601 0.187 0.314 0.004 0.343 0.097 -1 0.518 -0.306 0.095 0.424 -0.921 -0.454 -0.938 4
-0.67 0.792 0.614 -0.863 -0.048 0.247 -0.627 0.141 -0.752 -0.781 -0.583 0.521 -0.381 0.938 0.189 0.943 0.095 0.4 -0.057 0.303 -0.088 -0.243 1 -0.639 0.952 1 0.63 1 -0.644 0.626 -0.457 -0.187 -0.672 -0.639 -0.231 0.713 -0.557 -0.813 0.233 -0.079 -0.948 -0.787 -0.57 0.072 -0.936 -0.761 0.413 -0.062 4
-0.516 1 0.759 -0.626 -0.215 0.262 -0.852 0.165 -0.533 -0.592 -1 0.456 -0.178 0.088 -0.347 -0.562 -0.034 -0.734 -0.671 -0.741 -0.246 0.431 1 0.515 0.848 0.755 0.569 0.065 0.973 -0.217 -1 -0.964 0.858 -0.544 0.461 -0.922 0.051 -0.657 0.033 -0.427 0.177 0.811 -0.698 1 -0.161 1 -0.43 0.072 4
-0.67 0.792 0.614 -0.863 -0.048 0.247 -0.627 0.141 -0.752 -0.781 -0.583 0.521 0.15 0.186 -0.179 -0.6 0.113 -0.912 -0.671 -0.58 -0.334 0.429 1 0.64 0.911 0.737 0.495 0.051 0.912 -0.98 0.757 -0.493 -1 -0.232 0.314 0.968 -0.595 0.613 -0.906 0.067 0.842 -0.898 0.505 -0.448 -0.858 -0.939 -0.727 0.552 4
-0.516 -0.22 -0.852 -0.025 -0.445 0.704 -0.276 0.549 -0.618 -0.119 -0.579 0.502 -0.632 0.703 0.321 0.858 0.375 0.621 0.125 0.367 0.23 -0.092 0.833 -0.616 0.721 1 0.829 0.543 0.973 -0.217 -1 -0.964 0.858 -0.629 0.461 -0.922 0.232 -0.657 0.033 -0.427 0.177 0.811 -0.53 0.889 -0.161 0.928 -0.475 -0.054 107
0.221 -0.154 0.608 0.181 0.182 0.95 0.34 -0.412 0.907 0.59 0.1 0.079 0.291 0.017 0.54 0.763 -0.48 -0.577 0.261 1 0.264 -0.291 -0.233 0.366 0.878 -0.265 1 -0.919 0.686 1 0.103 0.816 -0.734 0.628 0.008 -0.777 -0.105 -1 -0.406 -0.235 -0.69 -0.315 -0.949 0.045 0.345 -0.844 -0.701 -0.133 4
-0.48 0.788 0.36 -0.65 -0.06 0.678 -0.594 0.261 -0.835 -0.762 -0.712 0.272 0.122 0.388 -0.357 -0.607 0.087 -0.912 -0.654 -0.717 -0.792 0.303 0.98 0.238 0.972 0.477 0.584 -0.328 0.8 -0.951 -0.926 -0.162 0.358 0.543 0.085 -0.715 -0.238 -0.738 -0.074 -0.589 -0.109 0.583 0.39 0.588 -0.877 -0.839 0.96 -1 12
0.507 -0.618 -0.941 -0.648 0.756 0.276 -0.282 -0.299 -0.59 -0.439 -0.4 -0.347 -0.066 0.163 -0.357 -0.607 0.239 -0.912 -0.627 -0.625 -0.702 0.303 0.797 0.238 0.999 0.563 0.584 -0.328 0.795 -0.917 -0.62 -0.162 0.54 0.557 0.005 -0.661 -0.442 -0.627 0.112 -0.509 -0.092 0.341 0.39 1 -0.903 -0.646 0.942 -0.731 4
-0.67 0.792 0.614 -0.863 -0.048 0.247 -0.627 0.141 -0.752 -0.781 -0.583 0.521 0.15 0.186 -0.179 -0.6 0.113 -0.912 -0.671 -0.58 -0.334 0.429 1 0.64 0.911 0.737 0.495 0.051 0.973 -0.217 -1 -0.964 0.858 -0.629 0.461 -0.922 0.232 -0.657 0.033 -0.427 0.177 0.811 -0.53 0.889 -0.161 0.928 -0.475 -0.054 4
-1 1 1 -0.639 -0.81 1 -0.922 0.031 0.887 -0.565 1 -0.3 -0.632 0.169 0.106 -0.63 0.867 0.712 0.196 -0.956 0.203 0.922 0.03 0.31 -0.509 0.841 -0.062 0.01 0.919 -0.98 0.757 -0.493 -0.965 -0.232 0.29 0.968 -0.595 0.613 -0.906 0.067 0.745 -0.898 0.505 -0.431 -0.689 -0.939 -0.727 0.708 4
-0.606 -0.139 -0.915 -0.289 -0.658 0.641 -0.534 0.679 -0.601 -0.316 -0.668 0.203 0.061 0.641 -0.344 -0.256 -0.015 -0.966 -0.927 -0.866 0.001 0.382 0.902 0.222 0.691 0.923 0.587 0.235 0.594 1 0.059 0.816 -0.744 0.891 0.107 -0.762 0.06 -0.802 -0.587 -0.235 -0.508 0.011 -1 0.045 0.341 -0.842 -0.579 -0.041 7
-0.981 0.93 1 -0.702 -0.81 1 -0.922 -0.021 0.887 -0.554 1 -0.351 -0.018 0.088 0.011 -0.675 0.115 -0.912 -0.671 -0.491 -0.159 0.431 0.868 0.547 0.848 0.813 0.544 0.065 0.418 0.37 -0.496 -0.672 0.701 0.214 -0.135 -0.609 0.231 0.843 -0.383 -0.473 -0.09 -0.587 -0.529 -0.633 0.879 -0.369 -0.202 0.525 4
-0.692 0.743 0.358 -0.535 -0.243 0.463 -0.687 0.118 -0.835 -0.786 -0.819 0.442 0.382 0.186 -0.179 -0.6 0.113 -1 -0.572 -0.583 -0.474 0.429 1 0.512 0.925 0.651 0.511 0.225 0.915 -1 0.574 -0.466 -0.718 -0.282 0.419 1 -0.696 0.585 -0.622 -0.265 0.723 -1 0.55 -0.673 -0.865 -1 -0.889 0.552 4
-0.651 0.887 1 -0.442 -0.741 1 -0.431 0.101 0.853 -0.735 0.849 0.07 -0.475 -0.282 -0.714 0.104 0.221 -0.755 -0.751 -0.688 -0.312 0.39 -1 -0.144 0.315 0.126 -0.041 -0.411 -0.644 0.626 -0.457 -0.036 -0.562 -0.524 -0.35 0.713 -0.557 -0.721 0.233 0.01 -0.948 -0.648 -0.57 0.211 -0.936 -0.761 0.528 -0.125 7
-0.516 0.913 0.759 -0.626 -0.056 0.376 -0.676 0.134 -0.584 -0.652 -0.965 0.456 0.122 0.494 -0.357 -0.607 0.087 -0.912 -0.654 -0.717 -0.702 0.303 0.98 0.238 0.999 0.477 0.584 -0.328 0.751 -0.276 -0.286 -0.269 0.701 -0.74 0.601 0.123 0.37 -0.052 0.418 -0.058 -0.889 0.518 -0.231 0.095 0.493 -0.921 -0.462 -0.855 4
-0.833 -0.393 -0.642 0.212 -0.452 0.704 -0.32 0.581 -0.689 -0.081 -0.674 0.54 -0.421 0.083 0.193 -0.63 0.923 0.799 0.196 -0.863 0.033 0.917 -0.075 0.31 -0.611 0.75 0.111 0.01 0.915 -1 0.574 -0.302 -0.718 -0.17 0.419 1 -0.696 0.585 -0.622 -0.251 0.723 -0.809 0.718 -0.673 -1 -1 -0.889 0.552 4
-0.981 1 0.931 -0.821 -0.765 1 -1 0.141 0.887 -0.535 0.815 -0.189 -0.501 0.221 0.562 -0.81 -0.208 0.837 -0.15 -0.123 -0.562 -0.825 -0.68 -0.855 0.415 0.209 0.269 0.362 0.717 -1 0.757 -0.635 -0.915 -0.248 0.314 0.968 -0.595 0.613 -0.906 0.067 0.798 -0.932 0.361 -0.448 -0.858 -0.634 -0.727 0.642 4
-0.777 0.864 0.785 -0.923 -0.048 0.415 -0.713 -0.13 -0.752 -0.76 -0.626 0.796 -0.499 0.148 0.273 -0.639 -0.205 0.775 0.013 -0.223 -0.49 -0.932 -0.483 -0.849 0.592 0.119 0.366 0.481 0.55 -0.813 -0.881 -0.073 0.19 0.711 0.085 -0.775 -0.505 -0.947 0.209 -0.529 -0.103 0.528 0.39 0.623 -0.764 -0.867 0.96 -0.551 4
-0.953 -0.22 -0.911 -0.101 -0.572 0.704 -0.272 0.577 -0.656 -0.232 -0.737 0.152 0.122 0.388 -0.357 -0.607 0.087 -0.912 -0.654 -0.717 -0.792 0.303 0.98 0.238 0.972 0.477 0.584 -0.328 0.644 -0.777 -0.563 -0.447 0.235 0.628 -0.284 -0.615 -0.737 -0.785 0.445 -0.524 -0.316 -0.079 0.418 0.317 -1 -0.855 0.721 -0.472 8
-0.887 0.953 0.632 -0.605 -0.927 1 -0.4 0.477 0.947 -0.958 1 -0.123 0.15 0.186 -0.099 -0.6 0.106 -0.994 -0.671 -0.58 -0.583 0.429 1 0.512 0.911 0.696 0.495 0.145 0.418 0.183 -0.51 -0.636 0.763 0.128 -0.377 -0.609 0.346 0.97 -0.264 -0.473 0.129 -0.587 -0.73 -0.494 0.879 -0.181 -0.101 0.229 4
-0.516 0.913 0.759 -0.626 0.11 0.376 -0.363 0.333 -0.756 -0.652 -0.965 0.519 0.122 0.006 0.397 0.986 -0.176 -0.551 0.1 0.858 0.185 -0.45 -0.426 0.331 0.397 -0.885 0.835 -0.831 0.913 -0.776 -0.62 0.006 0.565 0.743 0.064 -0.899 -0.538 -0.511 -0.054 -0.528 -0.174 -0.079 0.227 1 -0.98 -0.557 1 -0.828 4
-0.981 0.948 1 -0.639 -0.81 1 -0.922 -0.076 1 -0.605 1 -0.189 0.122 0.541 -0.357 -0.648 0.087 -0.731 -0.454 -0.717 -0.702 0.303 0.98 0.097 0.999 0.477 0.584 -0.474 0.308 0.341 -0.489 -0.519 0.593 0.475 -0.02 -0.299 0.421 1 -0.676 -0.529 -0.202 -0.35 -0.697 -0.275 0.705 -0.043 -0.302 0.376 16
0.019 -0.575 0.986 0.617 -0.372 0.142 0.354 0.091 0.836 1 -0.612 0.558 0.233 0.476 -0.404 -0.434 -0.193 -0.939 -0.803 -0.717 -0.558 0.117 0.98 0.427 0.739 0.568 0.493 -0.328 0.308 0.341 -0.489 -0.519 0.737 0.338 -0.201 -0.299 0.421 1 -0.676 -0.529 -0.202 -0.333 -0.697 -0.275 0.705 -0.043 -0.302 0.376 100.0549
-0.641 -0.22 -0.911 -0.206 -0.572 0.704 -0.276 0.577 -0.618 -0.232 -0.579 0.334 0.122 0.494 -0.357 -0.607 0.087 -0.912 -0.654 -0.717 -0.702 0.303 0.98 0.238 0.999 0.477 0.584 -0.328 0.751 0.034 -0.477 -0.004 0.467 -0.584 0.669 0.317 0.236 -0.45 0.249 0.263 -0.9 0.399 -0.296 0.095 0.431 -0.833 -0.308 -1 4
-0.516 0.913 0.759 -0.626 -0.056 0.376 -0.676 0.134 -0.584 -0.652 -0.965 0.456 -0.563 0.169 0.193 -0.63 0.867 0.799 0.196 -0.863 0.033 0.917 0.03 0.31 -0.509 0.75 0.111 0.01 0.686 0.955 0.14 0.816 -0.608 0.891 0.008 -0.762 -0.054 -0.802 -0.395 -0.235 -0.508 -0.171 -1 0.045 0.242 -0.758 -0.748 -0.251 7
-0.641 -0.22 -0.911 -0.206 -0.572 0.692 -0.276 0.531 -0.618 -0.156 -0.579 0.334 0.122 0.494 -0.357 -0.607 0.087 -0.912 -0.654 -0.717 -0.702 0.303 0.863 0.435 0.999 0.534 0.584 -0.328 0.529 0.37 -0.496 -0.672 0.701 0.214 -0.051 -0.609 0.231 1 -0.287 -0.473 -0.29 -0.587 -0.602 -0.8 0.742 -0.538 -0.33 0.719 4
-0.777 0.864 0.785 -0.923 -0.048 0.415 -0.713 -0.13 -0.752 -0.76 -0.626 0.796 0.95 0.006 0.631 1 0.769 0.812 0.552 0.118 -0.406 0.77 -0.047 0.213 0.343 -0.646 0.668 0.373 -0.733 0.676 -0.484 -0.036 -0.852 -0.773 -0.662 0.751 -0.607 -0.813 0.233 0.01 -0.948 -0.648 -0.57 0.172 -1 -0.632 0.413 -0.163 4
-0.516 0.837 0.675 -0.626 -0.012 0.376 -0.56 0.134 -0.745 -0.727 -0.851 0.375 0.821 0.634 -1 -0.068 -0.117 0.205 0.922 -0.026 0.022 0.614 0.517 0.343 -0.678 -0.901 -0.674 -0.057 1 -0.758 0.071 -0.199 0.219 0.253 -0.119 -0.5 -0.305 -0.287 0.136 -0.452 -0.206 0.06 0.345 0.923 -0.824 -0.874 1 -0.828 4
-0.542 -0.028 -0.986 -0.211 -0.525 0.704 -0.043 0.577 -0.761 -0.145 -0.705 0.175 0.95 0.158 0.631 0.841 0.701 0.957 0.552 0.118 -0.406 0.77 -0.047 0.213 0.37 -0.646 0.65 0.373 0.972 -0.802 -0.62 -0.069 0.449 0.75 0.005 -0.552 -0.295 -0.688 0.112 -0.416 -0.222 0.454 0.299 1 -0.785 -0.674 1 -0.731 4
-0.775 -0.63 -0.882 -0.02 -0.452 0.562 -0.447 0.697 -0.618 -0.203 -0.589 0.383 0.122 0.388 -0.357 -0.607 0.087 -0.912 -0.654 -0.717 -0.792 0.303 0.98 0.238 0.972 0.477 0.584 -0.328 1 -0.532 -0.364 -0.275 0.267 0.783 0.114 -0.644 -0.541 -0.487 0.153 -0.628 -0.356 -0.001 0.548 0.831 -0.867 -0.99 1 -0.661 4
0.221 -0.154 0.608 0.181 0.182 0.95 0.34 -0.412 0.907 0.59 0.1 0.079 0.164 0.46 -0.219 -0.792 0.087 -0.912 -0.511 -0.606 -0.702 0.303 1 0.238 1 0.492 0.584 -0.328 0.377 0.523 -0.544 -0.729 0.626 0.181 -0.201 -0.192 0.047 0.959 -0.759 -0.413 0.003 -0.415 -0.553 -0.398 0.734 0.187 -0.219 0.366 7
-1 0.948 1 -0.455 -0.684 1 -0.922 -0.076 1 -0.605 1 -0.339 0.113 0.631 -0.357 -0.534 0.091 -0.973 -0.471 -0.621 -0.702 0.247 0.98 0.379 0.999 0.646 0.584 -0.328 1 -0.532 -0.364 -0.275 0.267 0.783 0.114 -0.644 -0.541 -0.487 0.153 -0.628 -0.356 -0.001 0.548 0.831 -0.867 -0.99 1 -0.661 4
-0.981 1 1 -0.626 -0.81 1 -0.922 -0.021 0.887 -0.565 1 -0.189 -0.563 0.169 0.193 -0.63 0.867 0.799 0.196 -0.863 0.033 0.917 0.03 0.31 -0.509 0.75 0.111 0.01 0.418 0.348 -0.588 -0.813 0.752 0.128 -0.338 -0.609 0.231 1 -0.264 -0.473 -0.062 -0.587 -0.703 -0.494 0.93 -0.369 -0.105 0.335 4
-0.373 1 0.759 -0.75 0.01 0.333 -0.99 0.217 -0.533 -0.826 -0.904 0.456 0.122 0.677 -0.357 -0.607 0.087 -0.912 -0.654 -0.707 -0.702 0.303 1 0.238 1 0.477 0.426 -0.34 0.665 1 0.059 0.816 -0.73 0.801 0.16 -0.762 -0.424 -0.94 -0.375 -0.235 -0.388 -0.468 -1 0.33 0.431 -0.779 -0.663 -0.091 4
-0.48 0.91 0.36 -0.573 -0.06 0.858 -0.594 0.326 -0.757 -0.762 -0.712 0.272 -0.581 0.703 0.341 0.858 0.276 0.621 0.125 0.367 0.23 -0.092 0.833 -0.616 0.737 0.749 0.759 0.535 0.351 0.482 -0.687 -0.579 0.889 0.114 -0.209 -0.284 0.128 0.837 -0.42 -0.484 -0.305 -0.587 -0.794 -0.463 0.865 0.254 -0.635 0.274 173.7134
-0.516 0.645 0.675 -0.626 -0.012 0.376 -0.56 0.134 -0.745 -0.882 -0.851 0.177 -0.408 0.396 0.707 -0.833 -0.18 0.74 -0.224 -0.155 -0.618 -1 -0.497 -0.945 0.415 0.209 0.171 0.481 -0.767 0.82 -0.509 -0.036 -0.87 -0.508 -0.202 0.769 -0.744 -0.859 0.233 0.01 -0.789 -0.648 -0.57 -0.062 -0.873 -0.563 0.484 -0.284 4
-0.631 0.862 0.675 -0.626 -0.012 0.291 -0.393 0.134 -0.745 -0.727 -1 0.375 -0.409 0.396 0.563 -0.755 -0.215 0.74 -0.224 -0.385 -0.552 -0.915 -0.497 -0.991 0.215 0.209 0.171 0.481 0.644 -0.889 -0.563 -0.447 0.235 0.628 -0.284 -0.554 -0.737 -0.737 0.422 -0.524 -0.214 -0.079 0.228 0.243 -0.97 -0.855 0.904 -0.466 71.09378
-0.724 -0.283 -0.996 -0.333 -0.572 0.652 -0.276 0.483 -0.618 -0.232 -0.579 0.334 -0.501 0.396 0.562 -0.833 -0.18 0.74 -0.224 -0.169 -0.618 -1 -0.497 -0.945 0.415 0.209 0.171 0.481 0.623 -1 -0.926 -0.162 0.358 0.543 0.085 -0.715 -0.217 -0.738 -0.074 -0.589 -0.109 0.583 0.501 0.588 -0.877 -0.839 0.96 -1 37.81799
-0.516 0.837 0.675 -0.626 -0.012 0.376 -0.56 0.134 -0.745 -0.727 -0.851 0.375 0.122 0.548 -0.357 -0.607 0.087 -0.912 -0.654 -0.717 -0.702 0.303 1 0.238 0.999 0.477 0.584 -0.328 0.644 -0.889 -0.563 -0.447 0.235 0.628 -0.284 -0.554 -0.737 -0.737 0.422 -0.524 -0.214 -0.079 0.228 0.243 -0.97 -0.855 0.904 -0.466 8
-0.981 1 1 -0.639 -0.765 1 -0.922 0.141 0.887 -0.665 0.807 -0.189 0.083 0.088 -0.179 -0.675 0.113 -0.912 -0.671 -0.558 -0.246 0.431 1 0.547 0.848 0.807 0.544 0.065 0.418 0.37 -0.496 -0.672 0.701 0.214 -0.226 -0.609 0.231 1 -0.383 -0.473 -0.09 -0.587 -0.602 -0.633 0.879 -0.369 -0.202 0.525 4
-0.651 0.887 1 -0.64 -0.741 1 -0.431 0.152 0.978 -0.553 0.839 -0.102 -0.375 0.221 0.273 -0.639 -0.18 0.775 -0.105 -0.169 -0.49 -0.932 -0.573 -0.732 0.542 0.119 0.366 0.481 0.565 -0.246 -0.406 -0.269 0.667 -0.469 0.797 0.187 0.314 0.053 0.292 0.097 -1 0.593 -0.306 0.095 0.424 -0.921 -0.259 -0.782 4
0.409 -0.91 -0.77 -0.425 1 0.114 -0.096 -0.299 -0.488 -0.48 -0.216 -0.251 0.301 0.037 -0.179 -0.6 0.113 -0.912 -0.671 -0.507 -0.474 0.429 1 0.512 0.911 0.651 0.511 0.225 0.529 0.602 -0.397 -0.613 0.912 0.304 -0.201 -0.192 0.306 0.959 -0.543 -0.529 0.024 -0.52 -0.553 -0.398 0.705 0.082 -0.098 0.441 4
0.019 -0.639 1 0.452 -0.288 0.142 0.465 0.081 0.836 1 -0.612 0.558 -0.563 0.169 0.193 -0.63 0.867 0.799 0.196 -0.863 0.033 0.917 0.03 0.31 -0.509 0.75 0.111 0.01 0.8 -0.951 -0.926 -0.162 0.358 0.543 0.085 -0.715 -0.238 -0.738 -0.074 -0.589 -0.109 0.583 0.39 0.588 -0.877 -0.839 0.96 -1 4
-0.516 1 0.759 -0.626 -0.056 0.376 -0.777 -0.004 -0.584 -0.662 -0.965 0.456 0.135 0.494 -0.357 -0.607 0.087 -0.714 -0.654 -0.717 -0.801 0.267 0.881 0.073 0.999 0.477 0.584 -0.267 0.854 -0.475 -0.422 -0.267 0.701 -0.74 0.666 0.123 0.37 -0.052 0.418 -0.058 -0.889 0.518 -0.117 0.262 0.493 -0.921 -0.653 -0.855 4
0.507 -0.618 -0.941 -0.648 0.756 0.276 -0.282 -0.299 -0.59 -0.439 -0.4 -0.347 -0.066 0.163 -0.357 -0.607 0.239 -0.912 -0.627 -0.625 -0.702 0.303 0.797 0.238 0.999 0.563 0.584 -0.328 0.795 -0.917 -0.62 -0.162 0.54 0.557 0.005 -0.661 -0.442 -0.627 0.112 -0.509 -0.092 0.341 0.39 1 -0.903 -0.646 0.942 -0.731 4
0.409 -0.91 -0.77 -0.425 1 0.114 -0.096 -0.299 -0.488 -0.48 -0.216 -0.251 0.219 0.673 -0.354 -0.765 0.055 -0.912 -0.654 -0.707 -0.812 0.303 0.947 0.208 1 0.289 0.476 -0.34 0.529 0.602 -0.397 -0.613 0.912 0.304 -0.201 -0.192 0.306 0.959 -0.543 -0.529 0.024 -0.52 -0.553 -0.398 0.705 0.082 -0.098 0.441 4
-0.516 0.913 0.733 -0.656 -0.12 0.376 -0.676 0.158 -0.577 -0.652 -0.965 0.456 0.301 0.037 -0.179 -0.6 0.113 -0.912 -0.671 -0.507 -0.474 0.429 1 0.512 0.911 0.651 0.511 0.225 0.821 -0.532 -0.364 -0.275 0.267 0.783 0.114 -0.773 -0.541 -0.487 0.153 -0.628 -0.356 0.018 0.548 0.864 -0.818 -0.99 0.844 -0.466 16
-0.981 1 1 -0.639 -0.765 1 -0.922 0.141 0.887 -0.665 0.807 -0.189 0.122 0.494 -0.357 -0.607 0.087 -0.912 -0.654 -0.717 -0.702 0.303 0.98 0.238 0.999 0.477 0.584 -0.328 0.795 -0.917 -0.62 -0.162 0.54 0.557 0.005 -0.661 -0.442 -0.627 0.112 -0.509 -0.092 0.341 0.39 1 -0.903 -0.646 0.942 -0.731 4
0.507 -0.618 -0.941 -0.648 0.756 0.276 -0.282 -0.299 -0.59 -0.439 -0.4 -0.347 -0.066 0.163 -0.357 -0.607 0.239 -0.912 -0.627 -0.625 -0.702 0.303 0.797 0.238 0.999 0.563 0.584 -0.328 0.798 -0.217 -1 -0.964 0.858 -0.629 0.461 -0.922 0.232 -0.657 -0.124 -0.427 0.355 0.811 -0.53 0.803 -0.161 0.928 -0.475 -0.054 4
-0.981 0.948 1 -0.639 -0.81 1 -0.922 -0.076 1 -0.605 1 -0.189 -0.009 0.088 -0.179 -0.6 0.113 -0.912 -0.671 -0.735 -0.429 0.274 1 0.512 1 0.807 0.495 -0.098 0.572 0.958 0.059 0.871 -0.795 0.88 0.038 -0.762 -0.039 -0.802 0.06 -0.239 -0.55 -0.368 -0.987 0.306 0.45 -0.827 -0.531 -0.055 4
0.63 -1 -0.811 -0.253 1 0.378 -0.447 -0.126 -0.294 -0.229 -0.341 -0.647 -0.074 0.473 -0.344 -0.309 -0.011 -0.917 -0.742 -0.997 -0.162 0.248 0.914 0.45 0.895 1 0.876 -0.005 0.348 0.425 -0.47 -0.306 0.899 0.155 -0.285 -0.882 0.531 0.86 -0.493 -0.349 0.169 -0.946 -0.828 -0.89 0.993 -0.224 -0.656 0.312 4
-1 -0.393 -0.81 0.148 -0.452 0.894 -0.368 0.67 -0.689 -0.081 -0.651 0.452 -0.741 0.169 0.193 -0.467 0.923 0.705 0.196 -0.863 0.033 0.917 -0.075 0.238 -0.611 0.75 0.111 0.207 0.674 -0.94 -0.881 -0.073 0.398 0.877 -0.107 -0.775 -0.505 -0.875 0.378 -0.382 -0.103 0.528 0.39 0.521 -0.569 -0.867 0.96 -0.731 4
0.221 -0.029 0.753 0.181 0.162 0.95 0.117 -0.216 0.551 0.474 -0.08 -0.096 -0.501 0.221 0.548 -0.886 -0.18 0.74 -0.142 -0.123 -0.562 -0.825 -0.68 -0.855 0.562 0.397 0.269 0.376 -0.644 0.599 -0.457 -0.036 -0.725 -0.796 -0.177 0.822 -0.601 -0.777 0.347 0.01 -0.948 -0.555 -0.712 0.072 -1 -0.836 0.591 0.044 7
-0.795 0.913 0.771 -1 -0.048 0.216 -0.627 0.309 -0.87 -0.781 -0.583 0.521 0.122 0.494 -0.357 -0.607 0.087 -0.912 -0.654 -0.695 -0.781 0.303 0.98 0.238 0.999 0.477 0.584 -0.328 0.781 -0.94 -0.737 -0.007 0.375 0.711 0.085 -0.775 -0.505 -0.875 0.209 -0.307 -0.095 0.527 0.39 0.521 -0.764 -0.867 0.96 -0.731 12
-0.454 -0.32 -0.554 -0.104 -0.74 0.453 -0.607 0.841 -0.425 -0.082 -0.686 0.187 -0.074 0.611 -0.344 -0.309 -0.011 -0.917 -0.742 -0.997 -0.162 0.248 0.914 0.287 0.824 0.977 0.82 0.082 0.348 0.408 -0.452 -0.306 0.899 0.155 -0.285 -0.957 0.531 0.86 -0.345 -0.472 0.169 -0.946 -1 -0.89 0.822 -0.383 -0.56 0.312 4
0.802 -0.798 -0.944 -0.412 1 0.508 -0.676 -0.335 -0.715 -0.458 -0.504 -0.601 -0.524 -0.235 -0.821 0.092 0.342 -0.649 -0.66 -0.881 -0.493 0.536 -1 -0.167 0.382 0.125 0.165 -0.411 0.644 -0.777 -0.563 -0.447 0.235 0.603 -0.384 -0.419 -0.858 -0.785 0.32 -0.524 -0.316 -0.079 0.229 0.475 -1 -0.86 0.721 -0.587 4
0.712 -0.798 -0.944 -0.412 1 0.508 -0.676 -0.299 -0.77 -0.287 -0.504 -0.601 0.297 0.388 -0.357 -0.607 0.087 -1 -0.654 -0.717 -0.792 0.303 0.926 0.238 0.972 0.477 0.667 -0.328 0.504 -0.777 -0.452 -0.331 0.231 0.648 -0.226 -0.672 -0.737 -0.888 0.527 -0.449 -0.316 -0.079 0.418 0.317 -1 -0.738 0.721 -0.472 7
-0.775 -0.121 -1 -0.035 -0.572 0.704 -0.36 0.577 -0.779 -0.335 -0.658 0.334 0.306 -0.084 0.362 0.937 -0.177 -0.54 0.06 1 0.261 -0.261 -0.277 0.901 0.752 -0.766 0.754 -0.831 0.821 -0.557 -0.495 -0.275 0.393 0.783 0.114 -0.773 -0.541 -0.487 0.153 -0.628 -0.356 0.018 0.548 0.901 -0.818 -1 0.844 -0.441 4
-0.194 0.306 -1 -0.091 0.867 0.287 -0.253 -0.583 0.567 -1 0.371 0.14 0.122 0.494 -0.357 -0.648 0.087 -0.926 -0.454 -0.717 -0.702 0.303 0.98 0.097 0.999 0.477 0.584 -0.474 0.912 -0.98 0.757 -0.493 -1 -0.175 0.314 0.958 -0.595 0.613 -0.906 0.15 0.946 -0.898 0.505 -0.448 -0.858 -0.804 -0.727 0.651 4
