315 0.2142 0
315 0.338 0
315 0.359 0
315 0.2694 0
315 0.3198 0
315 0.3294 0
315 0.3135 3.126081
315 0.2148 0
315 0.3532 0
315 0.2054 0
315 0.2388 0
315 0.2376 0
315 0.302 4.056734
315 0.3892 0
315 0.2979 4.316902
315 0.2933 4.956148
315 0.2646 4.488444
315 0.2528 0
315 0.2237 0
315 0.2805 0
315 0.3455 0
315 0.3564 0
315 0.2334 0
315 0.2018 0
315 0.3582 0
315 0.2799 0
315 0.37 0
315 0.3013 4.205127
315 0.2991 4.333201
315 0.3592 0
315 0.3534 0
315 0.2676 2.941968
315 0.2807 0
315 0.3285 0
315 0.3796 0
315 0.2567 0
315 0.2413 0
315 0.2803 0
315 0.2523 0
315 0.3296 0
315 0.316 2.569489
315 0.2383 0
315 0.2478 0
315 0.2878 5.692439
315 0.2499 0
315 0.2861 5.823913
315 0.2066 0
315 0.3389 0
315 0.2203 0
315 0.3749 0
