315 0.2903
315 0.2095
315 0.2713
315 0.3310
315 0.2877
315 0.2056
315 0.3073
315 0.2234
315 0.2653
315 0.3407
315 0.3563
315 0.2489
315 0.3049
315 0.2728
315 0.3552
315 0.3938
315 0.3308
315 0.2893
315 0.2820
315 0.2198
315 0.2414
315 0.3822
315 0.2705
315 0.3887
315 0.3133
315 0.2117
315 0.3418
315 0.2262
315 0.2155
315 0.2024
315 0.3040
315 0.2130
315 0.2540
315 0.3745
315 0.2608
315 0.3518
315 0.2222
315 0.2037
315 0.2636
315 0.2260
315 0.2715
315 0.3291
315 0.3309
315 0.2606
315 0.2814
315 0.3543
315 0.3873
315 0.2426
315 0.2524
315 0.2672
