-0.463 0.819 -0.614 0.747 -0.238 -0.482 0.376 -0.792 0.757 0.629 -0.185 0.184 0.388 -0.344 -0.014 0.049 -0.637 0.287 0.928 0.391 0.725 0.136 0.815 0.345 -0.448 0.965 -0.086 0.928 0.412 0.656 -0.490 -0.659 -0.381 0.218 0.713 -0.991 -0.562 -0.604 0.893 0.600 -0.999 0.986 0.579 -0.386
-0.825 0.583 -0.717 -0.594 0.783 -0.860 -0.732 0.122 -0.611 0.354 -0.101 0.298 0.207 -0.896 0.733 0.488 -0.586 -0.400 0.152 0.739 0.790 -0.566 0.978 0.409 -0.815 -0.417 0.882 0.466 -0.157 -0.113 -0.580 -0.474 0.024 -0.518 -0.934 -0.964 0.964 -0.537 -0.332 0.551 -0.637 0.809 0.751 0.987
0.238 0.253 0.233 0.949 0.075 0.510 -0.304 0.192 0.074 -0.726 0.484 -0.210 0.890 -0.489 0.492 0.456 0.145 0.601 0.210 0.526 -0.009 -0.792 -0.521 -0.575 -0.078 -0.319 0.403 -0.239 -0.774 -0.429 -0.944 -0.839 0.544 0.124 -0.482 0.501 -0.524 -0.532 -0.913 0.294 0.686 0.595 -0.609 0.208
0.233 -0.416 -0.247 0.001 0.447 -0.399 -0.135 0.785 0.518 0.325 0.809 0.945 -0.782 0.948 -0.020 -0.590 0.098 0.117 -0.433 -0.299 -0.220 0.898 0.924 0.970 0.014 0.768 -0.051 -0.307 0.360 0.148 -0.279 -0.483 -0.198 -0.734 -0.632 -0.854 0.054 -0.156 -0.186 -0.068 0.352 -0.327 0.455 -0.504
-0.568 0.465 0.838 -0.677 0.911 -0.702 0.881 -0.606 -0.567 -0.876 0.490 -0.280 -0.219 -0.426 -0.815 0.778 -0.789 -0.993 0.833 0.847 0.194 0.392 0.009 -0.600 -0.281 -0.361 0.449 0.986 -0.378 -0.006 -0.286 -0.156 0.908 0.654 -0.719 -0.228 0.974 -0.653 -0.215 -0.438 -0.328 -0.356 -0.250 0.455
-0.474 -0.434 -0.612 -0.393 0.923 -0.533 -0.669 -0.694 0.440 0.075 0.423 0.644 0.288 0.009 -0.878 -0.390 0.210 -0.702 0.478 0.799 -0.275 -0.332 -0.493 0.902 -0.616 0.069 0.462 0.776 0.440 0.976 0.582 -0.350 -0.976 0.170 -0.787 -0.972 -0.398 -0.877 -0.201 0.476 0.485 0.648 0.469 0.701
-0.776 0.471 -0.698 -0.384 -0.700 -0.316 -0.888 -0.355 0.364 0.777 -0.138 -0.482 0.231 -0.121 0.297 -0.324 0.017 -0.939 0.801 -0.520 -0.232 0.207 0.098 -0.150 0.538 -0.466 0.849 0.087 0.239 -0.491 -0.319 0.360 -0.355 -0.784 0.997 -0.477 -0.051 0.917 0.390 -0.090 0.949 -0.484 0.766 0.464
-0.514 0.455 0.360 0.380 -0.596 0.370 -0.037 0.843 -0.735 0.610 -0.312 -0.040 0.877 -0.634 -0.389 0.628 0.888 -0.399 0.100 0.149 0.171 -0.681 -0.165 0.775 -0.245 -0.357 0.637 0.868 -0.859 0.762 0.490 0.369 0.751 0.070 -0.687 -0.902 0.383 -0.451 0.037 0.880 0.271 0.241 0.887 -0.267
-0.167 -0.558 0.436 0.551 0.038 -0.503 -0.013 -0.226 -0.334 -0.236 0.735 -0.640 -0.795 0.491 -0.429 -0.518 -0.248 0.150 -0.161 -0.823 0.165 0.935 0.919 0.938 0.113 0.843 0.864 0.184 -0.579 0.098 -0.867 0.614 -0.300 -0.984 0.428 -0.240 0.940 -0.567 0.127 -0.895 0.982 -0.067 -0.956 -0.928
0.319 -0.091 -0.866 -0.430 0.187 -0.161 0.321 0.104 -0.953 -0.553 0.675 -0.113 0.745 0.455 -0.037 -0.903 0.396 -0.663 -0.684 0.839 0.921 0.518 -0.378 0.413 -0.943 -0.264 -0.320 0.689 -0.729 0.074 -0.545 0.955 -0.789 0.376 -0.298 0.386 -0.964 -0.925 0.203 0.901 0.774 0.310 -0.700 0.865
-0.068 -0.849 -0.811 -0.605 -0.288 0.965 -0.163 0.938 -0.307 -0.952 0.213 -0.385 -0.076 0.450 0.546 0.469 -0.357 -0.886 -0.378 0.916 0.949 0.750 -0.937 -0.872 -0.813 -0.279 -0.444 -0.951 0.026 0.408 0.623 -0.730 0.845 -0.943 0.577 0.620 0.497 0.426 0.936 -0.548 -0.077 0.055 -0.070 -0.077
0.926 -0.119 -0.376 -0.682 -0.840 0.415 0.470 0.121 0.603 -0.809 -0.131 -0.897 0.104 -0.083 0.812 -0.386 0.688 0.843 0.611 0.365 -0.619 0.610 -0.422 -0.838 -0.139 0.778 -0.722 -0.501 0.468 -0.249 -0.601 0.928 0.457 0.519 0.108 -0.282 0.485 -0.943 0.529 -0.973 -0.801 0.492 0.066 0.878
-0.538 0.732 0.166 -0.001 -0.858 -0.347 -0.709 0.594 0.048 0.998 0.726 -0.436 0.061 -0.907 -0.436 -0.929 -0.788 -0.358 0.291 0.384 0.733 -0.914 -0.535 0.055 0.679 -0.662 0.549 -0.092 -0.959 0.360 0.333 -0.349 -0.336 -0.344 -0.839 0.862 0.970 -0.865 -0.843 0.191 0.095 0.904 -0.733 0.334
0.383 -0.180 -0.186 -0.645 0.410 0.590 0.665 0.128 0.146 -0.321 0.876 -0.199 0.412 -0.695 -0.540 -0.226 -0.251 0.635 -0.686 -0.315 -0.256 -0.018 0.167 0.389 0.346 0.842 0.253 0.979 0.045 -0.215 -0.843 -0.869 0.956 0.595 0.074 0.574 0.718 0.258 0.505 -0.762 0.553 0.968 -0.734 -0.101
0.356 -0.384 0.338 -0.490 -0.933 0.302 -0.089 0.791 0.258 -0.706 0.989 -0.686 -0.180 -0.925 0.991 -0.061 0.489 -0.957 -0.665 0.551 0.925 0.809 -0.560 -0.076 -0.094 -0.876 0.934 0.433 0.415 0.422 0.587 0.864 -0.744 -0.349 -0.848 0.520 -0.942 0.018 -0.897 0.709 -0.529 0.723 0.645 -0.779
0.047 -0.136 -0.609 -0.998 -0.309 0.469 -0.743 0.953 -0.621 0.854 -0.307 0.592 0.377 0.752 -0.338 0.997 0.400 -0.389 -0.212 0.249 -0.469 -0.459 -0.994 0.130 0.518 -0.003 -0.598 0.140 0.493 -0.259 0.624 0.873 -0.090 -0.230 0.776 0.447 0.836 -0.806 -0.498 0.617 -0.852 -0.796 -0.265 0.544
-0.999 -0.208 0.085 -0.868 -0.444 0.597 -0.606 0.617 -0.350 0.460 0.091 -0.590 -0.200 0.186 0.171 -0.440 -0.438 -0.627 0.479 -0.981 -0.520 -0.778 0.590 0.995 0.922 0.452 -0.932 -0.539 0.362 0.468 0.770 0.899 0.751 0.184 -0.454 0.187 0.283 0.913 0.017 0.715 0.464 0.104 0.428 -0.775
-0.769 0.310 0.165 -0.788 0.994 0.868 0.239 -0.627 -0.309 0.291 0.613 0.762 -0.351 0.552 -0.775 0.388 -0.533 -0.837 0.674 -0.177 -0.148 0.443 -0.957 -0.427 -0.361 0.189 0.478 -0.571 -0.775 0.908 0.796 -0.417 -0.404 0.376 0.994 0.675 -0.465 -0.577 -0.804 0.736 -0.912 -0.130 0.669 -0.279
0.264 -0.439 -0.163 -0.164 0.737 -0.566 -0.079 0.298 -0.532 -0.771 0.584 -0.608 0.293 -0.103 -0.034 0.713 0.758 0.308 -0.274 -0.740 -0.262 -0.750 -0.404 -0.942 -0.311 0.070 -0.302 -0.027 -0.284 -0.050 0.064 0.550 0.841 0.382 0.931 -0.007 -0.825 -0.667 0.730 -0.575 -0.310 -0.975 -0.240 -0.297
-0.201 -0.579 -0.220 0.033 0.866 -0.622 -0.401 -0.415 -0.935 0.206 -0.751 -0.407 -0.789 -0.537 -0.866 -0.100 -0.640 -0.630 -0.613 -0.794 0.054 0.021 -0.014 -0.338 -0.041 -0.897 -0.687 0.436 -0.532 -0.850 0.976 0.965 0.959 0.750 -0.775 0.229 0.838 -0.172 0.491 0.239 0.882 -0.861 -0.577 0.973
-0.753 -0.108 0.497 -0.763 0.329 -0.157 0.128 0.308 -0.960 0.237 0.632 0.938 -0.269 -0.990 -0.920 -0.033 0.993 -0.922 -0.417 0.145 -0.622 -0.882 -0.480 0.026 0.498 0.597 -0.017 0.585 0.009 0.023 -0.817 -0.408 -0.194 -0.250 -0.965 0.770 -0.804 0.090 0.689 0.464 -0.402 0.914 0.366 -0.485
-0.699 0.894 -0.770 -0.647 -0.883 -0.894 0.518 -0.748 0.083 0.587 0.267 0.190 0.119 -0.740 -0.500 -0.084 -0.655 0.156 -0.708 0.353 -0.846 -0.726 -0.440 0.443 0.210 0.839 0.113 -0.212 -0.994 0.602 -0.394 0.786 -0.314 -0.563 -0.995 0.375 -0.669 0.117 0.479 -0.593 0.647 -0.021 0.830 0.199
-0.990 0.874 -0.273 -0.964 0.358 0.282 0.957 -0.581 0.639 0.109 0.956 -0.146 0.957 0.688 0.317 0.174 -0.397 -0.337 -0.413 -0.261 -0.741 0.400 -0.388 0.303 -0.667 0.496 0.582 -0.811 -0.220 -0.795 -0.083 -0.071 0.944 -0.467 0.684 -0.928 -0.365 0.430 0.664 -0.365 -0.469 -0.767 0.679 -0.114
0.605 0.388 -0.190 -0.214 0.145 0.086 0.114 0.871 -0.872 -0.392 0.666 -0.846 0.034 0.942 -0.593 -0.861 -0.184 0.340 0.791 -0.381 -0.331 0.384 -0.752 0.808 0.559 -0.143 -0.136 0.183 -0.386 0.288 0.831 -0.544 0.224 -0.758 -0.760 -0.687 -0.767 -0.477 0.126 -0.275 0.114 0.591 -0.755 -0.609
0.969 -0.033 0.137 -0.141 0.723 0.348 0.432 0.214 0.474 0.573 0.018 0.152 0.286 0.879 -0.340 -0.299 -0.685 -0.083 -0.707 0.571 0.864 -0.624 -0.603 -0.662 0.659 0.511 -0.473 -0.069 0.847 0.914 -0.104 -0.478 0.791 -0.047 0.845 -0.127 0.129 0.509 0.395 0.024 -0.069 0.226 0.234 -0.563
0.212 -0.073 -0.048 0.571 0.632 -0.418 0.637 -0.948 -0.608 0.441 -0.162 0.539 0.844 0.142 0.544 -0.933 0.536 0.090 -0.945 -0.131 -0.750 0.128 0.168 -0.857 -0.823 0.596 -0.740 0.705 0.546 0.119 -0.229 -0.435 -0.197 0.979 -0.019 -0.821 0.684 0.294 -0.600 0.437 -0.409 0.019 -0.110 0.256
0.925 0.028 0.109 -0.149 0.387 -0.674 0.228 -0.807 -0.265 0.962 0.129 0.749 -0.462 0.819 -0.590 0.915 0.464 -0.299 0.989 -0.924 -0.380 -0.399 0.733 -0.186 -0.028 -0.034 0.074 0.397 0.887 0.927 -0.610 0.032 -0.358 -0.021 0.988 -0.845 0.409 -0.796 0.576 0.194 0.693 -0.052 0.396 -0.971
0.623 -0.851 0.231 -0.506 -0.805 -0.719 0.458 0.037 0.705 -0.916 0.035 -0.345 0.654 0.034 -0.555 -0.226 0.448 -0.962 -0.540 -0.228 -0.012 -0.843 -0.561 -0.449 0.822 -0.390 0.817 0.520 0.492 -0.316 -0.279 0.625 -0.272 -0.861 0.981 -0.339 0.123 -0.396 0.977 0.620 -0.686 0.767 -0.647 0.372
-0.764 0.257 -0.912 0.237 0.499 0.793 0.657 -0.129 0.824 0.701 0.819 0.876 0.269 0.565 0.633 0.473 0.424 -0.238 0.086 -0.845 0.453 -0.006 0.329 -0.983 0.297 -0.720 -0.190 -0.086 -0.390 -0.145 0.479 -0.880 -0.990 -0.404 -0.747 -0.006 0.653 -0.170 -0.651 -0.744 -0.020 -0.132 0.469 -0.367
-0.883 0.869 0.349 -0.510 0.728 0.847 -0.655 0.443 -0.248 -0.818 0.368 0.154 -0.124 -0.480 -0.305 -0.041 -0.440 -0.488 -0.967 0.422 -0.897 0.674 0.482 -0.494 0.280 0.147 -0.407 -0.125 -0.670 -0.050 -0.050 -0.721 -0.630 0.524 0.549 0.305 0.558 0.857 0.925 -0.958 -0.236 -0.149 0.589 -0.840
