0.344 0.978 0.091 0.078 -0.209 0.422 0.474 -0.934 -0.969 -0.809 -0.369 -0.2 -0.142 0.504 0.742 0.485 -0.094 -0.26 -0.718 -0.775 0.696 -0.445 -0.677 0.988 -0.679 0.3 -0.134 -0.096 -0.06 -0.255 -0.494 0.945 -0.143 0.065 -0.854 0.364 0.291 0.336 0.532 0.93 -0.331 -0.552 -0.979 0.46 0.714 0.704 0.656 0.25 60.43699
0.344 0.978 0.091 0.078 -0.209 0.422 0.474 -0.934 -0.969 -0.809 -0.369 -0.2 -0.142 0.504 0.742 -0.647 -0.094 0.049 -0.718 -0.775 0.696 -0.445 -0.677 0.971 -0.679 0.3 -0.134 -0.096 -0.06 -0.255 -0.494 0.945 -0.143 0.065 -0.854 0.364 0.291 0.336 0.532 0.93 -0.331 -0.552 -0.979 0.46 0.714 0.704 0.656 0.25 100
0.294 0.978 0.091 0.078 -0.209 0.422 0.474 -0.934 -0.969 -0.809 -0.369 -0.2 -0.142 0.565 0.742 -0.647 -0.094 0.049 -0.718 -0.775 0.696 -0.445 -0.677 0.988 -0.679 0.3 -0.134 -0.096 -0.06 -0.255 -0.494 0.945 -0.143 0.065 -0.854 0.364 0.291 0.336 0.532 0.93 -0.331 -0.552 -0.979 0.46 0.714 0.704 0.656 0.25 100
0.294 0.978 0.091 0.078 -0.209 0.422 0.904 -0.934 -0.969 -0.809 -0.369 -0.2 -0.142 0.565 0.742 -0.647 -0.094 0.049 -0.718 -0.775 0.696 -0.445 -0.677 0.988 -0.679 0.3 -0.134 -0.096 -0.06 -0.255 -0.494 0.945 -0.143 0.065 -0.854 0.364 0.291 0.336 0.532 0.93 -0.562 -0.552 -0.979 0.46 0.714 0.704 0.656 0.25 100
0.294 0.978 0.091 0.078 -0.209 0.422 0.474 -0.934 -0.969 -0.809 -0.369 -0.2 -0.142 0.565 0.742 -0.826 -0.094 0.049 -0.718 -0.775 0.696 -0.445 -0.677 0.988 -0.679 0.3 -0.134 -0.096 -0.06 -0.255 -0.494 0.945 -0.143 0.065 -0.854 0.364 0.291 0.336 0.532 0.93 -0.331 -0.552 -0.979 0.46 0.714 0.704 0.656 0.25 100
0.294 0.978 0.091 0.078 -0.209 0.422 0.474 -0.934 -0.969 -0.809 -0.369 -0.2 -0.142 0.504 0.742 0.485 -0.094 0.049 -0.718 -0.775 0.696 -0.445 -0.677 0.988 -0.679 0.3 -0.134 -0.096 -0.06 -0.255 -0.494 0.945 -0.143 0.065 -0.854 0.364 0.291 0.336 0.532 0.93 0.149 -0.552 -0.979 0.46 0.714 0.704 0.656 0.25 67.28676
0.294 0.978 0.091 0.078 -0.209 0.422 0.474 -0.934 -0.969 -0.809 -0.369 -0.2 -0.142 0.565 0.742 -0.647 -0.766 0.049 -0.718 -0.775 0.696 -0.445 -0.677 0.988 -0.679 0.3 -0.134 -0.096 -0.06 -0.255 -0.494 0.945 -0.143 0.065 -0.854 0.364 0.291 0.336 0.532 0.93 -0.331 -0.552 -0.979 0.46 0.714 0.704 0.656 0.25 5
0.294 0.978 0.091 0.078 -0.209 0.422 0.474 -0.934 -0.969 -0.809 -0.369 -0.2 -0.142 -0.824 0.742 0.485 -0.094 0.049 -0.718 -0.775 0.696 -0.445 -0.677 0.988 -0.679 0.3 -0.134 -0.096 -0.06 -0.255 -0.982 0.945 -0.143 0.065 -0.854 0.364 0.291 0.336 0.532 0.93 -0.331 -0.552 -0.979 0.46 0.714 0.704 0.656 0.25 100
0.294 0.978 0.091 0.078 -0.209 0.422 0.904 -0.934 -0.969 -0.809 -0.369 -0.2 -0.142 0.565 0.742 -0.647 -0.094 0.049 -0.718 -0.775 0.696 -0.445 -0.677 0.988 -0.679 0.3 -0.134 -0.096 -0.06 -0.255 -0.494 0.945 -0.143 0.065 -0.854 0.364 0.291 0.336 0.532 0.93 -0.331 -0.552 -0.979 0.46 0.714 0.704 0.656 0.25 64.42693
0.294 0.978 0.091 0.078 -0.209 0.422 0.474 -0.934 -0.969 -0.809 -0.369 -0.2 -0.142 0.565 0.742 -0.647 -0.094 0.049 -0.718 -0.775 0.696 -0.445 -0.677 0.988 -0.679 0.3 -0.134 -0.096 -0.06 -0.255 -0.494 0.945 -0.143 0.065 -0.854 0.364 0.291 0.336 0.532 0.93 -0.331 -0.552 -0.979 0.46 0.714 0.704 0.656 0.25 100
0.294 0.978 0.091 0.078 -0.209 0.422 0.474 -0.934 -0.969 -0.809 -0.369 -0.2 -0.142 0.565 0.742 -0.647 -0.094 0.049 -0.718 -0.775 0.696 -0.445 -0.677 0.988 -0.679 0.3 -0.134 -0.096 -0.06 -0.255 -0.494 0.945 -0.143 0.065 -0.854 0.364 0.291 0.336 0.532 0.93 -0.331 -0.552 -0.979 0.46 0.714 -0.354 0.656 0.813 1
0.294 0.978 0.091 0.078 -0.209 0.422 0.474 -0.934 -0.969 -0.809 -0.369 -0.2 -0.142 0.565 0.742 -0.647 -0.094 0.049 -0.718 -0.775 0.696 -0.445 -0.677 0.988 -0.679 0.3 -0.134 -0.096 -0.06 -0.255 -0.494 0.945 -0.143 0.065 -0.854 0.364 0.291 0.336 0.532 0.93 -0.331 -0.055 -0.979 0.46 0.714 0.704 0.656 0.25 61.14612
0.294 0.978 0.091 0.078 -0.209 0.422 -0.724 -0.934 -0.969 -0.809 -0.369 -0.2 -0.142 0.565 0.742 -0.647 -0.094 0.049 -0.718 -0.775 0.696 -0.445 -0.677 0.988 -0.679 0.3 -0.134 -0.096 -0.06 -0.255 -0.494 0.945 -0.143 0.065 -0.854 0.364 0.291 0.336 0.532 0.93 -0.331 -0.552 -0.979 0.46 0.714 0.704 0.656 0.25 51.867
0.294 0.978 0.091 0.078 -0.209 0.422 0.474 -0.934 -0.969 -0.809 -0.369 -0.2 -0.142 0.565 0.742 -0.647 -0.094 0.049 -0.718 -0.775 0.696 -0.445 -0.677 0.988 -0.679 0.3 -0.134 -0.096 -0.06 -0.255 -0.494 0.945 -0.143 0.065 -0.854 0.364 0.291 0.336 0.532 0.93 -0.331 -0.552 -0.979 0.46 0.714 -0.354 0.656 0.25 100
0.294 0.978 0.091 0.078 -0.209 0.422 0.474 -0.934 -0.969 -0.809 -0.369 -0.2 -0.142 0.565 0.742 -0.647 -0.766 0.049 -0.718 -0.775 0.696 -0.445 -0.677 0.988 -0.679 0.3 -0.134 -0.096 -0.06 -0.255 -0.494 0.945 -0.143 0.065 -0.854 0.364 0.291 0.336 0.532 0.93 -0.331 -0.552 -0.979 0.46 0.714 0.704 0.656 0.25 62.71458
0.294 0.978 0.091 0.078 -0.209 0.422 0.474 -0.934 -0.969 -0.809 -0.369 -0.2 -0.142 0.504 0.742 0.485 -0.094 0.049 -0.718 -0.775 0.696 -0.445 -0.677 0.988 -0.679 0.3 -0.134 -0.096 -0.06 -0.255 -0.494 0.945 -0.143 0.065 -0.854 0.364 0.291 0.336 0.532 0.93 0.149 -0.552 -0.979 0.46 0.714 0.704 0.656 0.25 67.42988
0.344 0.978 0.091 0.078 -0.209 0.422 0.474 -0.934 -0.969 -0.809 -0.369 -0.2 -0.142 0.565 0.742 -0.647 -0.094 0.049 -0.718 -0.775 0.696 -0.445 -0.677 0.988 -0.679 0.3 -0.134 -0.096 -0.06 -0.255 -0.494 0.945 -0.143 0.065 -0.854 0.364 0.291 0.336 0.532 0.93 -0.331 -0.552 -0.979 0.46 0.714 0.704 0.656 0.25 61.62974
0.294 0.978 0.091 0.078 -0.209 0.422 0.474 -0.934 -0.969 -0.809 -0.369 -0.2 -0.142 0.565 0.742 -0.647 -0.094 0.049 -0.718 -0.775 0.696 -0.445 -0.677 0.988 -0.679 0.3 -0.134 -0.096 -0.06 -0.255 -0.494 0.945 -0.143 0.065 -0.854 0.364 0.291 0.336 0.248 0.93 -0.331 -0.552 -0.979 0.46 0.714 0.704 0.656 0.25 100
0.344 0.978 0.091 0.078 -0.209 0.422 0.474 -0.934 -0.969 -0.809 -0.369 -0.2 -0.142 0.565 0.742 -0.647 -0.094 0.049 -0.718 -0.775 0.696 -0.445 -0.677 0.988 -0.679 0.3 -0.134 -0.096 -0.06 -0.255 -0.494 0.945 -0.143 0.065 -0.854 0.364 0.291 0.336 0.532 0.93 -0.331 -0.552 -0.979 0.46 0.714 0.704 0.656 0.25 100
0.294 0.978 0.091 0.078 -0.209 0.422 0.474 -0.934 -0.969 -0.809 -0.369 -0.2 -0.142 0.565 0.742 -0.647 -0.094 0.049 -0.718 -0.775 0.696 -0.445 -0.677 0.988 -0.679 0.3 -0.134 -0.096 -0.06 -0.255 -0.494 0.945 -0.143 0.065 -0.854 0.364 0.291 0.336 0.532 0.93 -0.331 0.652 -0.979 0.46 0.714 0.704 0.656 0.25 62.00004
0.294 0.978 0.091 0.078 -0.209 0.422 0.474 -0.934 -0.969 -0.809 -0.369 -0.2 -0.142 0.565 0.766 -0.647 -0.094 0.049 -0.718 -0.775 0.696 -0.445 -0.677 0.988 -0.679 0.3 -0.134 -0.096 -0.06 -0.255 -0.494 0.945 -0.143 0.065 -0.854 0.364 0.291 0.336 0.532 0.93 -0.331 -0.552 -0.979 0.46 0.714 0.704 0.656 0.25 68.08584
0.344 0.978 0.091 0.078 -0.209 0.422 0.474 -0.934 -0.969 -0.809 -0.369 -0.2 -0.142 0.565 0.766 -0.647 -0.094 0.049 -0.718 -0.775 0.696 -0.445 -0.677 0.988 -0.679 0.3 -0.134 -0.096 -0.06 -0.134 -0.494 0.945 -0.143 0.065 -0.854 0.364 0.291 0.336 0.532 0.93 -0.331 -0.552 -0.979 0.46 0.714 0.704 0.656 0.25 100
0.294 0.978 0.091 0.078 -0.209 0.422 0.474 -0.934 -0.969 -0.809 -0.369 -0.2 -0.142 0.565 0.742 -0.647 -0.094 0.049 -0.718 -0.775 0.696 -0.445 -0.677 0.988 -0.679 0.3 -0.134 -0.096 -0.06 -0.255 -0.494 0.945 -0.143 0.065 -0.854 0.364 0.291 0.336 0.532 0.93 -0.331 -0.552 -0.979 0.46 0.714 0.704 0.656 0.25 100
0.294 0.978 0.091 0.078 -0.209 0.422 0.474 -0.934 -0.969 -0.809 -0.369 -0.2 -0.142 0.565 0.742 -0.647 -0.094 0.049 -0.718 -0.775 0.696 -0.445 -0.677 0.988 -0.679 0.3 -0.134 -0.096 -0.06 -0.255 -0.494 0.945 -0.143 0.065 -0.854 0.364 0.291 0.336 0.532 0.93 -0.331 -0.552 -0.979 0.46 0.714 0.704 0.656 0.25 100
0.294 0.978 0.091 0.078 -0.209 0.422 0.474 -0.934 -0.969 -0.809 -0.369 -0.2 -0.142 0.565 0.742 -0.647 -0.094 0.049 -0.718 -0.775 0.696 -0.445 -0.677 0.988 -0.679 0.3 -0.134 -0.096 -0.06 -0.255 -0.494 0.945 -0.143 0.065 -0.854 0.364 0.291 0.336 0.532 0.93 -0.331 -0.552 -0.979 0.46 0.714 0.704 0.656 0.25 61.94357
0.294 0.978 0.091 0.078 -0.209 0.422 0.474 -0.934 -0.969 -0.809 -0.369 -0.2 -0.142 0.565 0.742 -0.826 -0.094 0.049 -0.718 -0.775 0.696 -0.445 -0.677 0.988 -0.679 0.3 -0.134 -0.096 -0.06 -0.255 -0.494 0.945 -0.143 0.065 -0.854 0.364 0.291 0.336 0.532 0.93 -0.331 -0.552 -0.979 0.46 0.714 0.704 0.656 0.25 67.39351
0.294 0.978 0.091 0.078 -0.209 0.422 0.474 -0.934 -0.969 -0.809 -0.369 -0.2 -0.142 0.504 0.742 0.485 -0.094 0.049 -0.718 -0.775 0.696 -0.445 -0.677 0.988 -0.679 0.3 -0.134 -0.096 -0.06 -0.255 -0.494 0.945 -0.143 0.065 -0.854 0.364 0.291 0.336 0.532 0.93 0.149 -0.552 -0.979 0.46 0.714 0.704 0.656 0.25 62.94153
0.294 0.978 0.091 0.078 -0.209 0.422 0.474 -0.934 -0.969 -0.809 -0.369 -0.2 -0.142 0.565 0.742 -0.647 -0.094 0.049 -0.718 -0.775 0.696 -0.445 -0.677 0.988 -0.679 0.3 -0.134 -0.096 -0.06 -0.255 -0.494 0.945 -0.143 0.065 -0.854 0.364 0.291 0.336 0.532 0.93 -0.331 -0.552 -0.979 0.46 0.714 0.704 0.656 0.25 67.35717
0.294 0.978 0.091 0.078 -0.209 0.422 0.474 -0.934 -0.969 -0.809 -0.369 -0.2 -0.142 0.565 0.742 -0.647 -0.094 0.049 -0.718 -0.775 0.696 -0.445 -0.677 0.988 -0.679 0.3 -0.134 -0.096 -0.06 -0.255 -0.494 0.945 -0.143 0.065 -0.854 0.364 0.291 0.336 0.532 0.93 -0.331 -0.552 -0.979 0.46 0.714 0.704 0.656 0.25 100
0.344 0.978 0.091 0.078 -0.209 0.422 0.474 -0.934 -0.969 -0.809 -0.369 -0.2 -0.142 0.565 0.742 -0.647 -0.094 0.049 -0.718 -0.775 0.696 -0.445 -0.677 0.988 -0.679 0.3 -0.134 -0.096 -0.06 -0.255 -0.494 0.945 -0.143 0.065 -0.854 0.364 0.291 0.336 0.532 0.93 -0.331 -0.552 -0.979 0.46 0.714 0.704 0.656 0.25 66.66683
0.294 0.978 0.091 0.078 -0.209 0.422 0.474 -0.934 -0.969 -0.809 -0.369 -0.2 -0.142 0.565 0.742 -0.647 -0.094 0.049 -0.718 -0.775 0.696 -0.445 -0.677 0.988 -0.679 0.3 -0.134 -0.096 -0.06 -0.255 -0.494 0.945 -0.143 0.065 -0.854 0.364 0.291 0.336 0.532 0.93 -0.331 -0.552 -0.979 0.46 0.714 0.704 0.656 0.25 100
0.294 0.978 0.091 0.078 -0.209 0.422 0.474 -0.934 -0.969 -0.809 -0.369 -0.2 -0.142 0.565 0.742 -0.647 -0.094 0.049 -0.718 -0.775 0.696 -0.445 -0.677 0.988 -0.679 0.3 -0.134 -0.096 -0.06 -0.255 -0.494 0.945 -0.143 0.065 -0.854 0.364 0.291 0.336 0.532 0.93 -0.331 -0.552 -0.979 0.46 0.714 0.704 0.656 0.25 68.20206
0.294 0.978 0.091 0.078 -0.209 0.422 0.474 -0.934 -0.969 -0.809 -0.369 -0.2 -0.142 -0.376 0.742 -0.647 -0.094 0.049 -0.718 -0.775 0.696 -0.445 -0.677 0.988 -0.679 0.3 -0.134 -0.096 -0.06 -0.255 -0.982 0.945 -0.143 0.065 -0.854 0.364 0.291 0.336 0.532 0.93 -0.331 -0.552 -0.979 0.46 0.714 0.704 0.656 0.25 68.66899
0.344 0.978 0.091 0.078 -0.209 0.422 0.474 -0.934 -0.969 -0.809 -0.369 -0.2 -0.142 0.565 0.742 -0.647 -0.094 0.049 -0.718 -0.775 0.696 -0.445 -0.677 0.988 -0.679 0.3 -0.134 -0.096 -0.06 -0.255 -0.494 0.945 -0.143 0.065 -0.854 0.364 0.291 0.336 0.532 0.93 -0.331 -0.552 -0.979 0.46 0.714 0.704 0.656 0.25 100
0.294 0.978 0.091 0.078 -0.209 0.422 -0.298 -0.934 -0.969 -0.809 -0.369 -0.2 -0.142 0.565 0.742 -0.647 -0.094 0.049 -0.718 -0.775 0.696 -0.445 -0.677 0.988 -0.679 0.3 -0.134 -0.096 -0.06 -0.255 -0.982 0.945 -0.143 0.065 -0.854 0.364 0.291 0.336 0.532 0.93 -0.331 -0.552 -0.979 0.46 0.714 0.704 0.656 0.25 56.72548
0.294 0.978 0.091 0.078 -0.209 0.422 0.474 -0.934 -0.969 -0.809 -0.369 -0.2 -0.142 0.565 0.742 -0.647 -0.094 0.049 -0.718 -0.775 0.696 -0.445 -0.677 0.988 -0.679 0.3 -0.134 -0.096 -0.06 -0.255 -0.494 0.945 -0.143 0.065 -0.854 0.364 0.291 0.336 0.532 0.93 -0.331 -0.552 -0.979 0.46 0.714 0.704 0.656 0.25 62.57657
0.294 0.978 0.091 0.078 -0.209 0.422 0.474 -0.934 -0.969 -0.809 -0.369 -0.2 -0.142 0.565 0.742 -0.647 -0.094 0.049 -0.718 -0.775 0.696 -0.445 -0.677 0.988 -0.679 0.3 -0.134 -0.096 -0.06 -0.255 -0.494 0.945 -0.143 0.065 -0.854 0.364 0.291 0.336 0.532 0.93 -0.331 -0.552 -0.979 0.46 0.714 0.704 0.656 0.25 100
0.178 0.978 0.091 0.078 -0.209 0.422 0.474 -0.934 -0.969 -0.809 -0.369 -0.2 -0.142 0.565 0.742 -0.647 -0.766 0.049 -0.718 -0.775 0.696 -0.445 -0.677 0.988 -0.679 0.3 -0.134 -0.096 -0.06 -0.255 -0.494 0.945 -0.143 0.065 -0.854 0.364 0.291 0.336 0.532 0.93 -0.331 -0.552 -0.979 0.46 0.714 0.704 0.656 0.25 100
0.294 0.978 0.091 0.078 -0.209 0.422 0.474 -0.934 -0.969 -0.809 -0.369 -0.2 -0.142 0.565 0.766 -0.647 -0.094 0.049 -0.718 -0.775 0.696 -0.445 -0.677 0.988 -0.679 0.3 -0.134 -0.096 -0.06 -0.255 -0.494 0.945 -0.143 0.065 -0.854 0.364 0.291 0.336 0.532 0.93 -0.331 -0.552 -0.979 0.46 0.714 0.704 0.656 0.25 67.86604
0.294 0.978 0.091 0.078 -0.209 0.422 0.474 -0.934 -0.969 -0.809 -0.369 -0.2 -0.142 0.565 0.742 -0.647 -0.094 0.049 -0.718 -0.775 0.696 -0.445 -0.677 0.988 -0.679 0.3 -0.134 -0.096 -0.06 -0.255 -0.494 0.945 -0.143 0.065 -0.854 0.364 0.291 0.336 0.532 0.93 -0.331 -0.552 -0.979 0.46 0.714 0.704 0.656 0.25 100
0.294 0.978 0.091 0.078 -0.209 0.422 0.474 -0.934 -0.969 -0.809 -0.369 -0.2 -0.142 0.565 0.742 -0.647 -0.094 0.049 -0.718 -0.775 0.696 -0.445 -0.677 0.988 -0.679 0.3 -0.134 -0.096 -0.06 -0.255 -0.494 0.945 -0.143 0.065 -0.854 0.364 0.291 0.336 0.532 0.93 -0.331 -0.552 -0.979 0.46 0.714 0.704 0.656 0.25 100
0.294 0.978 0.091 0.078 -0.209 0.422 0.474 -0.934 -0.969 -0.809 -0.369 -0.2 -0.142 0.565 0.742 -0.647 -0.094 0.049 -0.718 -0.775 0.696 -0.445 -0.677 0.988 -0.679 0.3 -0.134 -0.096 -0.06 -0.255 -0.494 0.945 -0.143 0.065 -0.854 0.364 0.291 0.336 0.532 0.93 -0.331 -0.552 -0.979 0.46 0.714 0.704 0.656 0.25 100
0.294 0.978 0.091 0.078 -0.209 0.422 0.904 -0.934 -0.969 -0.809 -0.369 -0.2 -0.142 0.565 0.742 -0.647 -0.094 0.049 -0.718 -0.775 0.696 -0.445 -0.677 0.988 -0.679 0.685 -0.134 -0.096 -0.06 -0.255 -0.494 0.945 -0.143 0.065 -0.854 0.364 0.291 0.336 0.532 0.93 -0.331 -0.552 -0.979 0.46 0.714 0.704 0.656 0.25 44.60458
0.294 0.978 0.091 0.078 -0.209 0.422 0.474 -0.934 -0.969 -0.809 -0.369 -0.2 -0.142 0.504 0.742 0.485 -0.094 0.049 -0.718 -0.775 0.696 -0.445 -0.677 0.988 -0.679 0.3 -0.134 -0.096 -0.06 -0.255 -0.494 0.945 -0.143 0.065 -0.854 0.364 0.291 0.336 0.532 0.93 -0.331 -0.552 -0.979 0.46 0.714 0.704 0.656 0.25 61.99592
0.294 0.978 0.091 0.078 -0.209 0.422 0.474 -0.934 -0.969 -0.809 -0.369 -0.2 -0.142 0.565 -0.818 -0.647 -0.094 0.049 -0.718 -0.775 0.696 -0.445 -0.677 0.988 -0.679 0.3 -0.134 -0.096 -0.06 -0.255 -0.494 0.945 -0.143 0.065 -0.854 0.364 0.291 0.336 0.532 0.93 -0.331 -0.552 -0.979 0.46 0.714 0.704 0.656 0.25 100
0.344 0.978 0.091 0.078 -0.209 0.422 0.474 -0.934 -0.969 -0.809 -0.369 -0.2 -0.142 0.504 0.742 0.485 -0.094 -0.26 -0.718 -0.775 0.696 -0.445 -0.677 0.988 -0.679 0.3 -0.134 -0.096 -0.06 -0.255 -0.494 0.945 -0.143 0.065 -0.854 0.364 0.291 0.336 0.532 0.93 -0.331 -0.552 -0.649 0.46 0.714 0.704 0.656 0.25 1
0.344 0.978 0.091 0.078 -0.209 0.422 0.474 -0.934 -0.969 -0.809 -0.369 -0.2 -0.142 0.565 0.742 -0.647 -0.094 0.049 -0.718 -0.775 0.696 -0.445 -0.677 0.988 -0.679 0.3 -0.134 -0.096 -0.06 -0.255 -0.494 0.945 -0.143 0.065 -0.854 0.364 0.291 0.336 0.532 0.93 -0.331 -0.552 -0.979 0.46 0.714 0.704 0.656 0.25 48.26171
0.294 0.978 0.091 0.078 -0.209 0.422 0.474 -0.934 -0.969 -0.809 -0.369 -0.2 -0.142 0.565 0.742 -0.647 -0.094 0.049 -0.718 -0.775 0.696 -0.445 -0.677 0.988 -0.679 0.3 -0.134 -0.096 -0.06 -0.255 -0.494 0.945 -0.143 0.065 -0.854 0.364 0.291 0.336 0.532 0.93 -0.331 -0.552 -0.979 0.46 0.714 0.704 0.656 0.25 68.01962
0.294 0.978 0.091 0.078 -0.209 0.422 0.474 -0.934 -0.969 -0.809 -0.369 -0.2 -0.142 0.565 0.742 -0.647 -0.094 0.049 -0.718 -0.775 0.696 -0.445 -0.677 0.988 -0.679 0.3 -0.134 -0.096 -0.06 -0.255 -0.494 0.945 -0.143 0.065 -0.854 0.364 0.291 0.336 0.532 0.93 -0.331 -0.552 -0.979 0.46 0.714 0.704 0.656 0.25 67.40367
0.178 0.978 0.091 0.078 -0.209 0.422 0.474 -0.934 -0.969 -0.809 -0.369 -0.2 -0.142 0.504 0.742 -0.647 -0.094 0.049 -0.718 -0.775 0.696 -0.445 -0.677 0.971 -0.679 0.3 -0.134 -0.096 -0.06 -0.255 -0.494 0.945 -0.143 0.065 -0.854 0.364 0.291 0.336 0.532 0.93 -0.331 -0.552 -0.979 0.46 0.714 0.704 0.656 0.25 47.90728
0.294 0.978 0.091 0.078 -0.209 0.422 0.474 -0.934 -0.969 -0.809 -0.369 -0.2 -0.142 0.565 0.742 -0.647 -0.094 0.049 -0.718 -0.775 0.696 -0.445 -0.677 0.988 -0.679 0.3 -0.134 -0.096 -0.06 -0.255 -0.494 0.945 -0.143 0.065 -0.854 0.364 0.291 0.336 0.532 0.93 -0.331 -0.552 -0.979 0.46 0.714 0.704 0.656 0.25 100
0.294 0.978 0.091 0.078 -0.209 0.422 0.474 -0.934 -0.969 -0.809 -0.369 -0.2 -0.142 0.565 0.742 -0.647 -0.094 0.049 -0.718 -0.775 0.696 -0.445 -0.677 0.988 -0.679 0.3 -0.134 -0.096 -0.06 -0.255 -0.494 0.945 -0.143 0.065 -0.854 0.364 0.291 0.336 0.532 0.93 -0.331 -0.552 -0.979 0.46 0.714 0.704 0.656 0.25 62.64838
-0.837 0.978 0.091 0.078 -0.209 0.422 0.474 -0.934 -0.969 -0.809 -0.369 -0.2 -0.142 0.565 0.742 -0.647 -0.094 0.049 -0.718 -0.775 0.696 -0.445 -0.677 0.988 -0.679 0.3 -0.134 -0.096 -0.06 -0.255 -0.494 0.945 -0.143 0.065 -0.854 0.364 0.291 0.336 0.532 0.93 -0.331 -0.552 -0.979 0.46 0.714 0.704 0.656 0.25 66.01986
0.294 0.978 0.091 0.078 -0.209 0.422 0.474 -0.934 -0.969 -0.809 -0.369 0.889 -0.142 0.565 0.742 -0.647 -0.094 0.049 -0.718 -0.775 0.696 -0.445 -0.677 0.988 -0.679 0.3 -0.134 -0.096 -0.06 -0.255 -0.494 0.945 -0.143 0.065 -0.854 0.364 0.291 0.336 0.532 0.93 -0.331 -0.552 -0.979 0.46 0.714 0.704 0.656 0.25 1
0.294 0.978 0.091 0.078 -0.209 0.422 0.474 -0.934 -0.969 -0.809 -0.369 -0.2 -0.142 0.565 0.766 -0.647 -0.094 0.049 -0.718 -0.775 0.696 -0.445 -0.677 0.988 -0.679 0.3 -0.134 -0.096 -0.06 -0.255 -0.494 0.945 -0.143 0.065 -0.854 0.364 0.291 0.336 0.532 0.93 -0.331 -0.552 -0.979 0.46 0.714 0.704 0.656 0.25 69.44807
0.294 0.978 0.091 0.078 -0.209 0.422 0.474 -0.934 -0.969 -0.809 -0.369 -0.2 -0.142 0.565 0.766 -0.647 -0.094 0.049 -0.718 -0.775 0.696 -0.445 -0.677 0.988 -0.679 0.3 -0.134 -0.096 -0.06 -0.255 -0.494 0.945 -0.143 0.065 -0.854 0.364 0.291 0.336 0.532 0.93 -0.331 -0.552 -0.979 0.46 0.714 0.704 0.656 0.25 69.37344
0.294 0.978 0.091 0.078 -0.209 0.422 0.474 -0.934 -0.969 -0.809 -0.369 -0.2 -0.142 0.565 0.742 -0.647 -0.094 0.049 -0.718 -0.775 0.696 -0.445 -0.677 0.988 -0.679 0.3 -0.134 -0.096 -0.06 -0.255 -0.494 0.945 -0.143 0.065 -0.854 0.364 0.291 0.336 0.532 0.93 -0.331 -0.552 -0.979 0.46 0.714 0.704 0.656 0.25 62.02202
0.294 0.978 0.091 0.078 -0.209 0.422 0.474 -0.934 -0.969 -0.809 -0.369 -0.2 -0.142 0.565 0.742 -0.647 -0.094 0.049 -0.718 -0.775 0.696 -0.445 -0.677 0.988 -0.679 0.3 -0.134 -0.096 -0.06 -0.255 -0.494 0.945 -0.143 0.065 -0.854 0.364 0.291 0.336 0.532 0.93 -0.331 -0.552 -0.979 0.46 0.714 0.704 0.656 0.25 68.03085
0.294 0.978 0.091 0.078 -0.209 0.422 0.474 -0.934 -0.969 -0.809 -0.369 -0.2 -0.142 0.565 0.742 -0.647 -0.094 0.049 -0.718 -0.775 0.696 -0.445 -0.677 0.988 -0.679 0.3 -0.134 -0.096 -0.06 -0.255 -0.494 0.945 -0.143 0.065 -0.854 0.364 0.291 0.336 0.532 0.93 -0.331 -0.552 -0.979 0.46 0.714 0.704 0.656 0.25 100
0.294 0.978 0.091 0.078 -0.209 0.422 0.904 -0.934 -0.969 -0.809 -0.369 -0.2 -0.142 0.565 0.742 -0.647 -0.094 -0.273 -0.718 -0.775 0.696 -0.445 -0.677 0.988 -0.679 0.3 -0.134 -0.096 -0.06 -0.255 -0.494 0.945 -0.143 0.065 -0.854 0.364 0.291 0.336 0.532 0.93 -0.331 -0.552 -0.979 0.46 0.714 0.704 0.656 0.25 41.43993
0.294 0.978 0.091 0.078 -0.209 0.422 0.474 -0.934 -0.969 -0.809 -0.369 -0.2 -0.142 0.565 0.742 -0.647 -0.094 0.049 -0.718 -0.775 0.696 -0.445 -0.677 0.988 -0.679 0.3 -0.134 -0.096 -0.06 -0.255 -0.494 0.945 -0.143 0.065 -0.854 0.364 0.291 0.336 0.532 0.93 -0.331 -0.552 -0.979 0.46 0.714 0.704 0.656 0.25 69.47538
0.344 0.978 0.091 0.078 -0.209 0.422 0.474 -0.934 -0.969 -0.809 -0.369 -0.2 -0.142 0.565 0.742 -0.647 -0.094 0.049 -0.718 -0.775 0.696 -0.445 -0.677 0.988 -0.679 0.3 -0.134 -0.096 -0.06 -0.255 -0.494 0.945 -0.143 0.065 -0.854 0.364 0.291 0.336 0.532 0.93 -0.331 -0.552 -0.979 0.46 0.714 0.704 0.656 0.25 100
0.294 0.978 0.091 0.078 -0.209 0.422 0.474 -0.934 -0.969 -0.809 -0.369 -0.2 -0.142 0.565 0.742 -0.647 -0.094 0.049 -0.718 -0.775 0.696 -0.445 -0.677 0.988 -0.679 0.3 -0.134 -0.096 -0.06 -0.255 -0.982 0.945 -0.143 0.065 -0.854 0.364 0.291 0.336 0.532 0.93 -0.331 -0.552 -0.979 0.46 0.714 0.704 0.656 0.25 100
0.294 0.978 0.091 0.078 -0.209 0.422 0.474 -0.934 -0.969 -0.809 -0.369 -0.2 -0.142 0.565 0.766 -0.647 -0.094 0.049 -0.718 -0.775 0.696 -0.445 -0.677 0.988 -0.679 0.3 -0.134 -0.096 -0.06 -0.255 -0.494 0.945 -0.143 0.065 -0.854 0.364 0.291 0.336 0.532 0.93 -0.331 -0.552 -0.979 0.46 0.714 0.704 0.656 0.25 63.4252
0.294 0.978 0.091 0.078 -0.209 0.422 0.474 -0.934 -0.969 -0.809 -0.369 -0.2 -0.142 0.565 0.742 -0.826 -0.094 0.049 -0.718 -0.775 0.696 -0.445 -0.677 0.988 -0.679 0.3 -0.134 -0.096 -0.06 -0.255 -0.494 0.945 -0.143 0.065 -0.854 0.364 0.291 0.336 0.532 0.93 -0.331 -0.552 -0.979 0.46 0.714 0.704 0.656 0.25 62.44135
0.294 0.978 0.091 0.078 -0.209 0.422 0.474 -0.934 -0.969 -0.809 -0.369 -0.2 -0.142 0.565 0.742 -0.647 -0.094 0.049 -0.718 -0.775 0.696 -0.445 -0.677 0.988 -0.679 0.3 -0.134 -0.096 -0.06 -0.255 -0.494 0.945 -0.143 0.065 -0.854 0.364 0.291 0.336 0.532 0.93 -0.331 -0.552 -0.979 0.46 0.714 0.704 0.656 0.25 100
0.376 0.978 0.091 0.078 -0.209 0.422 0.474 -0.934 -0.969 -0.809 -0.369 -0.2 -0.142 0.487 0.766 -0.647 -0.094 0.049 -0.718 -0.775 0.696 -0.445 -0.677 0.988 -0.679 0.3 -0.134 -0.096 -0.06 -0.255 -0.494 0.945 -0.143 0.065 -0.854 0.364 0.291 0.336 0.532 0.93 -0.331 -0.552 -0.979 0.46 0.714 0.704 0.656 0.25 60.96804
0.294 0.978 0.091 0.078 -0.209 0.422 0.474 -0.934 -0.969 -0.809 -0.369 -0.2 -0.142 0.565 0.742 -0.647 -0.094 0.049 -0.718 -0.775 0.696 -0.445 -0.677 0.988 -0.679 0.3 -0.134 -0.096 -0.06 -0.255 -0.494 0.945 -0.143 0.065 -0.854 0.364 0.291 0.336 0.532 0.93 -0.331 -0.552 -0.979 0.46 0.714 0.704 0.656 0.25 69.34216
0.294 0.978 0.091 0.078 -0.209 0.422 0.474 -0.934 -0.969 -0.809 -0.369 -0.2 -0.142 0.565 0.742 -0.647 -0.094 0.049 -0.718 -0.775 0.696 -0.445 -0.677 0.988 -0.679 0.3 -0.134 -0.096 -0.06 -0.255 -0.494 0.945 -0.143 -0.545 -0.854 0.364 0.291 0.336 0.532 0.93 -0.331 -0.552 -0.979 0.46 0.714 0.704 0.656 0.25 30.06542
0.294 0.978 0.091 0.078 -0.209 0.422 0.474 -0.934 -0.969 -0.809 -0.369 -0.2 -0.142 0.565 0.742 -0.647 -0.094 0.049 -0.718 -0.775 0.696 -0.445 -0.677 0.988 -0.679 0.3 -0.134 -0.096 -0.06 -0.255 -0.494 0.945 -0.143 0.065 -0.854 0.364 0.291 0.336 0.532 0.93 -0.331 -0.552 -0.979 0.46 0.714 0.704 0.656 0.25 67.26971
0.294 0.978 0.091 0.078 -0.209 0.422 0.474 -0.934 -0.969 -0.809 -0.369 -0.2 -0.142 0.565 0.766 -0.647 -0.094 0.049 -0.718 -0.775 0.696 -0.445 -0.677 0.988 -0.679 0.3 -0.134 -0.096 -0.06 -0.255 -0.494 0.945 -0.143 0.065 -0.854 0.364 0.291 0.336 0.532 0.93 -0.331 -0.552 -0.979 0.46 0.714 0.704 0.656 0.25 100
0.344 0.978 0.091 0.078 -0.209 0.422 0.474 -0.934 -0.969 -0.809 -0.369 -0.2 -0.142 0.565 0.742 -0.647 -0.094 0.049 -0.718 -0.775 0.696 -0.445 -0.677 0.988 -0.679 0.3 -0.134 -0.096 -0.06 -0.255 -0.494 0.945 -0.143 0.065 -0.854 0.364 0.291 0.336 0.532 0.93 -0.331 -0.552 -0.979 0.46 0.714 0.704 0.656 0.25 100
0.294 0.978 0.091 0.078 -0.209 0.422 0.904 -0.934 -0.969 -0.809 -0.369 -0.2 -0.142 -0.36 0.742 -0.647 -0.094 0.049 -0.718 -0.775 0.696 -0.445 -0.677 0.988 -0.679 0.3 -0.134 -0.096 -0.06 -0.255 -0.494 0.945 -0.143 0.065 -0.854 0.364 0.291 0.336 0.532 0.93 -0.331 -0.552 -0.979 0.46 0.714 0.704 0.656 0.25 100
0.294 0.978 0.091 0.078 -0.209 0.422 0.904 -0.934 -0.969 -0.809 -0.369 -0.2 -0.142 0.565 0.742 -0.826 -0.094 0.049 -0.718 -0.775 0.696 -0.445 -0.677 0.988 -0.679 0.3 -0.134 -0.096 -0.06 -0.255 -0.494 0.945 -0.143 0.065 -0.854 0.364 0.291 0.336 0.532 0.93 -0.331 -0.552 -0.979 0.46 0.714 0.704 0.656 0.25 100
0.178 0.978 0.091 0.078 -0.209 0.422 0.474 -0.934 -0.969 -0.809 -0.369 -0.2 -0.142 0.565 0.742 -0.647 -0.094 0.049 -0.718 -0.775 0.696 -0.445 -0.677 0.988 -0.679 0.3 -0.134 -0.096 -0.06 -0.255 -0.494 0.945 -0.143 0.065 -0.854 0.364 0.291 0.336 0.532 0.93 -0.331 -0.552 -0.979 0.46 0.714 0.704 0.656 0.25 100
0.294 0.978 0.091 0.078 -0.209 0.422 0.474 -0.934 -0.969 -0.809 -0.369 -0.2 -0.142 0.504 0.742 0.485 -0.094 0.049 -0.718 -0.775 0.696 -0.445 -0.677 0.988 -0.679 0.3 -0.134 -0.096 -0.06 -0.255 -0.494 0.945 -0.143 0.065 -0.854 0.364 0.291 0.336 0.532 0.93 -0.331 -0.552 -0.979 0.46 0.714 0.704 0.656 0.25 62.1171
0.294 0.978 0.091 0.078 -0.209 0.422 0.904 -0.934 -0.969 -0.809 -0.369 -0.2 -0.142 0.565 0.742 -0.647 -0.094 0.049 -0.718 -0.775 0.696 -0.445 -0.677 0.988 -0.679 0.3 -0.134 -0.096 -0.06 -0.255 -0.494 0.945 -0.143 0.065 -0.854 0.364 0.291 0.336 0.532 0.93 -0.331 -0.552 -0.874 0.46 0.714 0.704 0.656 0.25 100
0.178 0.978 0.091 0.078 -0.209 0.422 0.474 -0.934 -0.969 -0.809 -0.369 -0.2 -0.142 0.565 0.742 -0.647 -0.094 0.049 -0.718 -0.775 0.696 -0.445 -0.677 0.988 -0.679 0.3 -0.134 -0.096 -0.06 -0.255 -0.494 0.945 -0.143 0.065 -0.854 0.364 0.291 0.336 0.532 0.93 -0.331 -0.552 -0.979 0.46 0.714 0.704 0.656 0.25 63.29183
0.344 0.978 0.091 0.078 -0.209 0.422 0.474 -0.934 -0.969 -0.809 -0.369 -0.2 -0.142 0.565 0.742 -0.647 -0.094 -0.273 -0.718 -0.775 0.696 -0.445 -0.677 0.988 -0.679 0.3 -0.134 -0.096 -0.06 -0.255 -0.494 0.945 -0.143 0.065 -0.854 0.364 0.291 0.336 0.532 0.93 -0.331 -0.552 -0.979 0.46 0.714 0.704 0.656 0.25 39.19776
0.294 0.978 0.091 0.078 -0.209 0.422 0.474 -0.934 -0.969 -0.809 -0.369 -0.2 -0.142 0.565 0.742 -0.647 -0.094 0.049 -0.718 -0.775 0.696 -0.445 -0.677 0.988 -0.679 0.3 -0.134 -0.096 -0.06 -0.255 -0.494 0.945 -0.143 0.065 -0.854 0.364 0.291 0.336 0.532 0.93 -0.331 -0.552 -0.979 0.46 0.714 0.704 0.656 0.25 100
0.178 0.978 0.091 0.078 -0.209 0.422 0.474 -0.934 -0.969 -0.809 -0.369 -0.2 -0.142 0.565 0.742 -0.647 -0.766 0.049 -0.718 -0.775 0.696 -0.445 -0.677 0.988 -0.679 0.3 -0.134 -0.096 -0.06 -0.255 -0.494 0.945 -0.143 0.065 -0.854 0.364 0.291 0.336 0.532 0.93 -0.331 -0.552 -0.979 0.46 0.714 0.704 0.656 0.25 71.41116
0.294 0.978 0.091 0.078 -0.209 0.422 0.904 -0.934 -0.969 -0.809 -0.369 -0.2 -0.142 0.565 0.742 -0.647 -0.094 0.049 -0.718 -0.775 0.696 -0.445 -0.677 0.988 -0.679 0.3 -0.134 -0.096 -0.06 -0.255 -0.494 0.945 -0.143 0.065 -0.854 0.364 0.291 0.336 0.532 0.93 -0.331 -0.552 -0.979 0.46 0.714 0.704 0.656 0.25 100
0.294 0.978 0.091 0.078 -0.209 0.422 0.474 -0.934 -0.969 -0.809 -0.369 -0.2 -0.142 0.565 0.742 -0.647 -0.094 0.049 -0.718 -0.775 0.696 -0.445 -0.677 0.988 -0.679 0.3 -0.134 -0.096 -0.06 -0.255 -0.494 0.945 -0.143 0.065 -0.854 0.364 0.291 0.336 0.532 0.93 -0.331 -0.552 -0.979 0.46 0.714 0.704 0.656 0.25 45.90602
0.294 0.978 0.091 0.078 -0.209 0.422 0.474 -0.934 -0.969 -0.809 -0.369 -0.2 -0.142 0.565 0.742 -0.647 -0.094 0.049 -0.718 -0.775 0.696 -0.445 -0.677 0.988 -0.679 0.3 -0.134 -0.096 -0.06 -0.255 -0.494 0.945 -0.143 0.065 -0.854 0.364 0.291 0.336 0.532 0.93 -0.331 -0.552 -0.979 0.46 0.714 0.704 0.656 0.25 100
0.294 0.978 0.091 0.078 -0.209 0.422 0.904 0.336 -0.969 -0.809 -0.369 -0.2 -0.142 -0.36 0.742 -0.647 -0.094 0.049 -0.718 -0.775 0.696 -0.445 -0.677 0.988 -0.679 0.3 -0.134 -0.096 -0.06 -0.255 -0.494 0.945 -0.143 0.065 -0.854 0.364 0.291 0.336 0.624 0.93 -0.331 -0.552 -0.979 0.46 0.714 0.704 0.656 0.25 5
0.294 0.978 0.091 0.078 -0.209 0.422 0.474 -0.934 -0.969 -0.809 -0.369 -0.2 -0.142 -0.36 0.742 -0.647 -0.094 0.049 -0.718 -0.775 0.696 -0.445 -0.677 0.988 -0.679 0.3 -0.134 -0.096 -0.06 -0.255 -0.982 0.945 -0.143 0.065 -0.854 0.364 0.291 0.336 0.532 0.93 -0.331 -0.552 -0.979 0.46 0.714 0.704 0.656 0.25 100
0.294 0.978 0.091 0.078 -0.209 0.422 0.474 -0.934 -0.969 -0.809 -0.369 -0.2 -0.142 0.565 0.742 -0.647 -0.094 0.049 -0.718 -0.775 0.696 -0.445 -0.677 0.988 -0.679 0.3 -0.134 -0.096 -0.06 -0.255 -0.494 0.945 -0.143 0.065 -0.854 0.364 0.291 0.336 0.532 0.93 -0.331 -0.552 -0.979 0.46 0.714 0.704 0.656 0.25 67.15041
0.294 0.978 0.091 0.078 -0.209 0.422 0.474 -0.934 -0.969 -0.809 -0.369 -0.2 -0.142 0.565 0.742 -0.647 -0.094 0.049 -0.718 -0.775 0.696 -0.445 -0.677 0.988 -0.679 0.3 -0.134 -0.096 -0.06 -0.255 -0.494 0.945 -0.143 0.065 -0.854 0.364 0.291 0.336 0.532 0.871 -0.331 -0.552 -0.979 0.46 0.714 0.704 0.656 0.25 100
0.294 0.978 0.091 0.078 -0.209 0.422 0.474 -0.934 -0.969 -0.809 -0.369 -0.2 -0.142 0.565 0.742 -0.647 -0.094 0.049 -0.718 -0.775 0.696 -0.445 -0.677 0.988 -0.679 0.3 -0.134 -0.096 -0.06 -0.255 -0.494 0.945 -0.143 0.065 -0.854 0.364 0.291 0.336 0.532 0.93 -0.331 -0.552 -0.979 0.46 0.714 0.704 0.656 0.25 62.3948
0.294 0.978 0.091 0.078 -0.209 0.422 0.474 -0.934 -0.969 -0.809 -0.369 -0.2 -0.142 0.504 0.742 0.485 -0.094 0.049 -0.718 -0.775 0.696 -0.445 -0.677 0.988 -0.679 0.3 -0.134 -0.096 -0.06 -0.255 -0.494 0.945 -0.143 0.065 -0.854 0.364 0.291 0.336 0.532 0.93 0.149 -0.552 -0.979 0.46 0.714 0.704 0.656 0.25 100
0.294 0.978 0.091 0.078 -0.209 0.422 0.904 -0.934 -0.969 -0.809 -0.369 -0.2 -0.142 0.565 0.742 -0.647 -0.094 0.049 -0.718 -0.775 0.696 -0.445 -0.677 0.988 -0.679 0.3 -0.134 -0.096 -0.06 -0.255 -0.494 0.945 -0.143 0.065 -0.854 0.364 0.291 0.336 0.532 0.93 -0.331 -0.552 -0.979 0.46 0.714 0.704 0.656 0.25 100
0.294 0.978 0.091 0.078 -0.209 0.422 0.474 -0.934 -0.969 -0.809 -0.369 -0.2 -0.142 0.565 0.742 -0.647 -0.094 -0.273 -0.718 -0.775 0.696 -0.445 -0.677 0.988 -0.679 0.3 -0.134 -0.096 -0.06 -0.255 -0.494 0.945 -0.143 0.065 -0.854 0.364 0.291 0.336 0.532 0.93 -0.331 -0.552 -0.979 0.46 0.714 0.704 0.656 0.25 70.35356
0.294 0.978 0.091 0.078 -0.209 0.422 0.474 -0.934 -0.969 -0.809 -0.369 -0.2 -0.142 0.565 0.742 -0.647 -0.094 0.049 -0.718 -0.775 0.696 -0.445 -0.677 0.988 -0.679 0.3 -0.134 -0.096 -0.06 -0.255 -0.494 0.945 -0.143 0.065 -0.854 0.364 0.291 0.336 0.532 0.93 -0.331 -0.552 -0.979 0.46 0.714 0.704 0.656 0.25 100
0.294 0.978 0.091 0.078 -0.209 0.422 0.474 -0.934 -0.969 -0.809 -0.369 -0.2 -0.142 0.565 0.742 -0.647 -0.094 0.049 -0.718 -0.775 0.696 -0.445 -0.677 0.988 -0.679 0.3 -0.134 -0.096 -0.06 -0.255 -0.494 0.945 -0.143 0.065 -0.854 0.364 0.291 0.336 0.532 0.93 -0.331 -0.552 -0.979 0.46 0.714 0.704 0.656 0.25 100
0.294 0.978 0.091 0.078 -0.209 0.422 0.474 -0.934 -0.969 -0.809 -0.369 -0.2 -0.142 -0.376 0.742 -0.647 -0.094 0.049 -0.718 -0.775 0.696 -0.445 -0.677 0.988 -0.679 0.3 -0.134 -0.096 -0.06 -0.255 -0.982 0.945 -0.143 0.065 -0.854 0.364 0.291 0.336 0.532 0.93 -0.331 -0.552 -0.979 0.46 0.714 0.704 0.656 0.25 100
0.294 0.978 0.091 0.078 -0.209 0.422 0.474 -0.934 -0.969 -0.809 -0.369 -0.2 -0.142 0.565 0.742 -0.647 -0.094 0.049 -0.718 -0.775 0.696 -0.445 -0.677 0.988 -0.679 0.3 -0.134 -0.096 -0.06 -0.255 -0.494 0.945 -0.143 0.065 -0.854 0.364 0.291 0.336 0.532 0.93 -0.331 -0.552 -0.979 0.46 0.714 0.704 0.656 0.25 62.29047
0.294 0.978 0.091 0.078 -0.209 0.422 0.904 -0.934 -0.969 -0.809 -0.369 -0.2 -0.142 0.565 0.742 -0.647 -0.094 0.049 -0.718 -0.775 0.696 -0.445 -0.677 0.988 -0.679 0.3 -0.134 -0.096 -0.06 -0.255 -0.494 0.945 -0.143 0.065 -0.854 0.364 0.291 0.336 0.532 0.93 -0.331 -0.552 -0.979 0.46 0.714 0.704 0.656 0.25 48.66258
0.344 0.978 0.091 0.078 -0.209 0.422 0.474 -0.934 -0.969 -0.809 -0.369 -0.2 -0.142 0.504 0.742 0.485 -0.094 0.049 -0.718 -0.775 0.696 -0.445 -0.677 0.988 -0.679 0.3 -0.134 -0.096 -0.06 -0.255 -0.494 0.945 -0.143 0.065 -0.854 0.364 0.291 0.336 0.532 0.93 -0.331 -0.552 -0.979 0.46 0.714 0.704 0.656 0.25 66.29586
0.294 0.978 0.091 0.078 -0.209 0.422 0.474 -0.934 -0.969 -0.809 -0.369 -0.2 -0.142 0.565 0.742 -0.647 -0.094 0.049 -0.718 -0.775 0.696 -0.445 -0.677 0.988 -0.679 0.3 -0.134 -0.096 -0.06 -0.255 -0.494 0.945 -0.143 0.065 -0.854 0.364 0.291 0.336 0.532 0.93 -0.331 -0.552 -0.979 0.46 0.714 0.704 0.656 0.25 66.84046
0.294 0.978 0.091 0.078 -0.209 0.422 0.474 -0.934 -0.969 -0.809 -0.369 -0.2 -0.142 0.565 0.742 -0.647 -0.094 -0.273 -0.718 -0.775 0.696 -0.445 -0.677 0.988 -0.679 0.3 -0.134 -0.096 -0.06 -0.255 -0.494 0.945 -0.143 0.065 -0.854 0.364 0.291 0.336 0.532 0.93 -0.331 -0.552 -0.979 0.46 0.714 0.704 0.656 0.25 100
0.294 0.978 0.091 0.078 -0.209 0.422 0.474 -0.934 -0.969 -0.809 -0.369 -0.2 -0.142 0.565 0.742 -0.647 -0.094 0.049 -0.718 -0.775 0.696 -0.445 -0.677 0.988 -0.679 0.3 -0.134 -0.096 -0.06 -0.255 -0.494 0.945 -0.143 0.065 -0.854 0.364 0.291 0.336 0.532 0.93 -0.331 -0.552 -0.979 0.46 0.714 0.704 0.656 0.25 63.18383
0.294 0.978 0.091 0.078 -0.209 0.422 0.474 -0.934 -0.969 -0.809 -0.369 -0.2 -0.142 0.565 0.742 -0.647 -0.094 0.049 -0.718 -0.775 0.696 -0.445 -0.677 0.988 -0.679 0.3 -0.134 -0.096 -0.06 -0.255 -0.494 0.945 -0.143 0.065 -0.854 0.364 0.291 0.336 0.532 0.93 -0.562 -0.552 -0.979 0.46 0.714 0.704 0.656 0.25 62.09366
0.294 0.978 0.091 0.078 -0.209 0.422 0.474 -0.934 -0.969 -0.809 -0.369 -0.2 -0.142 0.565 0.742 -0.826 -0.094 0.049 -0.718 -0.775 0.696 -0.445 -0.677 0.988 -0.679 0.3 -0.134 -0.096 -0.06 -0.255 -0.494 0.945 -0.143 0.065 -0.854 0.364 0.291 0.336 0.462 0.93 -0.331 -0.552 -0.979 0.46 0.714 0.704 0.656 0.25 62.21406
0.294 0.978 0.091 0.078 -0.209 0.422 0.474 -0.934 -0.969 -0.809 -0.369 -0.2 -0.142 0.565 0.742 -0.647 -0.094 0.049 -0.718 -0.775 0.696 -0.445 -0.677 0.988 -0.78 0.3 -0.134 -0.096 -0.06 -0.255 -0.494 0.945 -0.143 0.065 -0.854 0.364 0.291 0.336 0.532 0.93 -0.331 -0.552 -0.979 0.46 0.714 0.704 0.656 0.25 100
0.344 0.978 0.091 0.078 -0.209 0.422 0.474 -0.934 -0.969 -0.809 -0.369 -0.2 -0.142 0.565 -0.818 -0.647 -0.094 0.049 -0.718 -0.775 0.696 -0.445 -0.677 0.988 -0.679 0.3 -0.134 -0.096 -0.06 -0.255 -0.494 0.945 -0.143 0.065 -0.854 0.364 0.291 0.336 0.532 0.93 -0.331 -0.552 -0.979 0.46 0.714 0.704 0.656 0.25 100
0.344 0.978 0.091 0.078 -0.209 0.422 0.474 -0.934 -0.969 -0.809 -0.369 -0.2 -0.142 0.565 0.742 -0.647 -0.094 0.049 -0.718 -0.775 0.696 -0.445 -0.677 0.988 -0.679 0.3 -0.134 -0.096 -0.06 -0.255 -0.494 0.945 -0.143 0.065 -0.854 0.364 0.291 0.336 0.532 0.93 -0.331 -0.552 -0.979 0.46 0.714 0.704 0.656 0.25 61.11045
0.294 0.978 0.091 0.078 -0.209 0.422 0.474 -0.934 -0.969 -0.809 -0.369 -0.2 -0.142 0.565 0.742 -0.647 -0.094 0.049 -0.718 -0.775 0.696 -0.445 -0.677 0.988 -0.679 0.3 -0.134 -0.096 -0.06 -0.255 -0.494 0.945 -0.143 0.065 -0.854 0.364 0.291 0.336 0.532 0.93 -0.331 -0.552 -0.979 0.46 0.714 -0.354 0.656 0.25 67.796
0.294 0.978 0.091 0.078 -0.209 0.422 0.474 -0.934 -0.969 -0.809 -0.369 -0.2 -0.142 0.565 0.742 -0.647 -0.094 0.049 0.698 -0.775 0.696 -0.445 -0.677 0.988 -0.679 0.3 -0.134 -0.096 -0.06 -0.255 -0.494 0.945 -0.143 0.065 -0.854 0.364 0.291 0.336 0.532 0.93 -0.331 -0.552 -0.979 0.46 0.714 0.704 0.656 0.25 49.57761
0.294 0.978 0.091 0.078 -0.209 0.422 0.474 -0.934 -0.969 -0.809 -0.369 -0.2 -0.142 0.565 0.766 -0.647 -0.094 0.049 -0.718 -0.775 0.696 -0.445 -0.677 0.988 -0.679 0.3 -0.134 -0.096 -0.06 -0.255 -0.494 0.945 -0.143 0.065 -0.854 0.364 0.291 0.336 0.532 0.93 -0.331 -0.552 -0.979 0.46 0.714 0.704 0.656 0.25 100
0.294 0.978 0.091 0.078 -0.209 0.422 0.474 -0.934 -0.969 -0.809 -0.369 -0.2 -0.142 0.565 0.742 -0.647 -0.094 0.049 -0.718 -0.775 0.696 -0.445 -0.677 0.988 -0.679 0.3 -0.134 -0.096 -0.06 -0.255 -0.494 0.945 -0.143 0.065 -0.854 0.364 0.291 0.336 0.532 0.93 -0.331 -0.552 -0.979 0.46 0.714 0.704 0.656 0.25 67.81735
0.294 0.978 0.091 0.078 -0.209 0.422 0.474 -0.934 -0.969 -0.809 -0.369 -0.2 -0.142 0.565 0.742 -0.647 -0.094 -0.273 -0.718 -0.775 0.696 -0.445 -0.677 0.988 -0.679 0.3 -0.134 -0.096 -0.06 -0.255 -0.494 0.945 -0.143 0.065 -0.854 0.364 0.291 0.336 0.532 0.93 -0.331 -0.552 -0.979 0.46 0.714 0.704 0.656 0.25 72.14404
0.294 0.978 0.091 0.078 -0.209 0.422 0.474 -0.934 -0.969 -0.809 -0.369 -0.2 -0.142 0.565 -0.818 -0.647 -0.094 0.049 -0.718 -0.775 0.696 -0.445 -0.677 0.988 -0.679 0.3 -0.134 -0.096 -0.06 -0.255 -0.494 -0.413 -0.143 0.065 -0.854 0.364 0.291 0.336 0.532 0.93 -0.331 -0.552 -0.979 0.46 0.714 0.704 0.656 0.25 66.82458
0.294 0.978 0.091 0.078 -0.209 0.422 0.474 -0.934 -0.969 -0.809 -0.369 -0.2 -0.142 0.504 0.742 0.485 -0.094 -0.26 -0.718 -0.775 0.696 -0.445 -0.677 0.988 -0.679 0.3 -0.134 -0.096 -0.06 -0.255 -0.494 0.945 -0.143 0.065 -0.854 0.364 0.291 0.336 0.532 0.93 -0.331 -0.552 -0.979 0.46 0.714 0.704 0.656 0.25 100
0.344 0.978 0.091 0.078 -0.209 0.422 0.474 -0.934 -0.969 -0.809 -0.369 -0.2 -0.142 0.565 0.742 -0.647 -0.094 0.049 -0.718 -0.775 0.696 -0.445 -0.677 0.988 -0.679 0.3 -0.134 -0.096 -0.06 -0.255 -0.494 0.945 -0.143 0.065 -0.854 0.364 0.291 0.336 0.532 0.93 -0.331 -0.552 -0.979 0.46 0.714 0.704 0.656 0.25 100
0.294 0.978 0.091 0.078 -0.209 0.422 0.474 -0.934 -0.969 -0.809 -0.369 -0.2 -0.142 0.565 0.742 -0.647 -0.094 0.049 -0.718 -0.775 0.696 -0.445 -0.677 0.988 -0.679 0.3 -0.134 -0.096 -0.06 -0.255 -0.494 0.945 -0.143 0.065 -0.854 0.364 0.291 0.336 0.532 0.93 -0.331 -0.552 -0.979 0.46 0.714 0.704 0.656 0.25 69.56371
0.294 0.978 0.091 0.078 -0.209 0.422 0.474 -0.934 -0.969 -0.809 -0.369 -0.2 -0.142 0.565 0.742 -0.647 -0.094 0.049 -0.718 -0.775 0.696 -0.445 -0.677 0.988 -0.679 0.3 -0.134 -0.096 -0.06 -0.255 -0.494 0.945 -0.143 0.065 -0.854 0.364 0.291 0.336 0.532 0.871 -0.331 -0.552 -0.979 0.46 0.714 0.704 0.656 0.25 67.59795
0.178 0.978 0.091 0.078 -0.209 0.422 0.474 -0.934 0.632 -0.809 -0.369 -0.2 -0.142 0.565 0.742 -0.647 -0.094 0.049 -0.718 -0.775 0.696 -0.445 -0.677 0.988 -0.679 0.3 -0.134 -0.096 -0.06 -0.255 -0.494 0.945 -0.143 0.065 -0.854 0.364 0.291 0.336 0.532 0.93 -0.331 -0.552 -0.979 0.46 0.714 0.704 0.656 0.25 24.28911
0.294 0.978 0.091 0.078 -0.209 0.422 0.474 -0.934 -0.969 -0.809 -0.369 -0.2 -0.142 0.565 0.742 -0.647 -0.094 0.049 -0.718 -0.775 0.696 -0.445 -0.677 0.988 -0.679 0.3 -0.134 -0.096 -0.06 -0.255 -0.494 0.945 -0.143 0.065 -0.854 0.364 0.291 0.336 0.532 0.93 -0.331 -0.552 -0.979 0.46 0.714 0.704 0.656 0.25 100
0.294 0.978 0.091 0.078 -0.209 0.422 0.474 -0.934 -0.969 -0.809 -0.369 -0.2 -0.142 0.565 0.766 -0.647 -0.094 0.049 -0.718 -0.775 0.696 -0.445 -0.677 0.988 -0.679 0.3 -0.134 -0.096 -0.06 -0.255 -0.494 0.945 -0.143 0.065 -0.854 0.364 0.291 0.336 0.532 0.93 -0.331 -0.552 -0.979 0.46 0.714 0.704 0.656 0.25 62.28871
0.294 0.978 0.091 0.078 -0.209 0.422 0.474 -0.934 -0.969 -0.809 -0.369 -0.2 -0.142 0.565 0.742 -0.647 -0.094 0.049 -0.718 -0.775 0.696 -0.445 -0.677 0.988 -0.679 0.3 -0.134 -0.096 -0.06 -0.255 -0.494 0.945 -0.143 0.065 -0.854 0.364 0.291 0.336 0.532 0.93 -0.331 -0.552 -0.979 0.46 0.714 0.704 0.656 0.25 100
0.294 0.978 0.091 0.078 -0.209 0.422 0.474 -0.934 -0.969 -0.809 -0.369 -0.2 -0.142 0.504 0.742 0.485 -0.094 0.049 -0.718 -0.775 0.696 -0.445 -0.677 0.988 -0.679 0.3 -0.134 -0.096 -0.526 -0.255 -0.494 0.945 -0.143 0.065 -0.854 0.364 0.291 0.336 0.532 0.93 0.149 -0.552 -0.979 0.46 0.714 0.704 0.656 0.25 47.66735
0.294 0.978 0.091 0.078 -0.209 0.422 0.474 -0.934 -0.969 -0.809 -0.369 -0.2 -0.142 0.565 0.742 -0.647 -0.094 0.049 -0.718 -0.775 0.696 -0.445 -0.677 0.988 -0.679 0.3 -0.134 -0.096 -0.06 -0.255 -0.494 0.945 -0.143 0.065 -0.854 0.364 0.291 0.336 0.532 0.93 -0.331 -0.552 -0.979 0.46 0.714 0.704 0.656 0.25 100
0.294 0.978 0.091 0.078 -0.209 0.422 0.474 -0.934 -0.969 -0.809 -0.369 -0.2 -0.142 0.565 0.742 -0.647 -0.094 0.049 -0.718 -0.775 0.696 -0.445 -0.677 0.988 -0.679 0.3 -0.134 -0.096 -0.06 -0.255 -0.494 0.945 -0.143 0.065 -0.854 0.364 0.291 0.336 0.532 0.93 -0.331 -0.552 -0.979 0.46 0.714 0.704 0.656 0.25 100
0.294 0.978 0.091 0.078 -0.209 0.422 0.474 -0.934 -0.969 -0.809 -0.369 -0.2 -0.142 0.565 0.742 -0.647 -0.094 0.049 -0.831 -0.775 0.696 -0.445 -0.677 0.988 -0.679 0.3 -0.134 -0.096 -0.06 -0.255 -0.494 0.945 -0.143 0.065 -0.854 0.364 0.291 0.336 0.532 0.93 -0.331 -0.552 -0.979 0.46 0.714 0.704 0.656 0.25 62.47483
0.294 0.978 0.091 0.078 -0.209 0.422 0.474 -0.934 -0.969 -0.809 -0.369 -0.2 -0.142 0.565 0.742 -0.647 -0.094 0.049 -0.718 -0.775 0.696 -0.445 -0.677 0.988 -0.679 0.3 -0.134 -0.096 -0.06 -0.255 -0.494 0.945 -0.143 0.065 -0.854 0.364 0.291 0.336 0.532 0.93 -0.331 -0.552 -0.979 0.46 0.714 0.704 0.656 0.25 67.58633
0.294 0.978 0.091 0.078 -0.209 0.422 0.904 -0.934 -0.969 -0.809 -0.369 -0.2 -0.142 -0.36 0.742 -0.647 -0.094 0.049 -0.718 -0.775 0.696 -0.445 -0.677 0.988 -0.679 0.3 -0.134 -0.096 -0.06 -0.255 -0.494 0.945 -0.143 0.065 -0.854 0.364 0.291 0.336 0.624 0.93 -0.331 -0.552 -0.979 0.46 0.714 0.704 0.656 0.25 53.98134
0.294 0.978 0.091 0.078 -0.209 0.422 0.474 -0.934 -0.969 -0.809 -0.369 -0.2 -0.142 0.565 0.742 -0.647 -0.094 0.049 -0.718 -0.078 0.696 -0.445 -0.677 0.988 -0.679 0.3 -0.134 -0.096 -0.06 -0.255 -0.494 0.945 -0.143 0.065 -0.854 0.364 0.291 0.336 0.532 0.93 -0.331 -0.552 -0.979 0.46 0.714 0.704 0.656 0.25 1
0.294 0.978 0.091 0.078 -0.209 0.422 0.474 -0.934 -0.969 -0.809 -0.369 -0.2 -0.142 0.565 0.742 -0.647 -0.094 0.049 -0.718 -0.775 0.696 -0.445 -0.677 0.988 -0.679 0.3 -0.134 -0.096 -0.06 -0.255 -0.494 0.945 -0.143 0.065 -0.854 0.364 0.291 0.336 0.532 0.93 -0.331 -0.552 -0.979 0.46 0.714 0.704 0.656 0.25 100
0.294 0.978 0.091 0.078 -0.209 0.422 0.474 -0.934 -0.969 -0.809 -0.369 -0.2 -0.142 0.565 0.742 -0.647 -0.094 0.049 -0.718 -0.775 0.696 -0.445 -0.677 0.988 -0.679 0.3 -0.134 -0.096 -0.06 -0.255 -0.494 0.945 -0.143 0.065 -0.854 0.364 0.291 0.336 0.532 0.93 -0.331 -0.552 -0.979 0.46 0.714 0.704 0.656 0.25 67.87297
0.294 0.978 0.091 0.078 -0.209 0.422 -0.206 -0.934 -0.969 -0.809 -0.369 -0.2 -0.142 0.565 0.742 -0.647 -0.094 0.049 -0.718 -0.775 0.696 -0.445 -0.677 0.988 -0.679 0.3 -0.134 -0.096 -0.06 -0.255 -0.494 0.945 -0.143 0.065 -0.854 0.364 0.291 0.336 0.532 0.93 -0.331 -0.552 -0.979 0.46 0.714 0.704 0.656 0.25 61.02229
0.294 0.978 0.091 0.078 -0.209 0.422 0.474 -0.934 -0.969 -0.809 -0.369 -0.2 -0.142 0.565 0.742 -0.647 -0.094 0.049 -0.718 -0.775 0.696 -0.445 -0.677 0.988 -0.679 0.3 -0.134 -0.096 -0.06 -0.255 -0.494 -0.413 -0.143 0.065 -0.854 0.364 0.291 0.336 0.532 0.93 -0.331 -0.552 -0.979 0.46 0.714 0.704 0.656 0.25 67.74636
0.344 0.978 0.091 0.078 -0.209 0.422 0.474 -0.934 -0.969 -0.809 -0.369 -0.2 -0.142 0.565 0.742 -0.647 -0.094 0.049 -0.718 -0.775 0.696 -0.445 -0.677 0.988 -0.679 0.883 -0.134 -0.096 -0.06 -0.255 -0.494 0.945 -0.143 0.065 -0.854 0.364 0.291 0.336 0.532 0.93 -0.331 -0.552 -0.979 0.46 0.714 0.704 0.656 0.25 1
0.294 0.978 0.091 0.078 -0.209 0.422 0.474 -0.934 -0.969 -0.809 -0.369 -0.2 -0.142 0.565 0.742 -0.647 -0.094 0.049 -0.718 -0.775 0.696 -0.445 -0.677 0.988 -0.679 0.3 -0.134 -0.096 -0.06 -0.255 -0.494 0.945 -0.143 0.065 -0.854 0.364 0.291 0.336 0.532 0.93 -0.331 -0.552 -0.979 0.46 0.714 0.704 0.656 0.25 48.21334
0.294 0.978 0.091 0.078 -0.209 0.422 0.474 -0.934 -0.969 -0.809 -0.369 -0.2 -0.142 0.565 0.742 -0.647 -0.094 0.049 -0.718 -0.775 0.696 -0.445 -0.677 0.988 -0.679 0.3 -0.134 -0.096 -0.06 -0.255 -0.494 -0.413 -0.143 0.065 -0.854 0.364 0.291 0.336 0.532 0.93 -0.331 -0.552 -0.979 0.46 0.714 0.704 0.656 0.25 100
0.344 0.978 0.091 0.078 -0.209 0.422 0.818 -0.934 -0.969 -0.809 -0.369 -0.2 -0.142 0.565 0.742 -0.647 -0.094 0.049 -0.718 -0.775 0.696 -0.445 -0.677 0.988 -0.679 0.3 -0.134 -0.096 -0.06 -0.255 -0.494 0.945 -0.143 0.065 -0.854 0.364 0.291 0.336 0.532 0.93 -0.331 -0.552 -0.979 0.46 0.714 0.704 0.656 0.25 58.9736
0.294 0.978 0.091 0.078 -0.209 0.422 0.474 -0.934 -0.969 -0.809 -0.369 -0.2 -0.142 0.565 0.742 -0.647 -0.094 0.049 -0.718 -0.775 0.696 -0.445 -0.677 0.988 -0.679 0.3 -0.134 -0.096 -0.06 -0.255 -0.494 0.945 -0.143 0.065 -0.854 0.364 0.291 0.336 0.532 0.93 -0.331 -0.552 -0.979 0.46 0.714 0.704 0.656 0.25 100
0.344 0.978 0.091 0.078 -0.209 0.422 0.474 -0.934 -0.969 -0.809 -0.369 -0.2 -0.142 0.565 -0.818 -0.647 -0.094 0.049 -0.718 -0.775 0.696 -0.445 -0.677 0.988 -0.679 0.3 -0.134 -0.096 -0.06 -0.255 -0.494 0.945 -0.143 0.065 -0.854 0.364 0.291 0.336 0.532 0.93 -0.331 -0.552 -0.979 0.46 0.714 0.704 0.656 0.25 100
0.294 0.978 0.091 0.078 -0.209 0.422 0.474 -0.934 -0.969 -0.809 -0.369 -0.2 -0.142 0.565 0.742 -0.647 -0.094 0.049 -0.718 -0.775 0.696 -0.445 -0.677 0.988 -0.679 0.3 -0.134 -0.096 -0.06 -0.255 -0.494 0.945 -0.143 0.065 -0.854 0.364 0.291 0.336 0.532 0.93 -0.331 -0.552 -0.979 0.46 0.714 0.704 0.656 0.25 69.18272
0.294 0.978 0.091 0.078 -0.209 0.422 0.904 -0.934 -0.969 0.33 -0.369 -0.2 -0.142 0.504 0.742 -0.647 -0.094 0.049 -0.718 -0.775 0.696 -0.445 -0.677 0.971 -0.679 0.3 -0.134 -0.096 -0.06 -0.255 -0.494 0.945 -0.143 0.065 -0.854 0.364 0.291 0.336 0.532 0.93 -0.331 -0.552 -0.979 0.46 0.714 0.704 0.656 0.25 1
0.294 0.978 0.091 0.078 -0.209 0.422 0.474 -0.934 -0.969 -0.809 -0.369 -0.2 -0.142 0.565 0.742 -0.647 -0.094 0.049 -0.718 -0.775 0.696 -0.445 -0.677 0.988 -0.679 0.3 -0.134 -0.096 -0.06 -0.255 -0.494 0.945 -0.143 0.065 -0.854 0.364 0.291 0.336 0.532 0.93 -0.562 -0.552 -0.979 0.46 0.714 0.704 0.656 0.25 62.29271
0.294 0.978 0.091 0.078 -0.209 0.422 0.474 -0.934 -0.969 -0.809 -0.369 -0.2 -0.142 0.565 0.742 -0.826 -0.094 0.049 -0.718 -0.775 0.696 -0.445 -0.677 0.988 -0.679 0.3 -0.134 -0.096 -0.06 -0.255 -0.494 0.945 -0.143 0.065 -0.854 0.364 0.291 0.336 0.532 0.93 -0.331 -0.552 -0.979 0.46 0.714 0.704 0.656 0.25 62.11884
0.344 0.978 0.091 0.078 -0.209 0.422 0.474 -0.934 -0.969 -0.809 -0.369 -0.2 -0.142 0.565 0.742 -0.647 -0.094 0.049 -0.718 -0.775 0.696 -0.445 -0.677 0.988 -0.679 0.3 -0.134 -0.096 -0.06 -0.255 -0.494 0.945 -0.143 0.065 -0.854 0.364 0.291 0.336 0.532 0.93 -0.331 -0.552 -0.979 0.46 0.714 0.704 0.656 0.25 100
0.344 0.978 0.091 0.078 -0.209 0.422 0.474 -0.934 -0.969 -0.809 -0.369 -0.2 -0.142 0.565 0.742 -0.647 -0.094 0.049 -0.718 -0.775 0.696 -0.445 -0.677 0.988 -0.679 0.3 -0.134 -0.096 -0.06 -0.255 -0.494 0.945 -0.143 0.065 -0.854 0.364 0.291 0.336 0.532 0.93 -0.331 -0.552 -0.979 0.46 0.714 0.704 0.656 0.25 100
0.294 0.978 0.091 0.078 -0.209 0.422 0.474 -0.934 -0.969 -0.809 -0.369 -0.2 -0.142 -0.824 0.742 0.485 -0.094 0.049 -0.718 -0.775 0.696 -0.445 -0.677 0.988 -0.679 0.3 -0.134 -0.096 -0.06 -0.255 -0.982 0.945 -0.143 0.065 -0.854 0.364 0.291 0.336 0.532 0.93 -0.331 -0.552 -0.979 0.46 0.714 0.704 0.656 0.25 100
0.294 0.978 0.091 0.078 -0.209 0.422 0.474 -0.934 -0.969 -0.809 -0.369 -0.2 -0.142 0.565 0.742 -0.826 -0.094 0.049 -0.718 -0.775 0.696 -0.445 -0.677 0.988 -0.679 0.3 -0.134 -0.096 -0.06 -0.255 -0.494 0.945 -0.143 0.065 -0.854 0.364 0.291 0.336 0.532 0.93 -0.331 -0.552 -0.979 0.46 0.714 0.704 0.656 0.25 100
0.294 0.978 0.091 0.078 -0.209 0.422 0.474 -0.934 -0.969 -0.809 0.657 -0.2 -0.142 0.565 0.742 -0.647 -0.094 0.049 -0.718 -0.775 0.696 -0.445 -0.677 0.988 -0.679 0.3 -0.134 -0.096 -0.06 -0.255 -0.494 0.945 -0.143 0.065 -0.854 0.364 0.291 0.336 0.532 0.93 -0.331 -0.552 -0.979 0.46 0.714 0.704 0.656 0.25 55.68887
0.294 0.978 0.091 0.078 -0.209 0.422 0.474 -0.934 -0.969 -0.809 -0.369 -0.2 -0.142 0.565 0.742 -0.647 -0.094 0.049 -0.718 -0.775 0.696 -0.445 -0.677 0.988 -0.679 0.3 -0.134 -0.096 -0.06 -0.255 -0.494 0.945 -0.143 0.065 -0.854 0.364 0.291 0.336 0.532 0.93 -0.331 -0.552 -0.979 0.46 0.714 0.704 0.656 0.25 100
0.294 0.978 0.091 0.078 -0.209 0.422 0.474 -0.934 -0.969 -0.809 -0.369 -0.2 -0.142 -0.36 0.742 -0.647 -0.094 0.049 -0.718 -0.775 0.696 -0.445 -0.677 0.988 -0.679 0.3 -0.134 -0.096 -0.06 -0.255 -0.494 0.945 -0.143 0.065 -0.854 0.364 0.291 0.336 0.532 0.93 -0.331 -0.552 -0.979 0.46 0.714 0.704 0.656 0.25 100
0.294 0.978 0.091 0.078 -0.209 0.422 0.474 -0.934 -0.969 -0.809 -0.369 -0.2 -0.142 0.565 0.742 -0.647 -0.094 0.049 -0.718 -0.775 0.696 -0.445 -0.677 0.988 -0.679 0.3 -0.134 -0.096 -0.06 -0.255 -0.982 0.945 -0.143 0.065 -0.854 0.364 0.291 0.336 0.532 0.93 -0.331 -0.552 -0.979 0.46 0.714 0.704 0.656 0.25 100
0.294 0.978 0.091 0.078 -0.209 0.422 0.474 -0.934 -0.969 -0.809 -0.369 -0.2 -0.142 0.565 0.766 -0.647 -0.094 0.049 -0.718 -0.775 0.696 -0.445 -0.677 0.988 -0.679 0.3 -0.134 -0.096 -0.06 -0.255 -0.494 0.945 -0.143 0.065 -0.854 0.364 0.291 0.336 0.532 0.93 -0.331 -0.552 -0.979 0.46 0.714 0.704 0.656 0.25 63.12473
0.294 0.978 0.091 0.078 -0.209 0.422 0.474 -0.934 -0.969 -0.809 -0.369 -0.2 -0.142 0.565 0.742 -0.647 -0.094 0.049 -0.718 -0.775 0.696 -0.445 -0.677 0.988 -0.679 0.3 -0.134 -0.096 -0.086 -0.255 -0.494 0.945 -0.143 0.065 -0.854 0.364 0.291 0.336 0.532 0.93 -0.331 -0.552 -0.979 0.46 0.714 0.704 0.656 0.25 100
0.294 0.978 0.091 0.078 -0.209 0.422 0.474 -0.934 -0.969 -0.809 -0.369 -0.2 -0.142 0.565 0.742 -0.647 -0.094 0.049 -0.718 -0.775 0.696 -0.445 -0.677 0.988 -0.679 0.3 -0.134 -0.096 -0.06 -0.255 -0.982 0.945 -0.143 0.065 -0.854 0.364 0.291 0.336 0.532 0.93 -0.331 -0.552 -0.979 0.46 0.714 0.704 0.656 0.25 45.79359
0.294 0.978 0.091 0.078 -0.209 0.422 0.474 -0.934 -0.969 -0.809 -0.369 -0.2 -0.142 0.565 0.742 -0.647 -0.094 0.049 -0.718 -0.775 0.696 -0.445 -0.677 0.988 -0.679 0.3 -0.134 -0.096 -0.06 -0.255 -0.494 0.945 -0.143 0.065 -0.854 0.364 0.291 0.336 0.532 0.93 -0.331 -0.552 -0.979 0.46 0.714 0.704 0.656 0.25 62.47444
0.294 0.978 0.091 0.078 -0.209 0.422 0.474 -0.934 -0.969 -0.809 -0.369 -0.2 -0.142 0.565 0.742 -0.647 -0.094 0.049 -0.718 -0.775 0.696 -0.445 -0.677 0.988 -0.679 0.3 -0.134 -0.096 -0.06 -0.255 -0.494 0.945 -0.143 0.065 -0.854 0.364 0.291 0.336 0.532 0.93 -0.331 -0.552 -0.979 0.46 0.714 0.704 0.656 0.25 62.12066
0.294 0.978 0.091 0.078 -0.209 0.422 0.474 -0.934 -0.969 -0.809 -0.369 -0.2 -0.142 0.565 0.742 -0.647 -0.094 0.049 -0.718 -0.775 0.696 -0.445 -0.677 0.988 -0.679 0.3 -0.134 -0.096 -0.06 -0.255 -0.494 0.945 -0.143 0.065 -0.854 0.364 0.291 0.336 0.532 0.93 -0.331 -0.552 -0.979 0.46 0.714 0.704 0.656 0.25 62.36892
0.178 0.978 0.091 0.078 -0.209 0.422 0.474 -0.934 0.632 -0.809 -0.369 -0.2 -0.142 0.504 0.742 0.485 -0.094 0.049 -0.718 -0.775 0.696 -0.445 -0.677 0.988 -0.679 0.3 -0.134 -0.096 -0.06 -0.255 -0.494 0.945 -0.143 0.065 -0.854 0.364 0.291 0.336 0.532 0.93 -0.331 -0.552 -0.979 0.46 0.714 0.704 0.656 0.25 22.54299
0.294 0.978 0.091 0.078 -0.209 0.422 0.474 -0.934 -0.969 -0.809 -0.369 -0.2 -0.142 0.565 0.742 -0.647 -0.094 0.049 -0.718 -0.775 0.696 -0.445 -0.677 0.988 -0.679 0.3 -0.134 -0.096 -0.06 -0.255 -0.494 0.945 -0.143 0.065 -0.854 0.364 0.291 0.336 0.532 0.93 -0.331 -0.552 -0.979 0.46 0.714 0.704 0.656 0.25 100
0.294 0.978 0.091 0.078 -0.209 0.422 0.474 -0.934 -0.969 -0.809 -0.369 -0.2 -0.142 0.565 0.742 -0.647 -0.094 0.049 -0.718 -0.775 0.696 -0.445 -0.677 0.988 -0.679 0.3 -0.134 -0.096 -0.06 -0.255 -0.494 0.945 -0.143 0.065 -0.854 0.364 0.291 0.336 0.532 0.93 -0.331 -0.552 -0.979 0.46 0.714 0.704 0.656 0.25 100
0.294 0.978 0.091 0.078 -0.209 0.422 0.474 -0.934 -0.765 -0.809 -0.369 -0.2 -0.142 0.565 0.766 -0.647 -0.094 0.049 -0.718 -0.775 0.696 -0.445 -0.677 0.988 -0.679 0.3 -0.134 -0.096 -0.06 -0.134 -0.494 0.945 -0.143 0.065 -0.854 0.364 0.291 0.336 0.532 0.93 -0.331 -0.552 -0.979 0.46 0.714 0.704 0.656 0.25 100
0.344 0.978 0.091 0.078 -0.209 0.422 0.474 -0.934 -0.969 -0.809 -0.369 -0.2 -0.142 0.565 0.742 -0.647 -0.094 0.049 -0.718 -0.775 0.696 -0.445 -0.677 0.988 -0.679 0.3 -0.134 -0.096 -0.06 -0.255 -0.494 0.945 -0.143 0.065 -0.854 0.364 0.291 0.336 0.532 0.93 -0.331 -0.552 -0.979 0.46 0.714 0.704 0.656 0.25 46.12661
0.294 0.978 0.091 0.078 -0.209 0.422 0.474 -0.934 -0.969 -0.809 -0.369 -0.2 -0.142 0.565 0.742 -0.647 -0.094 0.049 -0.718 -0.775 0.696 -0.445 -0.677 0.988 -0.679 0.3 -0.134 -0.096 -0.06 -0.255 -0.494 0.945 -0.143 0.065 -0.854 0.364 0.291 0.336 0.532 0.93 -0.331 -0.055 -0.979 0.46 0.714 0.704 0.656 0.25 100
0.294 0.978 0.091 0.078 -0.209 0.422 0.474 -0.934 -0.969 -0.809 -0.369 -0.2 -0.142 0.565 0.742 -0.647 -0.094 0.049 -0.718 -0.775 0.696 -0.445 -0.677 0.988 -0.679 0.3 -0.134 -0.096 -0.06 -0.255 -0.982 0.945 -0.143 0.065 -0.854 0.364 0.291 0.336 0.532 0.93 -0.331 -0.552 -0.979 0.46 0.714 0.704 0.656 0.25 62.45374
0.344 0.978 0.091 0.078 -0.209 0.422 0.474 -0.934 -0.969 -0.809 -0.369 -0.2 -0.142 0.565 0.742 -0.647 -0.094 0.049 -0.718 -0.775 0.696 -0.445 -0.677 0.988 -0.679 0.3 -0.134 -0.096 -0.06 -0.255 -0.494 0.945 -0.143 0.065 -0.854 0.364 0.291 0.336 0.532 0.93 -0.331 -0.552 -0.979 0.46 0.714 0.704 0.656 0.25 46.55347
0.294 0.978 0.091 0.078 -0.209 0.422 0.474 -0.934 -0.969 -0.809 -0.369 -0.2 -0.142 0.565 0.742 -0.647 -0.094 0.049 -0.718 -0.775 0.696 -0.445 -0.677 0.988 -0.679 0.3 -0.134 -0.096 -0.06 -0.255 -0.494 0.945 -0.143 0.065 -0.854 0.364 0.291 0.336 0.532 0.93 -0.331 -0.552 -0.979 0.46 0.714 0.704 0.656 0.25 62.1848
0.294 0.978 0.091 0.078 -0.209 0.422 0.474 -0.934 -0.969 -0.809 -0.369 -0.2 -0.142 0.565 0.742 -0.647 -0.094 0.049 -0.718 -0.775 0.696 -0.445 -0.677 0.988 -0.679 0.3 -0.134 -0.096 -0.06 -0.255 -0.494 0.945 -0.143 0.065 -0.854 0.364 0.291 0.336 0.532 0.93 -0.331 -0.552 -0.979 0.46 0.714 0.704 0.656 0.25 100
0.294 0.978 0.091 0.078 -0.209 0.422 0.474 -0.934 -0.969 -0.809 -0.369 -0.2 -0.142 0.565 0.742 -0.647 0.662 -0.273 -0.718 -0.775 0.696 -0.445 -0.677 0.988 -0.679 0.3 -0.134 -0.096 -0.06 -0.255 -0.494 0.945 -0.143 0.065 -0.854 0.364 0.291 0.336 0.532 0.93 -0.331 -0.552 -0.979 0.46 0.714 0.704 0.656 0.25 69.72989
0.294 0.978 0.091 0.078 -0.209 0.422 0.474 -0.934 -0.969 -0.809 -0.369 -0.2 -0.142 0.565 0.742 -0.647 -0.094 0.049 -0.718 -0.775 0.696 -0.445 -0.677 0.988 -0.679 0.3 -0.134 -0.096 -0.06 -0.255 -0.494 0.945 -0.143 0.065 -0.854 0.364 0.291 0.336 0.532 0.93 -0.331 -0.552 -0.979 0.46 0.714 0.704 0.656 0.25 67.8105
0.294 0.978 0.091 0.078 -0.209 0.422 0.474 -0.934 -0.969 -0.809 -0.369 -0.2 -0.142 0.565 0.742 -0.647 -0.094 0.049 -0.718 -0.775 0.696 -0.445 -0.677 0.988 -0.679 0.3 -0.134 -0.096 -0.06 -0.255 -0.494 0.945 -0.143 0.065 -0.854 0.364 0.291 0.336 0.532 0.93 -0.331 -0.552 -0.979 0.46 0.714 0.704 0.656 0.25 68.24516
0.294 0.978 0.091 0.078 -0.209 0.422 0.474 -0.934 -0.969 -0.809 -0.369 -0.2 -0.142 0.565 0.742 -0.647 -0.094 0.049 -0.718 -0.775 0.696 -0.445 -0.677 0.988 -0.679 0.3 -0.134 -0.096 -0.06 -0.255 -0.494 0.945 -0.143 0.065 -0.854 0.364 0.291 0.336 0.532 0.93 -0.331 -0.055 -0.979 0.46 0.714 0.704 0.656 0.25 62.30931
0.294 0.978 0.091 0.078 -0.209 0.422 0.474 -0.934 -0.969 -0.809 -0.369 -0.2 -0.142 0.565 0.742 -0.647 -0.094 0.049 -0.718 -0.775 0.696 -0.445 -0.677 0.988 -0.679 0.3 -0.134 -0.096 -0.06 -0.255 -0.494 0.945 -0.143 0.065 -0.854 0.364 0.291 0.336 0.532 0.93 -0.331 -0.552 -0.979 0.46 0.714 0.704 0.656 0.25 62.3301
0.344 0.978 0.091 0.078 -0.209 0.422 0.474 -0.934 -0.969 -0.809 -0.369 -0.2 -0.142 0.565 0.742 -0.647 -0.094 0.049 -0.718 -0.775 0.696 -0.445 -0.677 0.988 -0.679 0.3 -0.134 -0.096 -0.06 -0.255 -0.494 0.945 -0.143 0.065 -0.854 0.364 0.291 0.336 0.532 0.93 -0.331 -0.552 -0.979 0.46 0.714 0.704 0.656 0.25 100
0.294 0.978 0.091 0.078 -0.209 0.422 0.474 -0.934 -0.969 -0.809 -0.369 -0.2 -0.142 0.565 0.742 -0.647 -0.094 0.049 -0.718 -0.775 0.696 -0.445 -0.677 0.988 -0.679 0.3 -0.134 -0.096 -0.06 -0.255 -0.494 0.945 -0.143 0.065 -0.854 0.364 0.291 0.336 0.996 0.93 -0.331 0.652 -0.979 0.46 0.714 0.704 0.656 0.25 100
0.294 0.978 0.091 0.078 -0.209 0.422 0.474 -0.934 -0.969 -0.809 -0.369 -0.2 -0.142 -0.376 0.742 -0.647 -0.094 0.049 -0.718 -0.775 0.696 -0.445 -0.677 0.988 -0.679 0.3 -0.134 -0.096 -0.06 -0.255 -0.982 0.945 -0.143 0.065 -0.854 0.364 0.291 0.336 0.532 0.93 -0.331 -0.552 -0.979 0.46 0.714 0.704 0.656 0.25 69.40997
0.294 0.978 0.091 0.078 -0.209 0.422 0.474 -0.934 -0.969 -0.809 -0.369 -0.2 -0.142 0.565 0.742 -0.647 -0.094 0.049 -0.718 -0.775 0.696 -0.445 -0.677 0.988 -0.679 0.3 -0.134 -0.096 -0.06 -0.255 -0.494 0.945 -0.143 0.065 -0.854 0.364 0.291 0.336 0.532 0.93 -0.331 -0.552 -0.979 0.46 0.714 0.704 0.656 0.25 61.95129
0.294 0.978 0.091 0.078 -0.209 0.422 0.474 -0.934 -0.969 -0.809 -0.369 -0.2 -0.142 0.565 0.742 -0.647 -0.094 0.049 -0.718 -0.775 0.696 -0.445 -0.677 0.988 -0.679 0.3 -0.134 -0.096 -0.06 -0.255 -0.494 0.945 -0.143 0.065 -0.854 0.364 0.291 0.336 0.532 0.93 -0.331 -0.552 -0.979 0.46 0.714 0.704 0.656 0.25 62.32096
0.294 0.978 0.091 0.078 -0.209 0.422 0.474 -0.934 -0.969 -0.809 -0.369 -0.2 -0.142 0.565 0.742 -0.647 -0.094 0.049 -0.718 -0.775 0.696 -0.445 -0.677 0.988 -0.679 0.3 -0.134 -0.096 -0.06 -0.255 -0.494 0.945 -0.143 0.065 -0.854 0.364 0.291 0.336 0.532 0.93 -0.331 -0.552 -0.979 0.46 0.714 0.704 0.656 0.25 62.30312
0.294 0.978 0.091 0.078 -0.209 0.422 0.904 -0.934 -0.969 -0.809 -0.369 -0.2 -0.142 0.565 0.742 -0.647 -0.094 0.049 -0.718 -0.775 0.696 -0.445 -0.677 0.988 -0.679 0.3 -0.134 -0.096 -0.06 -0.255 -0.494 0.945 -0.143 0.065 -0.854 0.364 0.291 0.336 0.532 0.93 -0.331 -0.552 -0.979 0.46 0.714 0.704 0.656 0.25 100
0.294 0.978 0.091 0.078 -0.209 0.422 0.474 -0.934 -0.969 -0.809 -0.369 -0.2 -0.142 0.565 0.742 -0.826 -0.094 0.049 -0.718 -0.775 0.696 -0.445 -0.677 0.988 -0.679 0.3 -0.134 -0.096 -0.06 -0.255 -0.494 0.945 -0.143 0.065 -0.854 0.364 0.291 0.336 0.532 0.93 -0.331 -0.552 -0.979 0.46 0.714 0.704 0.656 0.25 69.28166
0.294 0.978 0.091 0.078 -0.209 0.422 0.474 -0.934 -0.969 -0.809 -0.369 -0.2 -0.142 0.565 0.742 -0.647 -0.094 0.049 -0.718 -0.775 0.696 -0.445 -0.677 0.988 -0.679 0.3 -0.134 -0.096 -0.06 -0.255 -0.494 0.945 -0.143 0.065 -0.854 0.364 0.291 0.336 0.532 0.93 -0.331 -0.552 -0.979 0.46 0.714 -0.354 0.656 0.25 100
0.294 0.978 0.091 0.078 -0.209 0.422 0.474 -0.934 -0.969 -0.809 -0.369 -0.2 -0.142 0.565 0.742 -0.647 -0.094 0.049 -0.718 -0.775 0.696 -0.445 -0.677 0.988 -0.679 0.3 -0.134 -0.096 -0.06 -0.255 -0.494 0.945 -0.143 0.065 -0.854 0.364 0.291 0.336 0.532 0.93 -0.331 -0.552 -0.979 0.46 0.714 0.704 0.656 0.25 100
0.294 0.978 0.091 0.078 -0.209 0.422 -0.298 -0.934 -0.969 -0.809 -0.369 -0.2 -0.142 0.565 0.742 -0.647 -0.094 0.049 -0.718 -0.775 0.696 -0.445 -0.677 0.988 -0.679 0.3 -0.134 -0.096 -0.06 -0.255 -0.494 0.945 -0.143 0.065 -0.854 0.364 0.291 0.336 0.532 0.93 -0.44 -0.552 -0.979 0.46 0.714 0.704 0.656 0.25 63.4857
0.294 0.978 0.091 0.078 -0.209 0.422 0.474 -0.934 -0.969 -0.809 -0.369 -0.2 -0.142 0.565 0.742 -0.647 -0.094 0.049 -0.718 -0.775 0.734 -0.445 -0.677 0.988 -0.679 0.3 -0.134 -0.096 -0.06 -0.255 -0.494 0.945 -0.143 0.065 -0.854 0.364 0.291 0.336 0.532 0.93 -0.331 -0.552 -0.979 0.46 0.714 0.704 0.656 0.25 100
0.294 0.978 0.091 0.078 -0.209 0.422 0.904 -0.934 -0.969 -0.809 -0.369 -0.2 -0.142 0.504 0.742 0.485 -0.094 0.049 -0.718 -0.775 0.696 -0.445 -0.677 0.988 -0.679 0.3 -0.134 -0.096 -0.06 -0.255 -0.494 0.945 -0.143 0.065 -0.854 0.364 0.291 0.336 0.532 0.93 -0.331 -0.552 -0.979 0.46 0.714 0.704 0.656 0.25 54.10663
0.344 0.978 0.091 0.078 -0.209 0.422 0.474 -0.934 -0.969 -0.809 -0.369 -0.2 -0.142 0.565 0.742 -0.826 -0.094 0.049 -0.718 -0.775 0.696 -0.445 -0.677 0.988 -0.679 0.3 -0.134 -0.096 -0.06 -0.255 -0.494 0.945 -0.143 0.065 -0.854 0.364 0.291 0.336 0.532 0.93 -0.331 -0.552 -0.979 0.46 0.714 0.704 0.656 0.25 100
0.294 0.978 0.091 0.078 -0.209 0.422 0.474 -0.934 0.18 -0.809 -0.369 -0.2 -0.142 0.565 0.742 -0.647 -0.094 0.049 -0.718 -0.775 0.696 -0.445 -0.677 0.988 -0.679 0.3 -0.134 -0.096 -0.06 -0.255 -0.494 0.945 -0.143 0.065 -0.854 0.364 0.291 0.336 0.532 0.93 -0.331 -0.552 -0.979 0.46 0.714 0.704 0.656 0.25 1
0.294 0.978 0.091 0.078 -0.209 0.422 0.474 -0.934 -0.969 -0.809 -0.369 -0.2 -0.142 0.565 0.742 -0.647 -0.094 0.049 -0.718 -0.775 0.696 -0.445 -0.677 0.988 -0.679 0.3 -0.134 -0.096 -0.06 -0.255 -0.494 0.945 -0.143 0.065 -0.854 0.364 0.291 0.336 0.532 0.93 -0.331 -0.552 -0.979 0.46 0.714 0.704 0.656 0.25 100
0.294 0.978 0.091 0.078 -0.209 0.422 0.474 -0.934 -0.969 -0.809 -0.369 -0.2 -0.142 0.565 0.742 -0.826 -0.094 0.049 -0.718 -0.775 0.696 -0.445 -0.677 0.988 -0.679 0.3 -0.134 -0.096 -0.06 -0.134 -0.494 0.945 -0.143 0.065 -0.854 0.364 0.291 0.336 0.532 0.93 -0.331 -0.552 -0.979 0.914 0.714 0.704 0.656 0.25 1
0.344 0.978 0.091 0.078 -0.209 0.422 0.474 -0.934 -0.969 -0.809 -0.369 -0.2 -0.142 0.565 0.766 -0.647 -0.094 0.049 -0.718 -0.775 0.696 -0.445 -0.677 0.988 -0.679 0.3 -0.134 -0.096 -0.06 -0.255 -0.494 0.945 -0.143 0.065 -0.854 0.364 0.291 0.336 0.532 0.93 -0.331 -0.552 -0.979 0.46 0.714 0.704 0.656 0.25 100
0.294 0.978 0.091 0.078 -0.209 0.422 0.904 -0.934 -0.969 -0.809 -0.369 -0.2 -0.142 0.565 0.742 -0.826 -0.094 0.049 -0.718 -0.775 0.696 -0.445 -0.677 0.988 -0.679 0.3 -0.134 -0.096 -0.06 -0.255 -0.494 0.945 -0.143 0.065 -0.854 0.364 0.291 0.336 0.532 0.93 -0.331 -0.552 -0.979 0.46 0.714 0.704 0.656 0.25 61.49377
0.344 0.978 0.091 0.078 -0.209 0.422 0.474 -0.934 -0.969 -0.809 -0.369 -0.2 -0.142 0.565 0.742 -0.647 -0.094 0.049 -0.718 -0.775 0.696 -0.445 -0.677 0.988 -0.679 0.3 -0.134 -0.096 -0.06 -0.255 -0.494 0.945 -0.143 0.065 -0.854 0.364 0.291 0.336 0.532 0.93 -0.331 -0.552 -0.979 0.46 0.714 0.704 -0.178 0.25 1
0.344 0.978 0.091 0.078 -0.209 0.422 0.474 -0.934 -0.969 -0.809 -0.369 -0.2 -0.142 0.565 -0.818 -0.647 -0.094 0.049 -0.718 -0.775 0.696 -0.445 -0.677 0.988 -0.679 0.3 -0.134 -0.096 -0.06 -0.255 -0.494 -0.413 -0.143 0.065 -0.854 0.364 0.291 0.336 0.532 0.93 -0.331 -0.552 -0.979 0.46 0.714 0.704 0.656 0.25 100
0.294 0.978 0.091 0.078 -0.209 0.422 0.474 -0.934 -0.969 -0.809 -0.369 -0.2 -0.142 0.565 0.742 -0.647 -0.094 0.049 -0.718 -0.775 0.696 -0.445 -0.677 0.988 -0.679 0.3 -0.134 -0.096 -0.06 -0.255 -0.494 0.945 -0.143 0.065 -0.854 0.364 0.291 0.336 0.532 0.93 -0.331 -0.552 -0.979 0.46 0.714 0.704 0.656 0.25 100
0.294 0.978 0.091 0.078 -0.209 0.422 0.474 -0.934 -0.969 -0.809 -0.369 -0.2 -0.142 0.565 0.742 -0.647 -0.094 0.049 -0.718 -0.775 0.696 -0.445 -0.677 0.988 -0.679 0.3 -0.134 -0.096 -0.06 -0.255 -0.494 0.945 -0.143 0.065 -0.854 0.364 0.291 0.336 0.532 0.93 -0.331 -0.552 -0.979 0.46 0.714 0.704 0.656 0.25 100
0.294 0.978 0.091 0.078 -0.209 0.422 0.474 -0.934 -0.969 -0.809 -0.369 -0.2 -0.142 0.504 0.742 0.485 -0.094 0.049 -0.718 -0.775 0.696 -0.445 -0.677 0.988 -0.679 0.3 -0.134 -0.096 -0.06 -0.255 -0.494 0.945 -0.143 0.065 -0.854 0.364 0.291 0.336 0.532 0.93 -0.331 -0.552 -0.979 0.46 0.714 0.704 0.656 0.25 69.05666
0.294 0.978 0.091 0.078 -0.209 0.422 0.904 -0.934 -0.969 -0.809 -0.369 -0.2 -0.142 0.885 0.742 -0.647 -0.094 0.049 -0.718 -0.775 0.696 -0.445 -0.677 0.988 -0.679 0.3 -0.134 -0.096 -0.06 -0.255 -0.494 0.945 -0.143 0.065 -0.854 0.364 0.291 0.336 0.532 0.93 -0.331 -0.552 -0.979 0.46 0.714 0.704 0.656 0.25 64.6473
0.294 0.978 0.091 0.078 -0.209 0.422 0.904 -0.934 -0.969 -0.809 -0.369 -0.2 -0.142 -0.36 0.742 -0.647 -0.094 0.049 -0.718 -0.775 0.696 -0.445 -0.677 0.988 -0.679 0.3 -0.134 -0.096 -0.06 -0.255 -0.494 0.945 -0.143 0.065 -0.854 0.364 0.291 0.336 0.532 0.93 -0.331 -0.552 -0.979 0.46 0.714 0.704 0.656 0.25 100
0.294 0.978 0.091 0.078 -0.209 0.422 0.904 -0.934 -0.969 -0.809 -0.369 -0.2 -0.142 0.565 -0.818 -0.647 -0.094 0.049 -0.718 -0.775 0.696 -0.445 -0.677 0.988 -0.679 0.3 -0.134 -0.096 -0.06 -0.255 -0.494 0.945 -0.143 0.065 -0.854 0.364 0.291 0.336 0.532 0.93 -0.331 -0.552 -0.979 0.46 0.714 0.704 0.656 0.25 100
0.344 0.978 0.091 0.078 -0.209 0.422 0.474 -0.934 -0.969 -0.809 -0.369 -0.2 -0.142 0.565 0.742 -0.647 -0.094 0.049 -0.718 -0.775 0.696 -0.445 -0.677 0.988 -0.679 0.3 -0.134 -0.096 -0.06 -0.255 -0.494 0.945 -0.143 0.065 -0.854 0.364 0.291 0.336 0.532 0.93 -0.331 0.652 -0.979 0.46 0.714 0.704 0.656 0.25 100
0.294 0.978 0.091 0.078 -0.209 0.422 0.474 -0.934 -0.969 -0.809 -0.369 -0.2 -0.142 0.565 0.742 -0.647 -0.094 0.049 -0.718 -0.775 0.696 -0.445 -0.677 0.988 -0.679 0.3 -0.134 -0.096 -0.06 -0.255 -0.494 0.945 -0.143 0.065 -0.854 0.364 0.291 0.336 0.532 0.93 -0.331 -0.552 -0.979 0.46 0.714 0.704 0.656 0.25 100
0.344 0.978 0.091 0.078 -0.209 0.422 0.474 -0.934 -0.969 -0.809 -0.369 -0.2 -0.142 0.565 0.742 -0.647 -0.094 0.049 -0.718 -0.775 0.696 -0.445 -0.677 0.988 -0.679 0.3 -0.134 -0.096 -0.06 -0.255 -0.494 0.945 -0.143 0.065 -0.854 0.364 0.291 0.336 0.532 0.93 -0.562 -0.552 -0.979 0.46 0.714 0.704 0.656 0.25 100
