1 2302.718 17.980 1000.322
2 3465.105 26.523 1003.567
3 4234.287 29.411 1002.563
4 4513.585 33.929 1002.623
5 4846.871 34.531 1014.513
6 5437.141 37.854 1004.708
7 5527.582 39.701 1003.296
8 5700.269 38.942 999.191
9 5533.905 41.247 994.030
10 6507.820 41.281 988.307
11 5048.122 35.723 982.700
12 5694.913 42.152 986.804
13 5632.243 40.923 987.154
14 4310.124 28.724 978.240
15 6016.387 39.902 968.425
16 6500.832 41.396 960.849
17 5178.487 35.811 955.509
18 5230.055 36.934 950.484
19 6096.016 39.099 944.050
20 6835.208 40.103 950.141
21 6802.210 42.934 942.917
22 6852.286 42.532 936.332
23 6615.229 41.678 935.305
24 6410.993 36.728 931.051
25 6951.747 38.528 916.767
26 6425.371 41.188 925.542
27 6737.869 42.076 923.840
28 7226.946 47.621 918.226
29 7836.536 46.390 925.846
30 8081.266 49.589 935.651
31 7500.720 46.924 939.291
32 7581.683 44.118 936.156
33 9834.697 55.219 937.765
34 9559.201 54.416 949.526
35 9137.056 52.298 950.067
36 9278.724 51.331 940.145
37 8584.273 49.418 930.653
38 9974.415 50.348 906.117
39 9106.042 46.365 902.202
40 11283.001 55.279 905.041
41 9545.039 53.744 910.715
42 10849.230 55.114 907.378
43 9919.109 50.805 908.012
44 9722.380 52.076 916.548
45 8764.613 47.995 916.373
46 7053.487 39.312 927.074
47 9420.474 46.700 914.306
48 10274.548 52.977 925.567
49 9118.791 50.332 926.955
50 11373.139 60.205 902.220
51 10794.163 51.765 892.062
52 12652.647 61.809 874.247
53 13741.703 62.345 863.663
54 15261.519 66.346 869.977
55 14971.894 64.211 866.652
56 13509.534 63.717 875.491
57 12570.818 59.655 890.100
58 12568.653 61.943 889.929
