1 2472.417 26.566 997.683
2 2161.905 21.860 989.302
3 1723.995 13.253 992.651
4 1885.255 15.818 1002.390
5 2333.197 22.190 1000.265
6 2120.219 18.169 1000.230
7 2720.832 23.592 1003.374
8 2699.469 24.415 1000.442
9 2409.916 19.165 1000.243
10 3187.730 29.567 998.502
11 2776.768 23.953 997.254
12 2688.234 23.565 999.765
13 2795.010 24.588 998.133
14 3218.775 28.362 996.666
15 2631.675 25.871 987.558
16 2330.865 18.803 992.578
17 2067.085 17.095 988.085
18 1823.314 15.172 986.027
19 2381.785 25.031 981.908
20 2962.815 26.647 976.658
21 2531.205 25.132 967.121
22 2492.048 21.791 965.215
23 2216.374 19.401 967.670
24 2716.512 27.643 963.505
25 1623.456 13.283 960.203
26 2301.044 19.011 955.619
27 2583.002 23.646 949.718
28 1673.624 10.837 940.400
29 1571.818 8.289 936.538
30 1495.172 9.137 936.691
31 1604.357 9.427 932.674
32 2083.068 19.003 936.983
33 1817.317 12.911 928.569
34 1882.880 13.460 931.659
35 2013.821 18.661 921.501
36 1994.925 17.030 919.570
37 2159.017 15.574 911.971
38 2395.518 23.776 916.860
39 2149.160 18.246 912.675
40 1934.049 14.200 909.198
41 1974.164 15.015 916.421
42 1887.652 15.600 912.058
43 1898.272 15.769 911.370
44 2057.439 16.779 911.351
45 2005.836 16.346 908.527
46 1673.511 11.550 906.233
47 1746.495 13.117 899.599
48 2056.054 17.075 904.235
49 1937.348 17.212 896.981
50 1995.694 20.338 891.476
51 2749.723 26.074 995.565
52 2190.060 22.647 1002.731
53 2034.208 21.481 996.877
54 1938.051 16.852 996.310
55 1719.263 11.089 990.331
56 1893.049 15.500 989.725
57 1770.789 10.146 985.722
58 2348.274 23.921 987.705
59 2523.148 21.946 983.724
60 2058.966 16.574 980.851
61 2053.803 15.932 988.047
62 1523.926 8.483 985.390
63 1740.798 10.247 987.656
64 2250.218 18.789 983.943
65 1995.390 17.233 977.025
66 1796.217 14.489 979.264
67 2253.622 21.392 981.129
68 2456.553 19.888 978.577
69 2112.974 16.985 970.199
70 2783.640 25.186 969.327
71 2275.764 17.810 962.653
72 2642.554 22.728 958.023
73 2529.636 24.393 960.789
74 2487.041 21.404 965.847
75 2501.994 19.274 973.300
76 2735.282 26.468 965.438
77 2531.146 23.237 968.034
78 2466.486 23.100 957.714
79 2060.082 17.723 965.437
80 2542.296 22.235 975.758
81 3161.355 29.689 969.264
82 2341.004 20.719 962.567
83 3000.474 23.927 957.933
84 2668.690 23.757 952.972
85 2741.614 24.881 953.879
86 2830.157 23.001 946.326
87 3419.151 27.290 940.297
88 3153.176 28.819 928.991
89 3158.805 29.862 925.678
90 2463.528 21.915 922.234
91 2096.276 14.612 916.370
92 1887.099 14.263 918.737
93 2321.110 24.633 919.006
94 2012.573 16.564 926.136
95 2226.747 18.679 916.491
96 2013.673 17.054 896.915
97 2816.712 26.416 882.943
98 2646.584 23.598 887.353
99 2454.660 22.711 872.150
100 2103.082 18.111 885.605
