1 2227.637 18.522 995.725
2 2256.953 20.782 993.964
3 2467.201 20.902 991.146
4 2541.310 23.886 997.883
5 2101.995 18.116 997.068
6 2151.119 16.257 1002.245
7 2640.044 24.402 1001.534
8 2670.260 23.675 1001.372
9 2551.810 25.986 996.828
10 2627.938 28.370 991.469
11 1981.199 15.848 994.681
12 2062.620 18.450 1001.389
13 2039.337 16.725 998.946
14 2011.965 14.610 993.905
15 2406.903 21.310 987.584
16 2347.354 18.108 989.994
17 2612.125 23.187 984.623
18 1799.356 10.810 977.347
19 2410.676 19.985 981.212
20 2238.542 19.336 983.616
21 2408.145 23.896 975.498
22 2177.916 23.488 974.536
23 1883.468 16.490 978.553
24 1967.844 18.219 976.144
25 1972.470 16.905 970.287
26 1923.928 15.827 961.268
27 2566.339 24.013 951.125
28 1775.548 11.598 953.462
29 1663.464 9.664 944.620
30 1801.125 15.657 951.140
31 2369.473 21.019 941.345
32 2275.015 23.092 948.076
33 2384.828 21.385 939.092
34 2975.004 27.925 929.924
35 3053.157 27.431 914.953
36 2781.773 24.355 921.315
37 2716.646 24.132 924.034
38 2291.200 19.847 911.884
39 2381.985 20.432 913.960
40 1836.297 11.912 917.058
41 2249.996 16.903 917.599
42 2700.072 25.056 922.862
43 3096.846 25.812 929.685
44 2972.083 24.497 934.983
45 3056.677 26.480 931.357
46 2953.544 22.619 936.289
47 3028.808 24.063 932.510
48 3115.801 23.269 932.434
49 2569.844 25.144 933.192
50 2255.687 15.050 934.602
