1 1947.117 14.126 1001.193
2 2564.816 18.871 989.073
3 3970.771 32.109 996.098
4 4312.588 31.833 992.929
5 4780.708 33.165 1003.442
6 5009.384 35.351 997.043
7 4729.723 34.665 993.238
8 5616.976 40.460 988.754
9 4528.355 31.047 976.165
10 4401.136 29.179 981.046
11 5309.346 36.656 980.887
12 4818.909 35.900 977.731
13 5402.344 40.403 977.279
14 5521.238 36.551 984.889
15 5991.289 43.965 985.325
16 6104.545 44.906 983.424
17 6968.536 45.077 979.221
18 6928.670 47.691 977.947
19 7927.738 54.323 983.709
20 7779.722 49.518 987.683
21 8004.537 50.999 984.640
22 8103.994 46.091 988.295
23 7587.035 49.207 978.490
24 8463.594 52.532 987.856
25 8253.468 50.500 983.354
26 7897.157 47.136 984.923
27 8315.278 48.980 979.271
28 7961.319 47.370 975.321
29 7419.658 43.735 968.277
30 7264.622 45.581 959.082
31 7996.712 49.707 959.643
32 9956.237 56.569 943.435
33 9088.647 50.571 936.112
34 9034.441 51.930 936.634
35 9800.131 56.184 933.211
36 8673.651 52.296 941.883
37 9902.229 58.245 951.295
38 8552.763 53.303 952.460
39 7821.532 49.327 954.320
40 9204.839 56.829 958.858
41 8933.206 53.707 947.590
42 8316.544 50.435 953.568
43 9814.070 54.522 953.071
44 9785.762 55.180 957.698
45 9173.674 57.320 953.160
46 11450.368 60.386 939.188
47 10158.579 56.101 940.784
48 9276.662 55.160 953.813
49 8957.200 53.016 951.828
50 7122.596 47.607 940.225
51 9323.484 56.874 943.662
52 9890.330 60.346 935.429
53 9829.399 59.496 930.935
54 12380.838 63.354 919.728
55 10755.432 60.160 915.987
56 12467.626 62.349 910.422
57 10748.732 58.132 921.519
58 9237.807 58.123 900.740
