1 2472.417 26.566 997.683
2 2161.905 21.860 989.302
3 1723.995 13.253 992.651
4 1885.255 15.818 1002.390
5 2333.197 22.190 1000.265
6 2120.219 18.169 1000.230
7 2720.832 23.592 1003.374
8 2699.469 24.415 1000.442
9 2409.916 19.165 1000.243
10 3187.730 29.567 998.502
11 2776.768 23.953 997.254
12 2688.234 23.565 999.765
13 2795.010 24.588 998.133
14 3218.775 28.362 996.666
15 2631.675 25.871 987.558
16 2330.865 18.803 992.578
17 2067.085 17.095 988.085
18 1823.314 15.172 986.027
19 2381.785 25.031 981.908
20 2962.815 26.647 976.658
21 2531.205 25.132 967.121
22 2492.048 21.791 965.215
23 2216.374 19.401 967.670
24 2716.512 27.643 963.505
25 1623.456 13.283 960.203
26 2301.044 19.011 955.619
27 2583.002 23.646 949.718
28 1673.624 10.837 940.400
29 1571.818 8.289 936.538
30 1495.172 9.137 936.691
31 1604.357 9.427 932.674
32 2083.068 19.003 936.983
33 1817.317 12.911 928.569
34 1882.880 13.460 931.659
35 2013.821 18.661 921.501
36 1994.925 17.030 919.570
37 2159.017 15.574 911.971
38 2395.518 23.776 916.860
39 2149.160 18.246 912.675
40 1934.049 14.200 909.198
41 1974.164 15.015 916.421
42 1887.652 15.600 912.058
43 1898.272 15.769 911.370
44 2057.439 16.779 911.351
45 2005.836 16.346 908.527
46 1673.511 11.550 906.233
47 1746.495 13.117 899.599
48 2056.054 17.075 904.235
49 1937.348 17.212 896.981
50 1995.694 20.338 891.476
