1 2761.428 24.954 995.675
2 2918.056 25.078 998.187
3 3607.671 28.688 994.109
4 4629.575 38.227 1000.077
5 4888.505 35.121 999.961
6 5157.447 37.718 1007.598
7 6838.443 46.597 1003.405
8 6450.928 44.056 997.561
9 7375.495 49.062 1003.443
10 6475.152 44.230 996.976
11 6071.554 41.848 998.623
12 5822.122 36.517 995.310
13 7667.425 48.471 990.164
14 7313.597 44.644 984.334
15 7644.166 51.615 980.501
16 7238.381 47.333 980.312
17 8719.264 54.273 983.634
18 9212.444 54.734 982.353
19 7935.236 48.648 987.934
20 6955.970 45.132 978.279
21 7424.843 44.567 981.909
22 8014.860 50.373 977.476
23 8839.236 48.483 982.235
24 7902.330 50.161 987.310
25 7719.518 48.544 989.773
26 8722.856 53.931 995.212
27 7706.405 48.598 993.000
28 6223.072 44.395 988.162
29 8285.643 51.648 981.521
30 7499.355 46.723 987.280
31 8929.748 53.087 980.435
32 8979.816 53.744 988.508
33 7933.330 50.654 996.825
34 7840.224 46.852 987.238
35 11162.833 58.951 981.210
36 10263.799 58.265 975.966
37 11080.376 61.395 972.245
38 12526.843 61.405 963.613
39 10924.819 59.932 972.458
40 11996.655 66.193 960.799
41 12427.444 61.577 951.822
42 14370.058 67.170 955.596
43 12712.002 64.390 971.689
44 14381.087 69.549 948.814
45 16590.473 71.566 931.376
46 16511.554 67.528 928.543
47 19374.562 77.596 900.220
48 19591.805 72.184 880.421
49 18393.273 73.959 867.276
50 19071.004 72.008 866.124
