-0.428 0.495 0.317 -0.241 0.707 -0.845 -0.179 -0.783 0.560 0.978 -0.776 -0.022 -0.875 0.638 -0.390 -0.401 -0.621 0.698 0.365 -0.509 0.736 0.536 -0.940 0.188 0.080 -0.104 0.618 0.926 0.960 -0.621 0.192 0.288 0.864 0.914 0.799 0.888
-0.428 0.495 0.317 -0.241 0.707 -0.845 -0.179 -0.783 0.560 0.978 -0.776 -0.022 -0.875 0.638 -0.390 -0.401 -0.621 0.698 0.365 -0.509 0.736 0.536 -0.940 0.188 0.080 -0.104 0.618 0.926 0.960 -0.621 0.192 0.288 0.864 0.914 0.799 0.888
-0.428 0.495 0.317 -0.241 0.707 -0.845 -0.179 -0.783 0.560 0.978 -0.776 -0.022 -0.875 0.638 -0.390 -0.401 -0.621 0.698 0.365 -0.509 0.736 0.536 -0.940 0.188 0.080 -0.104 0.618 0.926 0.960 -0.621 0.192 0.288 0.864 0.914 0.799 0.888
-0.428 0.495 0.317 -0.241 0.707 -0.845 -0.179 -0.783 0.560 0.978 -0.776 -0.022 -0.875 0.638 -0.390 -0.401 -0.621 0.698 0.365 -0.509 0.736 0.536 -0.940 0.188 0.080 -0.104 0.618 0.926 0.960 -0.621 0.192 0.288 0.864 0.914 0.799 0.888
-0.428 0.495 0.317 -0.241 0.707 -0.845 -0.179 -0.783 0.560 0.978 -0.776 -0.022 -0.875 0.638 -0.390 -0.401 -0.621 0.698 0.365 -0.509 0.736 0.536 -0.940 0.188 0.080 -0.104 0.618 0.926 0.960 -0.621 0.192 0.288 0.864 0.914 0.799 0.888
-0.428 0.495 0.317 -0.241 0.707 -0.845 -0.179 -0.783 0.560 0.978 -0.776 -0.022 -0.875 0.638 -0.390 -0.401 -0.621 0.698 0.365 -0.509 0.736 0.536 -0.940 0.188 0.080 -0.104 0.618 0.926 0.960 -0.621 0.192 0.288 0.864 0.914 0.799 0.888
0.186 -0.607 0.710 -0.087 -0.745 -0.027 -0.393 -0.771 -0.296 0.953 -0.404 0.088 -0.362 -0.685 -0.415 -0.362 -0.061 -0.696 0.470 0.974 -0.462 -0.233 -0.011 -0.989 -0.070 0.741 0.678 0.264 -0.854 0.504 0.147 0.178 -0.693 0.833 0.494 -0.038
0.186 -0.607 0.710 -0.087 -0.745 -0.027 -0.393 -0.771 -0.296 0.953 -0.404 0.088 -0.362 -0.685 -0.415 -0.362 -0.061 -0.696 0.470 0.974 -0.462 -0.233 -0.011 -0.989 -0.070 0.741 0.678 0.264 -0.854 0.504 0.147 0.178 -0.693 0.833 0.494 -0.038
0.186 -0.607 0.710 -0.087 -0.745 -0.027 -0.393 -0.771 -0.296 0.953 -0.404 0.088 -0.362 -0.685 -0.415 -0.362 -0.061 -0.696 0.470 0.974 -0.462 -0.233 -0.011 -0.989 -0.070 0.741 0.678 0.264 -0.854 0.504 0.147 0.178 -0.693 0.833 0.494 -0.038
0.186 -0.607 0.710 -0.087 -0.745 -0.027 -0.393 -0.771 -0.296 0.953 -0.404 0.088 -0.362 -0.685 -0.415 -0.362 -0.061 -0.696 0.470 0.974 -0.462 -0.233 -0.011 -0.989 -0.070 0.741 0.678 0.264 -0.854 0.504 0.147 0.178 -0.693 0.833 0.494 -0.038
-0.428 0.495 0.317 -0.241 0.707 -0.845 -0.179 -0.783 0.560 0.978 -0.776 -0.022 -0.875 0.638 -0.390 -0.401 -0.621 0.698 0.365 -0.509 0.736 0.536 -0.940 0.188 0.080 -0.104 0.618 0.926 0.960 -0.621 0.192 0.288 0.864 0.914 0.799 0.888
-0.428 0.495 0.317 -0.241 0.707 -0.845 -0.179 -0.783 0.560 0.978 -0.776 -0.022 -0.875 0.638 -0.390 -0.401 -0.621 0.698 0.365 -0.509 0.736 0.536 -0.940 0.188 0.080 -0.104 0.618 0.926 0.960 -0.621 0.192 0.288 0.864 0.914 0.799 0.888
-0.428 0.495 0.317 -0.241 0.707 -0.845 -0.179 -0.783 0.560 0.978 -0.776 -0.022 -0.875 0.638 -0.390 -0.401 -0.621 0.698 0.365 -0.509 0.736 0.536 -0.940 0.188 0.080 -0.104 0.618 0.926 0.960 -0.621 0.192 0.288 0.864 0.914 0.799 0.888
-0.428 0.495 0.317 -0.241 0.707 -0.845 -0.179 -0.783 0.560 0.978 -0.776 -0.022 -0.875 0.638 -0.390 -0.401 -0.621 0.698 0.365 -0.509 0.736 0.536 -0.940 0.188 0.080 -0.104 0.618 0.926 0.960 -0.621 0.192 0.288 0.864 0.914 0.799 0.888
-0.428 0.495 0.317 -0.241 0.707 -0.845 -0.179 -0.783 0.560 0.978 -0.776 -0.022 -0.875 0.638 -0.390 -0.401 -0.621 0.698 0.365 -0.509 0.736 0.536 -0.940 0.188 0.080 -0.104 0.618 0.926 0.960 -0.621 0.192 0.288 0.864 0.914 0.799 0.888
-0.428 0.495 0.317 -0.241 0.707 -0.845 -0.179 -0.783 0.560 0.978 -0.776 -0.022 -0.875 0.638 -0.390 -0.401 -0.621 0.698 0.365 -0.509 0.736 0.536 -0.940 0.188 0.080 -0.104 0.618 0.926 0.960 -0.621 0.192 0.288 0.864 0.914 0.799 0.888
-0.428 0.495 0.317 -0.241 0.707 -0.845 -0.179 -0.783 0.560 0.978 -0.776 -0.022 -0.875 0.638 -0.390 -0.401 -0.621 0.698 0.365 -0.509 0.736 0.536 -0.940 0.188 0.080 -0.104 0.618 0.926 0.960 -0.621 0.192 0.288 0.864 0.914 0.799 0.888
-0.428 0.495 0.317 -0.241 0.707 -0.845 -0.179 -0.783 0.560 0.978 -0.776 -0.022 -0.875 0.638 -0.390 -0.401 -0.621 0.698 0.365 -0.509 0.736 0.536 -0.940 0.188 0.080 -0.104 0.618 0.926 0.960 -0.621 0.192 0.288 0.864 0.914 0.799 0.888
0.862 0.069 0.124 0.246 -0.180 -0.087 0.295 -0.151 -0.262 0.150 0.954 -0.664 -0.173 0.180 0.873 -0.673 -0.144 0.302 0.408 -0.312 -0.101 0.007 0.143 0.305 0.238 0.958 -0.766 0.951 -0.994 -0.166 -0.184 -0.943 0.971 0.261 0.028 -0.555
0.067 -0.091 -0.903 0.894 -0.936 -0.311 -0.860 -0.275 0.154 -0.722 -0.610 0.336 0.793 -0.930 0.867 -0.589 0.787 -0.858 0.772 0.890 0.765 0.169 0.395 0.457 -0.088 0.946 0.975 0.485 -0.475 -0.499 -0.447 0.645 -0.932 0.124 0.210 0.735
-0.959 -0.133 0.076 0.462 -0.706 -0.983 -0.716 -0.876 -0.046 -0.770 -0.134 0.137 -0.943 0.777 -0.372 0.425 -0.587 -0.569 -0.499 -0.929 -0.656 -0.449 -0.328 -0.033 -0.024 -0.280 -0.171 0.547 -0.847 -0.952 -0.285 0.025 0.723 -0.845 -0.598 0.489
-0.603 -0.656 0.439 -0.149 0.830 0.248 0.047 -0.270 0.737 0.089 -0.087 -0.726 -0.586 0.188 0.509 0.713 0.519 0.720 -0.407 -0.702 0.118 -0.727 -0.273 -0.200 0.459 0.969 -0.228 -0.022 -0.118 -0.953 -0.284 0.552 -0.810 -0.305 -0.937 -0.756
0.682 0.877 -0.064 -0.032 -0.100 -0.926 -0.344 0.523 0.813 -0.395 0.680 -0.294 0.327 0.473 0.781 0.209 -0.971 -0.828 0.048 0.116 0.316 0.883 0.890 -0.680 0.811 -0.288 0.379 0.171 0.387 0.037 -0.145 0.411 0.926 -0.148 -0.852 -0.851
-0.302 0.431 0.172 -0.760 -0.605 0.952 -0.812 0.342 0.773 0.624 -0.124 0.812 -0.900 -0.546 -0.328 0.129 0.775 -0.548 -0.004 0.829 -0.190 -0.419 -0.516 -0.737 0.034 0.699 0.220 0.752 0.441 -0.601 0.177 -0.926 -0.460 0.197 -0.158 0.663
0.135 -0.755 0.342 0.508 -0.905 -0.848 0.231 -0.313 0.332 0.383 -0.581 -0.612 0.901 -0.735 0.453 -0.783 -0.352 0.023 0.971 0.300 0.652 0.184 0.298 -0.221 0.800 0.420 -0.678 0.038 0.227 -0.873 -0.853 -0.816 0.430 -0.754 -0.423 -0.167
-0.879 0.891 0.305 -0.390 0.956 0.145 0.019 0.347 -0.657 -0.817 -0.088 -0.641 -0.271 -0.705 0.891 0.887 -0.561 -0.383 0.920 -0.200 -0.883 0.353 0.984 -0.396 -0.105 0.563 -0.003 -0.339 0.857 -0.017 0.507 -0.060 -0.843 -0.095 0.813 0.945
-0.564 0.450 -0.605 -0.269 0.511 0.237 -0.324 0.057 -0.539 -0.808 0.755 -0.766 0.520 0.184 0.054 0.634 0.148 0.658 0.032 0.587 0.579 0.675 -0.844 -0.943 -0.711 -0.413 -0.722 -0.905 0.462 0.150 0.999 -0.337 -0.112 0.870 0.126 0.481
0.912 0.110 -0.875 0.433 -0.807 -0.101 0.286 0.314 0.517 0.544 0.407 0.303 -0.706 -0.421 0.157 -0.225 0.075 0.057 -0.238 0.092 -0.494 0.532 -0.094 -0.168 0.239 -0.826 0.964 0.021 0.426 0.925 0.781 0.464 -0.916 -0.188 -0.032 -0.124
0.058 0.676 0.257 -0.135 -0.623 0.535 0.094 -0.801 -0.698 0.853 0.937 0.440 -0.081 -0.905 0.153 -0.430 -0.718 0.801 0.555 0.703 -0.085 0.551 -0.664 0.329 0.190 0.909 -0.595 -0.031 -0.927 0.075 -0.435 0.930 -0.657 0.575 0.936 0.595
0.454 0.713 0.240 0.015 0.557 0.405 0.331 0.331 0.424 -0.660 0.374 0.434 -0.764 0.013 0.417 0.012 -0.494 -0.152 0.027 0.281 -0.362 -0.689 0.529 -0.028 -0.040 0.974 -0.732 0.938 0.464 0.649 0.584 -0.470 -0.901 0.636 -0.159 0.479
-0.521 -0.617 0.306 -0.378 -0.596 -0.441 -0.762 0.728 -0.865 0.912 -0.908 -0.732 -0.625 0.656 -0.190 -0.360 -0.387 -0.026 0.882 0.674 -0.605 -0.582 0.080 0.607 -0.381 -0.237 0.905 -0.039 -0.321 -0.549 -0.957 0.225 0.365 -0.916 0.767 -0.398
0.757 0.622 -0.906 -0.582 0.503 -0.078 0.644 0.582 0.239 0.987 0.999 0.254 -0.811 0.270 0.932 -0.833 0.729 -0.105 0.573 -0.912 -0.334 -0.328 0.026 -0.399 0.052 -0.568 0.521 0.703 0.526 0.925 0.892 0.466 0.946 0.297 -0.532 -0.851
-0.626 0.092 -0.327 -0.457 0.512 -0.106 0.829 -0.595 -0.188 0.166 0.014 -0.452 0.063 0.471 0.474 -0.145 -0.971 0.175 0.089 -0.163 -0.504 0.117 -0.899 -0.253 0.913 0.784 -0.654 0.577 -0.649 -0.927 -0.213 0.575 0.729 -0.846 -0.251 -0.723
-0.558 0.002 0.413 -0.048 -0.000 -0.080 0.759 0.539 -0.760 -0.429 -0.208 0.380 0.248 -0.007 0.870 -0.029 -0.561 0.784 0.037 -0.508 -0.383 -0.351 -0.452 -0.058 0.907 -0.971 -0.822 0.065 0.775 -0.803 0.162 0.647 0.122 -0.876 -0.411 0.013
-0.050 -0.359 0.471 -0.999 0.128 0.516 -0.018 -0.933 -0.368 -0.093 -0.623 0.747 -0.816 -0.810 -0.010 0.555 -0.798 0.811 -0.189 0.013 0.314 -0.560 0.631 0.126 0.148 -0.035 -0.044 0.323 0.622 0.440 -0.831 0.662 -0.075 -0.932 -0.832 -0.344
0.556 -0.205 0.063 -0.894 -0.032 -0.564 0.723 -0.476 -0.209 0.198 -0.398 -0.336 0.060 -0.221 -0.255 -0.578 -0.093 -0.900 -0.242 -0.408 -0.606 0.510 -0.977 -0.019 -0.335 -0.890 -0.455 0.719 0.410 -0.675 0.443 0.042 -0.384 -0.129 -0.383 -0.420
0.611 -0.071 -0.602 0.129 -0.727 0.042 -0.647 -0.945 -0.045 0.415 -0.011 -0.905 0.032 0.815 0.037 -0.622 0.275 0.729 -0.374 0.077 0.010 0.407 0.463 -0.543 0.310 -0.146 0.172 0.189 0.536 -0.315 0.585 0.210 0.448 1.000 0.318 -0.316
0.369 -0.847 0.178 -0.881 -0.781 -0.059 0.537 0.237 0.374 0.159 -0.916 0.989 -0.487 -0.761 -0.655 0.879 -0.183 0.227 0.585 -0.776 0.929 -0.626 -0.239 0.075 -0.499 -0.654 -0.380 0.775 0.703 -0.595 -0.958 0.384 -0.244 -0.421 -0.318 0.542
0.283 -0.630 0.711 0.277 0.778 -0.576 -0.581 -0.062 0.561 0.977 0.969 0.078 -0.703 -0.136 -0.905 0.104 0.044 -0.552 0.375 -0.910 0.599 0.010 0.833 0.050 0.871 -0.027 0.630 -0.746 0.920 -0.819 0.437 -0.097 -0.533 -0.787 -0.011 0.547
0.752 -0.355 -0.531 0.733 -0.266 -0.186 -0.693 -0.945 -0.328 -0.089 -0.943 0.622 0.522 -0.429 0.443 -0.763 -0.777 -0.562 -0.456 0.373 -0.250 -0.191 0.976 -0.852 0.015 0.141 -0.609 0.940 -0.052 -0.815 -0.942 0.391 -0.978 -0.483 -0.230 -0.973
-0.318 0.351 0.263 -0.667 0.916 -0.356 -0.045 0.705 -0.457 -0.124 0.167 -0.768 -0.925 0.825 -0.080 0.248 -0.712 -0.587 -0.316 0.925 0.168 0.469 0.452 -0.577 0.370 -0.533 0.952 0.445 -0.585 -0.269 0.480 0.650 -0.246 0.789 0.871 0.649
0.713 0.425 -0.762 -0.328 -0.511 -0.605 -0.621 -0.219 -0.176 0.625 0.030 0.204 -0.184 0.457 0.482 -0.891 0.112 -0.310 0.975 -0.406 -0.442 -0.439 -0.996 0.284 0.726 -0.634 0.715 -0.950 0.277 0.090 -0.796 0.362 -0.861 -0.522 -0.064 -0.168
-0.934 0.617 -0.360 0.686 -0.845 -0.574 -0.664 -0.189 0.258 0.518 -0.522 0.719 0.055 -0.673 0.276 -0.384 0.758 0.047 0.761 0.571 -0.558 0.201 -0.643 0.408 -0.036 0.941 0.408 0.516 0.399 0.184 -0.575 0.813 0.737 0.873 -0.998 0.250
-0.847 -0.731 -0.378 0.371 -0.299 -0.159 -0.412 -0.656 -0.488 -0.446 0.356 0.216 0.539 -0.311 -0.675 -0.038 -0.763 0.142 -0.973 0.982 -0.035 0.514 -0.897 0.889 0.248 -0.658 -0.603 0.396 -0.317 -0.703 -0.539 0.188 0.829 0.946 0.044 0.101
0.186 -0.607 0.710 -0.087 -0.745 -0.027 -0.393 -0.771 -0.296 0.953 -0.404 0.088 -0.362 -0.685 -0.415 -0.362 -0.061 -0.696 0.470 0.974 -0.462 -0.233 -0.011 -0.989 -0.070 0.741 0.678 0.264 -0.854 0.504 0.147 0.178 -0.693 0.833 0.494 -0.038
-0.121 -0.056 0.513 -0.164 -0.019 -0.436 -0.286 -0.777 0.132 0.966 -0.590 0.033 -0.619 -0.024 -0.402 -0.382 -0.341 0.001 0.417 0.232 0.137 0.152 -0.475 -0.400 0.005 0.319 0.648 0.595 0.053 -0.058 0.169 0.233 0.086 0.873 0.647 0.425
-0.121 -0.056 0.513 -0.164 -0.019 -0.436 -0.286 -0.777 0.132 0.966 -0.590 0.033 -0.619 -0.024 -0.402 -0.382 -0.341 0.001 0.417 0.232 0.137 0.152 -0.475 -0.400 0.005 0.319 0.648 0.595 0.053 -0.058 0.169 0.233 0.086 0.873 0.647 0.425
-0.428 0.495 0.317 -0.241 0.707 -0.845 -0.179 -0.783 0.560 0.978 -0.776 -0.022 -0.875 0.638 -0.390 -0.401 -0.621 0.698 0.365 -0.509 0.736 0.536 -0.940 0.188 0.080 -0.104 0.618 0.926 0.960 -0.621 0.192 0.288 0.864 0.914 0.799 0.888
-0.121 -0.056 0.513 -0.164 -0.019 -0.436 -0.286 -0.777 0.132 0.966 -0.590 0.033 -0.619 -0.024 -0.402 -0.382 -0.341 0.001 0.417 0.232 0.137 0.152 -0.475 -0.400 0.005 0.319 0.648 0.595 0.053 -0.058 0.169 0.233 0.086 0.873 0.647 0.425
-0.428 0.495 0.317 -0.241 0.707 -0.845 -0.179 -0.783 0.560 0.978 -0.776 -0.022 -0.875 0.638 -0.390 -0.401 -0.621 0.698 0.365 -0.509 0.736 0.536 -0.940 0.188 0.080 -0.104 0.618 0.926 0.960 -0.621 0.192 0.288 0.864 0.914 0.799 0.888
-0.428 0.495 0.317 -0.241 0.707 -0.845 -0.179 -0.783 0.560 0.978 -0.776 -0.022 -0.875 0.638 -0.390 -0.401 -0.621 0.698 0.365 -0.509 0.736 0.536 -0.940 0.188 0.080 -0.104 0.618 0.926 0.960 -0.621 0.192 0.288 0.864 0.914 0.799 0.888
-0.428 0.495 0.317 -0.241 0.707 -0.845 -0.179 -0.783 0.560 0.978 -0.776 -0.022 -0.875 0.638 -0.390 -0.401 -0.621 0.698 0.365 -0.509 0.736 0.536 -0.940 0.188 0.080 -0.104 0.618 0.926 0.960 -0.621 0.192 0.288 0.864 0.914 0.799 0.888
-0.121 -0.056 0.513 -0.164 -0.019 -0.436 -0.286 -0.777 0.132 0.966 -0.590 0.033 -0.619 -0.024 -0.402 -0.382 -0.341 0.001 0.417 0.232 0.137 0.152 -0.475 -0.400 0.005 0.319 0.648 0.595 0.053 -0.058 0.169 0.233 0.086 0.873 0.647 0.425
-0.428 0.495 0.317 -0.241 0.707 -0.845 -0.179 -0.783 0.560 0.978 -0.776 -0.022 -0.875 0.638 -0.390 -0.401 -0.621 0.698 0.365 -0.509 0.736 0.536 -0.940 0.188 0.080 -0.104 0.618 0.926 0.960 -0.621 0.192 0.288 0.864 0.914 0.799 0.888
-0.121 -0.056 0.513 -0.164 -0.019 -0.436 -0.286 -0.777 0.132 0.966 -0.590 0.033 -0.619 -0.024 -0.402 -0.382 -0.341 0.001 0.417 0.232 0.137 0.152 -0.475 -0.400 0.005 0.319 0.648 0.595 0.053 -0.058 0.169 0.233 0.086 0.873 0.647 0.425
-0.428 0.495 0.317 -0.241 0.707 -0.845 -0.179 -0.783 0.560 0.978 -0.776 -0.022 -0.875 0.638 -0.390 -0.401 -0.621 0.698 0.365 -0.509 0.736 0.536 -0.940 0.188 0.080 -0.104 0.618 0.926 0.960 -0.621 0.192 0.288 0.864 0.914 0.799 0.888
-0.428 0.495 0.317 -0.241 0.707 -0.845 -0.179 -0.783 0.560 0.978 -0.776 -0.022 -0.875 0.638 -0.390 -0.401 -0.621 0.698 0.365 -0.509 0.736 0.536 -0.940 0.188 0.080 -0.104 0.618 0.926 0.960 -0.621 0.192 0.288 0.864 0.914 0.799 0.888
-0.428 0.495 0.317 -0.241 0.707 -0.845 -0.179 -0.783 0.560 0.978 -0.776 -0.022 -0.875 0.638 -0.390 -0.401 -0.621 0.698 0.365 -0.509 0.736 0.536 -0.940 0.188 0.080 -0.104 0.618 0.926 0.960 -0.621 0.192 0.288 0.864 0.914 0.799 0.888
-0.428 0.495 0.317 -0.241 0.707 -0.845 -0.179 -0.783 0.560 0.978 -0.776 -0.022 -0.875 0.638 -0.390 -0.401 -0.621 0.698 0.365 -0.509 0.736 0.536 -0.940 0.188 0.080 -0.104 0.618 0.926 0.960 -0.621 0.192 0.288 0.864 0.914 0.799 0.888
-0.428 0.495 0.317 -0.241 0.707 -0.845 -0.179 -0.783 0.560 0.978 -0.776 -0.022 -0.875 0.638 -0.390 -0.401 -0.621 0.698 0.365 -0.509 0.736 0.536 -0.940 0.188 0.080 -0.104 0.618 0.926 0.960 -0.621 0.192 0.288 0.864 0.914 0.799 0.888
-0.428 0.495 0.317 -0.241 0.707 -0.845 -0.179 -0.783 0.560 0.978 -0.776 -0.022 -0.875 0.638 -0.390 -0.401 -0.621 0.698 0.365 -0.509 0.736 0.536 -0.940 0.188 0.080 -0.104 0.618 0.926 0.960 -0.621 0.192 0.288 0.864 0.914 0.799 0.888
-0.121 -0.056 0.513 -0.164 -0.019 -0.436 -0.286 -0.777 0.132 0.966 -0.590 0.033 -0.619 -0.024 -0.402 -0.382 -0.341 0.001 0.417 0.232 0.137 0.152 -0.475 -0.400 0.005 0.319 0.648 0.595 0.053 -0.058 0.169 0.233 0.086 0.873 0.647 0.425
-0.121 -0.056 0.513 -0.164 -0.019 -0.436 -0.286 -0.777 0.132 0.966 -0.590 0.033 -0.619 -0.024 -0.402 -0.382 -0.341 0.001 0.417 0.232 0.137 0.152 -0.475 -0.400 0.005 0.319 0.648 0.595 0.053 -0.058 0.169 0.233 0.086 0.873 0.647 0.425
-0.428 0.495 0.317 -0.241 0.707 -0.845 -0.179 -0.783 0.560 0.978 -0.776 -0.022 -0.875 0.638 -0.390 -0.401 -0.621 0.698 0.365 -0.509 0.736 0.536 -0.940 0.188 0.080 -0.104 0.618 0.926 0.960 -0.621 0.192 0.288 0.864 0.914 0.799 0.888
-0.428 0.495 0.317 -0.241 0.707 -0.845 -0.179 -0.783 0.560 0.978 -0.776 -0.022 -0.875 0.638 -0.390 -0.401 -0.621 0.698 0.365 -0.509 0.736 0.536 -0.940 0.188 0.080 -0.104 0.618 0.926 0.960 -0.621 0.192 0.288 0.864 0.914 0.799 0.888
-0.428 0.495 0.317 -0.241 0.707 -0.845 -0.179 -0.783 0.560 0.978 -0.776 -0.022 -0.875 0.638 -0.390 -0.401 -0.621 0.698 0.365 -0.509 0.736 0.536 -0.940 0.188 0.080 -0.104 0.618 0.926 0.960 -0.621 0.192 0.288 0.864 0.914 0.799 0.888
-0.428 0.495 0.317 -0.241 0.707 -0.845 -0.179 -0.783 0.560 0.978 -0.776 -0.022 -0.875 0.638 -0.390 -0.401 -0.621 0.698 0.365 -0.509 0.736 0.536 -0.940 0.188 0.080 -0.104 0.618 0.926 0.960 -0.621 0.192 0.288 0.864 0.914 0.799 0.888
-0.121 -0.056 0.513 -0.164 -0.019 -0.436 -0.286 -0.777 0.132 0.966 -0.590 0.033 -0.619 -0.024 -0.402 -0.382 -0.341 0.001 0.417 0.232 0.137 0.152 -0.475 -0.400 0.005 0.319 0.648 0.595 0.053 -0.058 0.169 0.233 0.086 0.873 0.647 0.425
-0.121 -0.056 0.513 -0.164 -0.019 -0.436 -0.286 -0.777 0.132 0.966 -0.590 0.033 -0.619 -0.024 -0.402 -0.382 -0.341 0.001 0.417 0.232 0.137 0.152 -0.475 -0.400 0.005 0.319 0.648 0.595 0.053 -0.058 0.169 0.233 0.086 0.873 0.647 0.425
-0.121 -0.056 0.513 -0.164 -0.019 -0.436 -0.286 -0.777 0.132 0.966 -0.590 0.033 -0.619 -0.024 -0.402 -0.382 -0.341 0.001 0.417 0.232 0.137 0.152 -0.475 -0.400 0.005 0.319 0.648 0.595 0.053 -0.058 0.169 0.233 0.086 0.873 0.647 0.425
-0.428 0.495 0.317 -0.241 0.707 -0.845 -0.179 -0.783 0.560 0.978 -0.776 -0.022 -0.875 0.638 -0.390 -0.401 -0.621 0.698 0.365 -0.509 0.736 0.536 -0.940 0.188 0.080 -0.104 0.618 0.926 0.960 -0.621 0.192 0.288 0.864 0.914 0.799 0.888
-0.428 0.495 0.317 -0.241 0.707 -0.845 -0.179 -0.783 0.560 0.978 -0.776 -0.022 -0.875 0.638 -0.390 -0.401 -0.621 0.698 0.365 -0.509 0.736 0.536 -0.940 0.188 0.080 -0.104 0.618 0.926 0.960 -0.621 0.192 0.288 0.864 0.914 0.799 0.888
-0.428 0.495 0.317 -0.241 0.707 -0.845 -0.179 -0.783 0.560 0.978 -0.776 -0.022 -0.875 0.638 -0.390 -0.401 -0.621 0.698 0.365 -0.509 0.736 0.536 -0.940 0.188 0.080 -0.104 0.618 0.926 0.960 -0.621 0.192 0.288 0.864 0.914 0.799 0.888
-0.121 -0.056 0.513 -0.164 -0.019 -0.436 -0.286 -0.777 0.132 0.966 -0.590 0.033 -0.619 -0.024 -0.402 -0.382 -0.341 0.001 0.417 0.232 0.137 0.152 -0.475 -0.400 0.005 0.319 0.648 0.595 0.053 -0.058 0.169 0.233 0.086 0.873 0.647 0.425
-0.428 0.495 0.317 -0.241 0.707 -0.845 -0.179 -0.783 0.560 0.978 -0.776 -0.022 -0.875 0.638 -0.390 -0.401 -0.621 0.698 0.365 -0.509 0.736 0.536 -0.940 0.188 0.080 -0.104 0.618 0.926 0.960 -0.621 0.192 0.288 0.864 0.914 0.799 0.888
