-0.624 -0.763 -0.902 0.391 -0.361 0.8 0.474 -0.279 0.016 -0.228 0.345 0.689 -0.065 0.549 -1 -0.301 0.565 0.748 0.643 -0.598 -0.75 -0.956 -0.625 -0.377 0.41 -0.228 0.899 0.427 -0.927 0.076 -0.252 -0.28 0.611 0.198 0.599 -0.313 -0.777 -0.962 -0.09 0.434 0.239 0.098 -0.292 0.573 -0.56 0.71 -0.173 -0.638 256.8322
-0.624 -0.961 -0.902 0.21 -0.361 0.8 0.474 -0.279 0.016 -0.108 0.216 0.689 -0.065 0.549 -1 -0.301 0.565 0.748 0.643 -0.567 -0.721 -0.919 -0.625 -0.543 0.41 -0.228 1 0.569 -0.927 0.076 -0.252 -0.196 0.733 0.385 0.599 -0.33 -0.777 -0.962 -0.09 0.42 0.239 0.098 -0.292 0.573 -0.56 0.661 -0.173 -0.512 7
-0.742 -0.606 -0.902 0.391 -0.361 0.674 0.415 -0.279 0.016 -0.228 0.345 0.689 -0.089 0.549 -0.955 -0.242 0.565 0.597 0.643 -0.598 -0.66 -0.951 -0.625 -0.437 0.41 -0.228 0.793 0.497 -0.927 0.076 -0.252 -0.28 0.611 0.198 0.599 -0.313 -0.777 -0.962 -0.09 0.434 0.239 0.098 -0.292 0.573 -0.56 0.71 -0.173 -0.638 238.1604
-0.742 -0.754 -0.772 0.213 -0.361 0.674 0.421 -0.279 0.016 -0.228 0.345 0.689 -0.065 0.527 -1 -0.21 0.565 0.589 0.643 -0.785 -0.841 -0.956 -0.625 -0.316 0.41 -0.228 0.786 0.427 -0.927 0.076 -0.254 -0.28 0.611 0.301 0.599 -0.313 -0.777 -0.962 -0.09 0.617 0.239 0.214 -0.366 0.573 -0.56 0.71 -0.173 -0.638 301
-0.446 -0.59 -0.902 0.549 -0.361 0.748 0.534 -0.279 0.016 -0.228 0.345 0.689 -0.065 0.549 -1 -0.301 0.565 0.748 0.643 -0.598 -0.75 -0.956 -0.625 -0.377 0.41 -0.228 0.899 0.427 -0.927 0.076 -0.252 -0.28 0.611 0.198 0.599 -0.313 -0.777 -0.962 -0.09 0.434 0.239 0.098 -0.292 0.573 -0.56 0.71 -0.173 -0.638 237.0081
-0.624 -0.763 -0.902 0.391 -0.361 0.8 0.474 -0.279 0.016 -0.228 0.345 0.689 -0.065 0.549 -1 -0.301 0.565 0.748 0.643 -0.598 -0.75 -0.956 -0.625 -0.377 0.41 -0.228 0.899 0.427 -0.927 0.076 -0.252 -0.28 0.611 0.198 0.599 -0.313 -0.777 -0.962 -0.09 0.434 0.239 0.098 -0.292 0.573 -0.56 0.71 -0.173 -0.638 226.8148
-0.446 -0.635 -0.718 0.549 -0.361 0.748 0.534 -0.279 0.167 -0.228 0.345 0.73 0.115 0.549 -1 -0.301 0.565 0.748 0.643 -0.598 -0.75 -0.956 -0.625 -0.377 0.247 -0.116 0.899 0.427 -0.927 0.076 -0.252 -0.28 0.722 0.198 0.599 -0.334 -0.777 -0.962 -0.09 0.566 0.362 0.098 -0.292 0.573 -0.56 0.71 -0.173 -0.638 236.4575
-0.742 -0.606 -0.902 0.391 -0.361 0.674 0.415 -0.279 0.016 -0.228 0.345 0.689 -0.089 0.549 -0.955 -0.242 0.565 0.597 0.643 -0.598 -0.66 -0.951 -0.625 -0.437 0.41 -0.228 0.793 0.497 -0.927 0.076 -0.252 -0.28 0.611 0.198 0.599 -0.313 -0.777 -0.962 -0.09 0.434 0.239 0.098 -0.292 0.573 -0.56 0.71 -0.173 -0.638 225.0121
-0.624 -0.763 -0.902 0.391 -0.361 0.8 0.541 -0.437 0.016 -0.228 0.345 0.689 0.078 0.549 -1 -0.301 0.565 0.748 0.643 -0.598 -0.75 -0.956 -0.625 -0.377 0.41 -0.228 1 0.426 -0.927 0.076 -0.252 -0.28 0.611 0.198 0.599 -0.371 -0.777 -0.962 0.064 0.362 0.082 0.152 -0.292 0.573 -0.567 0.906 -0.173 -0.638 89.45174
-0.624 -0.763 -0.902 0.391 -0.361 0.8 0.474 -0.279 0.016 -0.228 0.345 0.689 -0.065 0.549 -1 -0.301 0.565 0.748 0.643 -0.598 -0.75 -0.956 -0.625 -0.377 0.41 -0.228 0.899 0.427 -0.927 0.076 -0.252 -0.28 0.611 0.198 0.599 -0.313 -0.777 -0.962 -0.09 0.434 0.239 0.098 -0.292 0.573 -0.56 0.71 -0.173 -0.638 214.8116
-0.624 -0.763 -0.902 0.391 -0.361 0.8 0.474 -0.279 0.016 -0.228 0.345 0.689 -0.065 0.549 -1 -0.301 0.565 0.748 0.643 -0.598 -0.75 -0.956 -0.625 -0.377 0.41 -0.228 0.899 0.427 -0.927 0.076 -0.252 -0.28 0.611 0.198 0.599 -0.313 -0.777 -0.962 -0.09 0.434 0.239 0.098 -0.292 0.573 -0.56 0.71 -0.173 -0.638 220.039
-0.624 -0.763 -0.902 0.391 -0.361 0.8 0.474 -0.279 0.016 -0.228 0.345 0.689 -0.065 0.549 -1 -0.301 0.565 0.748 0.643 -0.598 -0.75 -0.956 -0.625 -0.377 0.41 -0.228 0.899 0.427 -0.927 0.076 -0.252 -0.28 0.611 0.198 0.599 -0.313 -0.777 -0.962 -0.09 0.434 0.239 0.098 -0.292 0.573 -0.56 0.71 -0.173 -0.638 211.7259
-0.446 -0.59 -0.902 0.435 -0.361 0.65 0.534 -0.356 0.016 -0.358 0.345 0.689 -0.089 0.531 -1 -0.206 0.405 0.597 0.643 -0.601 -0.575 -0.951 -0.625 -0.437 0.41 -0.228 0.793 0.497 -0.927 0.076 -0.252 -0.28 0.611 0.198 0.599 -0.313 -0.777 -0.962 -0.09 0.434 0.239 0.098 -0.292 0.573 -0.56 0.71 -0.173 -0.638 268.8481
-0.446 -0.59 -0.902 0.435 -0.361 0.65 0.534 -0.356 0.016 -0.358 0.345 0.689 -0.089 0.531 -1 -0.206 0.405 0.597 0.643 -0.601 -0.575 -0.951 -0.625 -0.437 0.41 -0.228 0.793 0.497 -0.927 0.076 -0.252 -0.28 0.611 0.198 0.599 -0.313 -0.777 -0.962 -0.09 0.434 0.239 0.098 -0.292 0.573 -0.56 0.71 -0.173 -0.638 301
-0.624 -0.763 -0.902 0.391 -0.361 0.8 0.474 -0.279 0.016 -0.228 0.345 0.689 -0.065 0.549 -1 -0.301 0.565 0.748 0.643 -0.598 -0.75 -0.956 -0.625 -0.377 0.41 -0.228 0.899 0.427 -0.927 0.076 -0.252 -0.28 0.611 0.198 0.599 -0.313 -0.777 -0.962 -0.09 0.434 0.239 0.098 -0.292 0.573 -0.56 0.71 -0.173 -0.638 301
-0.624 -0.763 -0.902 0.309 -0.361 0.8 0.474 -0.279 0.016 -0.228 0.345 0.605 -0.065 0.549 -1 -0.301 0.565 0.748 0.643 -0.507 -0.75 -0.929 -0.701 -0.377 0.41 -0.228 0.899 0.427 -0.927 0.076 -0.252 -0.38 0.423 0.198 0.538 -0.364 -0.777 -0.962 -0.09 0.434 0.239 0.098 -0.341 0.573 -0.529 0.514 -0.173 -0.638 23
-0.624 -0.763 -0.902 0.391 -0.361 0.8 0.474 -0.279 0.016 -0.228 0.345 0.689 -0.065 0.549 -1 -0.301 0.565 0.748 0.643 -0.598 -0.75 -0.956 -0.625 -0.377 0.41 -0.228 0.899 0.427 -0.927 0.076 -0.252 -0.28 0.611 0.198 0.599 -0.313 -0.777 -0.962 -0.09 0.434 0.239 0.098 -0.292 0.573 -0.56 0.71 -0.173 -0.638 301
-0.446 -0.59 -0.902 0.549 -0.361 0.748 0.534 -0.279 0.016 -0.228 0.345 0.689 -0.065 0.549 -1 -0.301 0.565 0.748 0.643 -0.598 -0.75 -0.956 -0.625 -0.377 0.41 -0.228 0.899 0.427 -0.927 0.076 -0.252 -0.28 0.611 0.198 0.599 -0.313 -0.777 -0.962 -0.09 0.434 0.239 0.098 -0.292 0.573 -0.56 0.71 -0.173 -0.638 301
-0.499 -0.59 -0.902 0.666 -0.361 0.748 0.562 -0.279 -0.146 -0.043 0.346 0.689 -0.216 0.549 -1 -0.301 0.675 0.748 0.643 -0.598 -0.868 -0.956 -0.659 -0.377 0.26 -0.265 0.882 0.427 -0.927 0.187 -0.141 -0.28 0.686 0.078 0.599 -0.402 -0.777 -0.962 -0.09 0.515 0.239 0.098 -0.292 0.573 -0.56 0.542 -0.173 -0.75 26
-0.624 -0.763 -0.902 0.391 -0.361 0.8 0.474 -0.279 0.016 -0.228 0.303 0.689 -0.065 0.549 -1 -0.301 0.565 0.748 0.643 -0.555 -0.75 -0.956 -0.625 -0.377 0.41 -0.228 0.899 0.427 -1 0.076 -0.252 -0.109 0.611 0.282 0.599 -0.346 -0.653 -0.962 0.091 0.434 0.385 0.098 -0.292 0.44 -0.56 0.71 -0.173 -0.638 223.8152
-0.624 -0.763 -0.902 0.391 -0.361 0.8 0.474 -0.279 0.016 -0.228 0.345 0.689 -0.065 0.549 -1 -0.301 0.565 0.748 0.643 -0.598 -0.75 -0.956 -0.625 -0.377 0.41 -0.228 0.899 0.427 -0.927 0.076 -0.252 -0.28 0.611 0.198 0.599 -0.313 -0.777 -0.962 -0.09 0.434 0.239 0.098 -0.292 0.573 -0.56 0.71 -0.173 -0.638 256.2089
-0.624 -0.763 -0.902 0.391 -0.361 0.8 0.474 -0.279 0.016 -0.228 0.345 0.689 -0.065 0.549 -1 -0.301 0.565 0.748 0.643 -0.598 -0.75 -0.956 -0.625 -0.377 0.41 -0.228 0.899 0.427 -0.927 0.076 -0.252 -0.28 0.611 0.198 0.599 -0.313 -0.777 -0.962 -0.09 0.434 0.239 0.098 -0.292 0.573 -0.56 0.71 -0.173 -0.638 224.3155
-0.624 -0.763 -0.902 0.391 -0.361 0.8 0.474 -0.279 0.016 -0.228 0.345 0.689 -0.065 0.549 -1 -0.301 0.565 0.748 0.643 -0.598 -0.75 -0.956 -0.625 -0.377 0.41 -0.228 0.899 0.427 -0.927 0.076 -0.252 -0.28 0.611 0.198 0.599 -0.313 -0.777 -0.962 -0.09 0.434 0.239 0.098 -0.292 0.573 -0.56 0.71 -0.173 -0.638 301
-0.624 -0.763 -0.902 0.391 -0.361 0.8 0.474 -0.279 0.016 -0.228 0.345 0.689 -0.065 0.549 -1 -0.301 0.565 0.748 0.643 -0.598 -0.75 -0.956 -0.625 -0.377 0.41 -0.228 0.899 0.427 -0.927 0.076 -0.252 -0.28 0.611 0.198 0.599 -0.313 -0.777 -0.962 -0.09 0.434 0.239 0.098 -0.292 0.573 -0.56 0.71 -0.173 -0.638 255.4638
-0.742 -0.606 -0.902 0.391 -0.361 0.674 0.415 -0.279 0.016 -0.228 0.345 0.689 -0.065 0.549 -1 -0.301 0.565 0.748 0.643 -0.598 -0.75 -0.956 -0.625 -0.377 0.41 -0.228 0.899 0.427 -0.927 0.076 -0.252 -0.28 0.611 0.198 0.599 -0.313 -0.777 -0.962 -0.09 0.434 0.239 0.098 -0.292 0.573 -0.56 0.71 -0.173 -0.638 263.5621
-0.624 -0.763 -0.902 0.391 -0.361 0.8 0.474 -0.279 0.016 -0.228 0.345 0.689 -0.089 0.549 -0.955 -0.242 0.565 0.597 0.643 -0.598 -0.66 -0.951 -0.625 -0.437 0.41 -0.228 0.793 0.497 -0.927 0.076 -0.252 -0.28 0.611 0.198 0.599 -0.313 -0.777 -0.962 -0.09 0.434 0.239 0.098 -0.292 0.573 -0.56 0.71 -0.173 -0.638 152.2205
-0.624 -0.763 -0.902 0.391 -0.361 0.8 0.474 -0.279 0.016 -0.228 0.345 0.689 -0.065 0.549 -1 -0.301 0.565 0.748 0.643 -0.598 -0.75 -0.956 -0.625 -0.377 0.41 -0.228 0.899 0.427 -0.927 0.076 -0.252 -0.28 0.611 0.198 0.599 -0.313 -0.777 -0.962 -0.09 0.434 0.239 0.098 -0.292 0.573 -0.56 0.71 -0.173 -0.638 268.5728
-0.446 -0.59 -0.902 0.549 -0.289 0.748 0.534 -0.279 0.165 -0.074 0.345 0.689 -0.065 0.549 -1 -0.475 0.565 0.748 0.492 -0.598 -0.75 -0.956 -0.625 -0.545 0.41 -0.361 0.899 0.248 -0.927 0.076 -0.252 -0.28 0.611 0.198 0.599 -0.313 -0.777 -0.888 -0.09 0.434 0.239 0.098 -0.178 0.573 -0.672 0.863 -0.173 -0.638 100.006
-0.624 -0.763 -0.902 0.391 -0.361 0.8 0.474 -0.279 0.016 -0.228 0.345 0.689 -0.065 0.549 -1 -0.301 0.565 0.748 0.643 -0.598 -0.75 -0.956 -0.625 -0.377 0.41 -0.228 0.899 0.427 -0.927 0.076 -0.252 -0.28 0.611 0.198 0.599 -0.313 -0.777 -0.962 -0.09 0.434 0.239 0.098 -0.292 0.573 -0.56 0.71 -0.173 -0.638 225.1344
-0.624 -0.763 -0.902 0.391 -0.361 0.8 0.474 -0.279 -0.061 -0.228 0.345 0.741 -0.089 0.531 -1 -0.206 0.405 0.398 0.643 -0.601 -0.575 -0.951 -0.625 -0.627 0.358 -0.228 0.793 0.497 -0.927 0.267 -0.194 -0.28 0.611 0.094 0.572 -0.313 -0.766 -0.962 -0.09 0.434 0.119 0.098 -0.271 0.573 -0.56 0.894 -0.367 -0.8 129.9149
-0.624 -0.763 -0.902 0.391 -0.361 0.8 0.474 -0.279 0.016 -0.228 0.345 0.689 -0.065 0.549 -1 -0.301 0.565 0.748 0.643 -0.598 -0.75 -0.956 -0.625 -0.377 0.41 -0.228 0.899 0.427 -0.927 0.076 -0.252 -0.28 0.611 0.198 0.599 -0.313 -0.777 -0.962 -0.09 0.434 0.239 0.098 -0.292 0.573 -0.56 0.71 -0.173 -0.638 230.6009
-0.624 -0.763 -0.902 0.391 -0.361 0.8 0.474 -0.279 0.016 -0.228 0.345 0.689 -0.065 0.549 -1 -0.301 0.565 0.748 0.643 -0.598 -0.75 -0.956 -0.625 -0.377 0.41 -0.228 0.899 0.427 -0.927 0.076 -0.252 -0.28 0.611 0.198 0.599 -0.313 -0.777 -0.962 -0.09 0.434 0.239 0.098 -0.292 0.573 -0.56 0.71 -0.173 -0.638 242.064
-0.583 -0.847 -0.831 0.391 -0.34 0.911 0.474 -0.468 -0.047 -0.228 0.345 0.689 -0.065 0.549 -1 -0.301 0.565 0.748 0.643 -0.598 -0.75 -0.956 -0.625 -0.377 0.41 -0.228 0.899 0.427 -0.927 -0.069 -0.252 -0.263 0.611 0.198 0.514 -0.313 -0.777 -1 -0.09 0.434 0.239 -0.084 -0.449 0.602 -0.56 0.71 -0.045 -0.638 115.3185
-0.624 -0.763 -0.902 0.391 -0.361 0.8 0.474 -0.279 0.016 -0.228 0.345 0.689 0.104 0.549 -1 -0.492 0.488 0.748 0.643 -0.438 -0.695 -0.986 -0.596 -0.377 0.441 -0.258 0.92 0.427 -0.927 0.076 -0.252 -0.28 0.611 0.198 0.599 -0.313 -0.777 -0.962 -0.09 0.434 0.239 0.098 -0.292 0.573 -0.56 0.71 -0.173 -0.638 181.0565
-0.624 -0.763 -0.902 0.391 -0.361 0.8 0.474 -0.279 0.016 -0.228 0.345 0.689 -0.065 0.549 -1 -0.301 0.565 0.748 0.643 -0.598 -0.75 -0.956 -0.625 -0.377 0.41 -0.228 0.899 0.427 -0.927 0.076 -0.252 -0.28 0.611 0.198 0.599 -0.313 -0.777 -0.962 -0.09 0.434 0.239 0.098 -0.292 0.573 -0.56 0.71 -0.173 -0.638 208.1537
-0.624 -0.763 -0.902 0.391 -0.361 0.8 0.474 -0.279 0.016 -0.228 0.345 0.689 -0.065 0.549 -1 -0.301 0.565 0.748 0.643 -0.598 -0.75 -0.956 -0.625 -0.377 0.41 -0.228 0.899 0.427 -0.927 0.076 -0.252 -0.28 0.611 0.198 0.599 -0.313 -0.777 -0.962 -0.09 0.434 0.239 0.098 -0.292 0.573 -0.56 0.71 -0.173 -0.638 259.405
-0.624 -0.763 -0.902 0.391 -0.361 0.8 0.474 -0.279 0.016 -0.228 0.345 0.689 -0.065 0.549 -1 -0.301 0.565 0.748 0.643 -0.598 -0.75 -0.956 -0.625 -0.377 0.41 -0.228 0.899 0.427 -0.927 0.076 -0.254 -0.28 0.611 0.301 0.599 -0.313 -0.777 -0.962 -0.09 0.617 0.239 0.214 -0.366 0.573 -0.56 0.71 -0.173 -0.638 194.4115
-0.446 -0.59 -0.902 0.549 -0.361 0.748 0.534 -0.279 0.016 -0.228 0.345 0.689 -0.065 0.549 -1 -0.301 0.565 0.748 0.643 -0.598 -0.75 -0.956 -0.625 -0.377 0.41 -0.228 0.899 0.427 -0.927 0.076 -0.252 -0.28 0.611 0.198 0.599 -0.313 -0.777 -0.962 -0.09 0.434 0.239 0.098 -0.292 0.573 -0.56 0.71 -0.173 -0.638 301
-0.624 -0.763 -0.902 0.391 -0.361 0.8 0.474 -0.279 0.016 -0.228 0.345 0.689 -0.065 0.549 -1 -0.301 0.565 0.748 0.643 -0.598 -0.75 -0.956 -0.625 -0.377 0.41 -0.228 0.899 0.427 -0.927 0.076 -0.252 -0.28 0.611 0.198 0.599 -0.313 -0.777 -0.962 -0.09 0.434 0.239 0.098 -0.292 0.573 -0.56 0.71 -0.173 -0.638 203.8407
-0.446 -0.59 -0.902 0.549 -0.361 0.748 0.534 -0.279 0.016 -0.228 0.345 0.689 -0.065 0.549 -1 -0.301 0.565 0.748 0.643 -0.598 -0.75 -0.956 -0.625 -0.377 0.41 -0.228 0.899 0.427 -0.927 0.076 -0.252 -0.28 0.611 0.198 0.599 -0.313 -0.777 -0.962 -0.09 0.434 0.239 0.098 -0.292 0.573 -0.56 0.71 -0.173 -0.638 197.9096
-0.742 -0.606 -0.902 0.391 -0.361 0.674 0.415 -0.279 0.016 -0.228 0.345 0.689 -0.089 0.549 -0.955 -0.242 0.565 0.597 0.643 -0.598 -0.66 -0.951 -0.625 -0.437 0.41 -0.228 0.793 0.497 -0.927 0.076 -0.252 -0.28 0.611 0.198 0.599 -0.313 -0.777 -0.962 -0.09 0.434 0.239 0.098 -0.292 0.573 -0.56 0.71 -0.173 -0.638 234.9682
-0.446 -0.59 -0.902 0.549 -0.361 0.748 0.534 -0.279 0.016 -0.228 0.345 0.689 -0.065 0.549 -1 -0.301 0.565 0.748 0.643 -0.598 -0.75 -0.956 -0.625 -0.377 0.41 -0.228 0.899 0.427 -0.927 0.076 -0.252 -0.28 0.611 0.198 0.599 -0.313 -0.777 -0.962 -0.09 0.434 0.239 0.098 -0.292 0.573 -0.56 0.71 -0.173 -0.638 221.0979
-0.742 -0.606 -0.902 0.391 -0.361 0.674 0.415 -0.279 0.016 -0.228 0.345 0.689 -0.089 0.531 -1 -0.206 0.405 0.597 0.643 -0.601 -0.575 -0.951 -0.625 -0.437 0.41 -0.228 0.793 0.497 -0.927 0.076 -0.252 -0.28 0.611 0.198 0.599 -0.313 -0.777 -0.962 -0.09 0.434 0.239 0.098 -0.292 0.573 -0.56 0.71 -0.173 -0.638 196.6844
-0.624 -0.763 -0.902 0.391 -0.361 0.735 0.474 -0.279 0.016 -0.228 0.345 0.689 0.104 0.549 -0.805 -0.492 0.488 0.748 0.731 -0.438 -0.695 -1 -0.596 -0.377 0.441 -0.258 0.798 0.427 -0.927 -0.069 -0.294 -0.263 0.611 0.021 0.514 -0.313 -0.777 -1 -0.219 0.434 0.269 0.109 -0.449 0.602 -0.444 0.871 -0.154 -0.638 160.6784
-0.446 -0.59 -0.902 0.549 -0.361 0.748 0.534 -0.279 0.016 -0.228 0.345 0.689 -0.065 0.549 -1 -0.301 0.565 0.748 0.643 -0.598 -0.75 -0.956 -0.625 -0.377 0.41 -0.228 0.899 0.427 -0.927 0.076 -0.252 -0.28 0.611 0.198 0.599 -0.313 -0.777 -0.962 -0.09 0.434 0.239 0.098 -0.292 0.573 -0.56 0.71 -0.173 -0.638 238.9801
-0.624 -0.763 -0.902 0.5 -0.361 0.8 0.474 -0.233 0.16 -0.228 0.286 0.689 -0.065 0.549 -1 -0.301 0.672 0.748 0.644 -0.598 -0.75 -0.99 -0.625 -0.377 0.41 -0.228 0.899 0.427 -0.758 0.086 -0.116 -0.28 0.595 0.198 0.599 -0.313 -0.777 -0.962 -0.09 0.434 0.384 0.098 -0.232 0.573 -0.56 0.71 -0.173 -0.638 86.20488
-0.624 -0.763 -0.902 0.391 -0.361 0.8 0.474 -0.279 0.016 -0.228 0.345 0.689 -0.065 0.549 -1 -0.301 0.565 0.748 0.643 -0.598 -0.75 -0.956 -0.625 -0.377 0.41 -0.228 0.899 0.427 -0.927 0.076 -0.252 -0.28 0.611 0.198 0.599 -0.313 -0.777 -0.962 -0.09 0.434 0.239 0.098 -0.292 0.573 -0.56 0.71 -0.173 -0.638 301
-0.624 -0.763 -0.869 0.391 -0.212 0.8 0.474 -0.314 -0.159 -0.228 0.345 0.689 -0.065 0.549 -0.897 -0.463 0.565 0.748 0.643 -0.601 -0.594 -0.956 -0.625 -0.377 0.41 -0.16 0.899 0.427 -0.927 0.076 -0.081 -0.28 0.611 0.198 0.599 -0.217 -0.777 -0.962 -0.09 0.434 0.239 0.098 -0.292 0.573 -0.674 0.647 -0.17 -0.638 194.2053
-0.44 -0.595 -0.902 0.352 -0.368 0.947 0.588 -0.441 0.016 -0.228 0.519 0.689 0.032 0.549 -1 -0.301 0.65 0.748 0.643 -0.598 -0.75 -0.956 -0.625 -0.377 0.41 -0.228 0.899 0.427 -0.927 0.095 -0.254 -0.28 0.619 0.301 0.576 -0.39 -0.855 -0.983 0.027 0.522 0.314 0.214 -0.366 0.573 -0.56 0.71 -0.173 -0.638 251.1581
-0.624 -0.763 -0.902 0.391 -0.361 0.8 0.474 -0.279 0.016 -0.228 0.345 0.689 -0.065 0.527 -1 -0.21 0.565 0.589 0.643 -0.785 -0.841 -0.956 -0.625 -0.316 0.41 -0.228 0.786 0.427 -0.927 0.076 -0.252 -0.28 0.611 0.198 0.599 -0.313 -0.777 -0.962 -0.09 0.434 0.239 0.098 -0.292 0.573 -0.56 0.71 -0.173 -0.638 194.5294
-0.624 -0.763 -0.902 0.391 -0.361 0.8 0.474 -0.279 0.016 -0.228 0.345 0.689 -0.065 0.549 -1 -0.301 0.565 0.748 0.643 -0.598 -0.75 -0.956 -0.625 -0.377 0.41 -0.228 0.899 0.427 -0.927 0.076 -0.252 -0.28 0.611 0.198 0.599 -0.313 -0.777 -0.962 -0.09 0.434 0.239 0.098 -0.292 0.573 -0.56 0.71 -0.173 -0.638 248.6224
-0.624 -0.763 -0.902 0.391 -0.361 0.8 0.474 -0.279 0.016 -0.228 0.345 0.689 -0.065 0.549 -1 -0.301 0.565 0.748 0.643 -0.598 -0.75 -0.956 -0.625 -0.377 0.41 -0.228 0.899 0.427 -0.927 0.076 -0.252 -0.28 0.611 0.198 0.599 -0.313 -0.777 -0.962 -0.09 0.434 0.239 0.098 -0.292 0.573 -0.56 0.71 -0.173 -0.638 265.4747
-0.446 -0.547 -0.902 0.435 -0.558 0.647 0.534 -0.279 -0.067 -0.228 0.345 0.798 -0.089 0.362 -0.875 -0.362 0.531 0.853 0.643 -0.598 -0.506 -0.951 -0.475 -0.437 0.374 -0.228 0.791 0.497 -0.927 -0.111 -0.078 -0.28 0.611 0.198 0.599 -0.313 -0.777 -0.962 -0.09 0.434 0.239 0.098 -0.446 0.633 -0.56 0.71 -0.156 -0.638 106.2152
-0.446 -0.59 -0.902 0.549 -0.361 0.748 0.534 -0.279 0.016 -0.228 0.345 0.689 -0.065 0.549 -1 -0.301 0.565 0.748 0.643 -0.598 -0.75 -0.956 -0.625 -0.377 0.41 -0.228 0.899 0.427 -0.927 0.076 -0.252 -0.28 0.611 0.198 0.599 -0.313 -0.777 -0.962 -0.09 0.434 0.239 0.098 -0.292 0.573 -0.56 0.71 -0.173 -0.638 301
-0.624 -0.763 -0.902 0.391 -0.361 0.8 0.474 -0.279 0.016 -0.228 0.345 0.689 -0.065 0.549 -1 -0.301 0.565 0.748 0.643 -0.598 -0.75 -0.956 -0.625 -0.377 0.41 -0.228 0.899 0.427 -0.927 0.076 -0.252 -0.28 0.611 0.198 0.599 -0.313 -0.777 -0.962 -0.09 0.434 0.239 0.098 -0.292 0.573 -0.56 0.71 -0.173 -0.638 264.7888
-0.583 -0.672 -1 0.391 -0.54 0.8 0.474 -0.468 -0.155 -0.228 0.345 0.689 -0.036 0.649 -1 -0.301 0.565 0.748 0.643 -0.767 -0.75 -1 -0.641 -0.377 0.41 -0.228 0.899 0.558 -0.952 0.076 -0.252 -0.28 0.612 0.198 0.599 -0.313 -0.777 -0.962 -0.09 0.434 0.239 0.201 -0.162 0.573 -0.56 0.614 -0.173 -0.638 4
-0.413 -0.509 -0.902 0.724 -0.361 0.748 0.529 -0.424 -0.116 -0.199 0.316 0.81 -0.065 0.483 -1 -0.301 0.565 0.628 0.643 -0.598 -0.75 -0.899 -0.682 -0.377 0.41 -0.228 0.899 0.427 -0.743 0.076 -0.252 -0.269 0.611 0.198 0.687 -0.467 -0.777 -0.962 -0.264 0.434 0.239 0.098 -0.319 0.504 -0.56 0.71 -0.107 -0.821 147.3066
-0.624 -0.763 -0.902 0.391 -0.361 0.8 0.474 -0.279 0.016 -0.228 0.345 0.689 0.028 0.549 -1 -0.301 0.623 0.748 0.643 -0.598 -0.84 -0.854 -0.625 -0.377 0.298 -0.228 0.899 0.427 -0.927 0.076 -0.252 -0.28 0.611 0.198 0.599 -0.313 -0.777 -0.962 -0.09 0.434 0.239 0.098 -0.292 0.573 -0.56 0.71 -0.173 -0.638 154.9053
-0.446 -0.59 -0.902 0.549 -0.361 0.88 0.372 -0.279 0.016 -0.228 0.345 0.689 -0.065 0.549 -1 -0.164 0.761 0.748 0.643 -0.598 -0.75 -0.956 -0.625 -0.323 0.41 -0.228 0.808 0.427 -0.905 0.076 -0.252 -0.28 0.706 0.3 0.599 -0.313 -0.777 -0.962 -0.09 0.434 0.114 0.098 -0.292 0.573 -0.56 0.901 -0.173 -0.638 88.82216
-0.624 -0.763 -0.902 0.391 -0.361 0.8 0.474 -0.279 0.016 -0.228 0.345 0.689 -0.065 0.549 -1 -0.301 0.565 0.748 0.643 -0.598 -0.75 -0.956 -0.625 -0.377 0.41 -0.228 0.899 0.427 -0.927 0.076 -0.252 -0.28 0.611 0.198 0.599 -0.313 -0.777 -0.962 -0.09 0.434 0.239 0.098 -0.292 0.573 -0.56 0.71 -0.173 -0.638 254.6382
-0.624 -0.763 -0.902 0.391 -0.361 0.8 0.474 -0.279 0.016 -0.228 0.345 0.689 -0.065 0.549 -1 -0.301 0.565 0.748 0.643 -0.598 -0.75 -0.956 -0.625 -0.377 0.41 -0.228 0.899 0.427 -0.927 0.076 -0.252 -0.28 0.611 0.198 0.599 -0.313 -0.777 -0.962 -0.09 0.434 0.239 0.098 -0.292 0.573 -0.56 0.71 -0.173 -0.638 229.4123
-0.624 -0.763 -0.902 0.391 -0.361 0.8 0.474 -0.279 0.016 -0.228 0.345 0.689 -0.065 0.549 -1 -0.301 0.565 0.748 0.643 -0.598 -0.75 -0.956 -0.625 -0.377 0.41 -0.228 0.899 0.427 -0.927 0.076 -0.252 -0.28 0.611 0.198 0.599 -0.313 -0.777 -0.962 -0.09 0.434 0.239 0.098 -0.292 0.573 -0.56 0.71 -0.173 -0.638 231.196
-0.446 -0.59 -0.902 0.549 -0.361 0.841 0.476 -0.279 -0.055 -0.334 0.345 0.689 -0.243 0.549 -0.977 -0.296 0.565 0.748 0.643 -0.598 -0.717 -0.956 -0.625 -0.377 0.307 -0.228 0.736 0.431 -0.949 0.076 -0.195 -0.28 0.593 0.015 0.452 -0.313 -0.578 -0.962 -0.278 0.367 0.126 0.098 -0.292 0.573 -0.56 0.71 -0.173 -0.791 12
-0.624 -0.763 -0.902 0.391 -0.361 0.8 0.474 -0.279 0.016 -0.228 0.345 0.689 -0.065 0.549 -1 -0.301 0.565 0.748 0.643 -0.598 -0.75 -0.956 -0.625 -0.377 0.41 -0.228 0.899 0.427 -0.927 0.076 -0.252 -0.28 0.611 0.198 0.599 -0.313 -0.777 -0.962 -0.09 0.434 0.239 0.098 -0.292 0.573 -0.56 0.71 -0.173 -0.638 301
-0.446 -0.466 -0.969 0.445 -0.361 0.637 0.534 -0.279 0.016 -0.228 0.345 0.689 -0.065 0.549 -1 -0.325 0.565 0.748 0.593 -0.441 -0.75 -0.95 -0.625 -0.377 0.41 -0.228 0.899 0.427 -0.927 0.264 -0.252 -0.28 0.472 0.266 0.599 -0.313 -0.777 -0.962 -0.09 0.434 0.239 0.098 -0.292 0.573 -0.56 0.71 -0.173 -0.638 120.7737
-0.624 -0.763 -0.902 0.391 -0.361 0.8 0.474 -0.279 0.016 -0.228 0.345 0.689 -0.065 0.549 -1 -0.301 0.565 0.748 0.643 -0.598 -0.75 -0.956 -0.625 -0.377 0.41 -0.228 0.899 0.427 -0.927 0.076 -0.252 -0.28 0.611 0.198 0.599 -0.313 -0.777 -0.962 -0.09 0.434 0.239 0.098 -0.292 0.573 -0.56 0.71 -0.173 -0.638 301
-0.446 -0.547 -0.902 0.435 -0.558 0.647 0.534 -0.279 -0.067 -0.228 0.345 0.798 -0.089 0.362 -0.875 -0.362 0.531 0.853 0.643 -0.598 -0.506 -0.951 -0.475 -0.437 0.374 -0.228 0.791 0.497 -0.927 -0.111 -0.078 -0.28 0.611 0.198 0.599 -0.313 -0.777 -0.962 -0.09 0.434 0.239 0.098 -0.446 0.633 -0.56 0.71 -0.156 -0.638 254.2478
-0.624 -0.763 -0.902 0.391 -0.361 0.8 0.474 -0.279 0.016 -0.228 0.345 0.689 -0.065 0.549 -1 -0.301 0.565 0.748 0.643 -0.598 -0.75 -0.956 -0.625 -0.377 0.41 -0.228 0.899 0.427 -0.927 0.076 -0.252 -0.28 0.611 0.198 0.599 -0.313 -0.777 -0.962 -0.09 0.434 0.239 0.098 -0.292 0.573 -0.56 0.71 -0.173 -0.638 301
-0.624 -0.763 -0.902 0.391 -0.361 0.8 0.474 -0.279 0.016 -0.228 0.345 0.689 -0.065 0.549 -1 -0.301 0.565 0.748 0.643 -0.598 -0.75 -0.956 -0.625 -0.377 0.41 -0.228 0.899 0.427 -0.927 0.076 -0.252 -0.28 0.611 0.198 0.599 -0.313 -0.777 -0.962 -0.09 0.434 0.239 0.098 -0.292 0.573 -0.56 0.71 -0.173 -0.638 254.2263
-0.742 -0.754 -0.772 0.213 -0.361 0.674 0.421 -0.279 0.016 -0.228 0.345 0.689 -0.065 0.549 -1 -0.301 0.565 0.748 0.643 -0.598 -0.75 -0.956 -0.625 -0.377 0.41 -0.228 0.899 0.427 -0.927 0.076 -0.252 -0.28 0.611 0.198 0.599 -0.313 -0.777 -0.962 -0.09 0.434 0.239 0.098 -0.292 0.573 -0.56 0.71 -0.173 -0.638 220.6508
-0.446 -0.59 -0.902 0.549 -0.361 0.748 0.534 -0.279 0.016 -0.228 0.345 0.689 -0.065 0.549 -1 -0.301 0.565 0.748 0.643 -0.598 -0.75 -0.956 -0.625 -0.377 0.41 -0.228 0.899 0.427 -0.927 0.076 -0.252 -0.28 0.611 0.198 0.599 -0.313 -0.777 -0.962 -0.09 0.434 0.239 0.098 -0.292 0.573 -0.56 0.71 -0.173 -0.638 235.3975
-0.624 -0.763 -0.902 0.391 -0.361 0.8 0.474 -0.279 0.016 -0.228 0.345 0.689 -0.065 0.549 -1 -0.301 0.565 0.748 0.643 -0.598 -0.75 -0.956 -0.625 -0.377 0.41 -0.228 0.899 0.427 -0.927 0.076 -0.252 -0.28 0.611 0.198 0.599 -0.313 -0.777 -0.962 -0.09 0.434 0.239 0.098 -0.292 0.573 -0.56 0.71 -0.173 -0.638 301
-0.624 -0.763 -0.902 0.391 -0.361 0.8 0.474 -0.279 0.016 -0.228 0.345 0.689 -0.065 0.549 -1 -0.301 0.565 0.748 0.643 -0.598 -0.75 -0.956 -0.625 -0.377 0.41 -0.228 0.899 0.427 -0.927 0.076 -0.252 -0.28 0.611 0.198 0.599 -0.313 -0.777 -0.962 -0.09 0.434 0.239 0.098 -0.292 0.573 -0.56 0.71 -0.173 -0.638 258.6633
-0.742 -0.606 -0.902 0.391 -0.361 0.674 0.415 -0.279 0.016 -0.228 0.345 0.689 -0.089 0.549 -0.955 -0.242 0.565 0.597 0.643 -0.598 -0.66 -0.951 -0.625 -0.437 0.41 -0.228 0.793 0.497 -0.927 0.076 -0.252 -0.28 0.611 0.198 0.599 -0.313 -0.777 -0.962 -0.09 0.434 0.239 0.098 -0.292 0.573 -0.56 0.71 -0.173 -0.638 195.1157
-0.624 -0.763 -0.902 0.391 -0.361 0.8 0.474 -0.279 0.016 -0.228 0.345 0.689 -0.065 0.549 -1 -0.301 0.565 0.748 0.643 -0.598 -0.75 -0.956 -0.625 -0.377 0.41 -0.228 0.899 0.427 -0.927 0.076 -0.252 -0.28 0.611 0.198 0.599 -0.313 -0.777 -0.962 -0.09 0.434 0.239 0.098 -0.292 0.573 -0.56 0.71 -0.173 -0.638 226.675
-0.624 -0.763 -0.902 0.391 -0.361 0.8 0.474 -0.279 0.016 -0.228 0.345 0.689 -0.065 0.549 -1 -0.301 0.565 0.748 0.643 -0.598 -0.75 -0.956 -0.625 -0.377 0.41 -0.228 0.899 0.427 -0.927 0.076 -0.252 -0.28 0.611 0.198 0.599 -0.313 -0.777 -0.962 -0.09 0.434 0.239 0.098 -0.292 0.573 -0.56 0.71 -0.173 -0.638 239.7711
-0.583 -0.847 -0.831 0.391 -0.34 0.911 0.474 -0.468 -0.047 -0.228 0.345 0.689 -0.065 0.549 -1 -0.301 0.565 0.748 0.643 -0.598 -0.75 -0.956 -0.625 -0.377 0.41 -0.228 0.899 0.427 -0.927 0.076 -0.252 -0.28 0.611 0.198 0.599 -0.313 -0.777 -0.962 -0.09 0.434 0.239 0.098 -0.292 0.573 -0.56 0.71 -0.173 -0.638 172.5674
-0.624 -0.763 -0.902 0.391 -0.361 0.8 0.474 -0.279 0.016 -0.228 0.345 0.689 0.104 0.549 -1 -0.492 0.488 0.748 0.643 -0.438 -0.695 -0.986 -0.596 -0.377 0.441 -0.258 0.92 0.427 -0.927 -0.069 -0.252 -0.263 0.611 0.198 0.514 -0.313 -0.777 -1 -0.09 0.434 0.239 -0.084 -0.449 0.602 -0.56 0.71 -0.045 -0.638 201.2945
-0.624 -0.763 -0.902 0.391 -0.361 0.8 0.474 -0.279 0.016 -0.228 0.345 0.689 -0.065 0.549 -1 -0.301 0.565 0.748 0.643 -0.598 -0.75 -0.956 -0.625 -0.377 0.41 -0.228 0.899 0.427 -0.927 0.076 -0.252 -0.28 0.611 0.198 0.599 -0.313 -0.777 -0.962 -0.09 0.434 0.239 0.098 -0.292 0.573 -0.56 0.71 -0.173 -0.638 301
-0.624 -0.763 -0.902 0.391 -0.361 0.8 0.474 -0.279 0.016 -0.228 0.345 0.689 -0.065 0.549 -1 -0.301 0.565 0.748 0.643 -0.598 -0.75 -0.956 -0.625 -0.377 0.41 -0.228 0.899 0.427 -0.927 0.076 -0.252 -0.28 0.611 0.198 0.599 -0.313 -0.777 -0.962 -0.09 0.434 0.239 0.098 -0.292 0.573 -0.56 0.71 -0.173 -0.638 257.171
-0.742 -0.754 -0.772 0.213 -0.361 0.674 0.421 -0.279 0.016 -0.228 0.345 0.689 -0.089 0.531 -1 -0.206 0.405 0.597 0.643 -0.601 -0.575 -0.951 -0.625 -0.437 0.41 -0.228 0.793 0.497 -0.927 0.076 -0.252 -0.28 0.611 0.198 0.599 -0.313 -0.777 -0.962 -0.09 0.434 0.239 0.098 -0.292 0.573 -0.56 0.71 -0.173 -0.638 264.4955
-0.624 -0.763 -0.902 0.391 -0.361 0.8 0.474 -0.279 0.016 -0.228 0.345 0.689 -0.065 0.549 -1 -0.301 0.565 0.748 0.643 -0.598 -0.75 -0.956 -0.625 -0.377 0.41 -0.228 0.899 0.427 -0.927 0.076 -0.252 -0.28 0.611 0.198 0.599 -0.313 -0.777 -0.962 -0.09 0.434 0.239 0.098 -0.292 0.573 -0.56 0.71 -0.173 -0.638 184.1423
-0.446 -0.59 -0.902 0.549 -0.361 0.748 0.534 -0.279 0.016 -0.228 0.345 0.689 -0.089 0.549 -0.955 -0.242 0.565 0.597 0.643 -0.598 -0.66 -0.951 -0.625 -0.437 0.41 -0.228 0.793 0.497 -0.927 0.076 -0.252 -0.28 0.611 0.198 0.599 -0.313 -0.777 -0.962 -0.09 0.434 0.239 0.098 -0.292 0.573 -0.56 0.71 -0.173 -0.638 179.6834
-0.742 -0.606 -0.902 0.391 -0.361 0.674 0.415 -0.279 0.016 -0.228 0.345 0.689 -0.065 0.549 -1 -0.301 0.565 0.748 0.643 -0.598 -0.75 -0.956 -0.625 -0.377 0.41 -0.228 0.899 0.427 -0.927 0.076 -0.252 -0.28 0.611 0.198 0.599 -0.313 -0.777 -0.962 -0.09 0.434 0.239 0.098 -0.292 0.573 -0.56 0.71 -0.173 -0.638 263.6028
-0.624 -0.763 -0.902 0.391 -0.361 0.8 0.474 -0.279 0.016 -0.228 0.345 0.689 -0.065 0.549 -1 -0.301 0.565 0.748 0.643 -0.598 -0.75 -0.956 -0.625 -0.377 0.41 -0.228 0.899 0.427 -0.927 0.076 -0.252 -0.28 0.611 0.198 0.599 -0.313 -0.777 -0.962 -0.09 0.434 0.239 0.098 -0.292 0.573 -0.56 0.71 -0.173 -0.638 301
-0.742 -0.606 -0.879 0.228 -0.361 0.674 0.415 -0.462 0.016 -0.163 0.345 0.689 -0.089 0.549 -0.955 -0.242 0.565 0.597 0.643 -0.598 -0.501 -0.872 -0.625 -0.298 0.394 -0.228 0.793 0.497 -0.927 0.218 -0.252 -0.28 0.611 0.008 0.599 -0.197 -0.696 -1 -0.251 0.634 0.239 0.098 -0.292 0.573 -0.56 0.794 -0.14 -0.638 33.42496
-0.742 -0.606 -0.902 0.391 -0.361 0.674 0.415 -0.279 0.016 -0.228 0.345 0.689 -0.089 0.531 -1 -0.206 0.405 0.597 0.643 -0.601 -0.575 -0.951 -0.625 -0.437 0.41 -0.228 0.793 0.497 -0.927 0.076 -0.252 -0.28 0.611 0.198 0.599 -0.313 -0.777 -0.962 -0.09 0.434 0.239 0.098 -0.292 0.573 -0.56 0.71 -0.173 -0.638 187.2117
-0.446 -0.59 -0.902 0.549 -0.361 0.748 0.534 -0.279 0.016 -0.228 0.345 0.689 -0.089 0.549 -0.955 -0.242 0.565 0.597 0.643 -0.598 -0.66 -0.951 -0.625 -0.437 0.41 -0.228 0.793 0.497 -0.927 0.076 -0.252 -0.28 0.611 0.198 0.599 -0.313 -0.777 -0.962 -0.09 0.434 0.239 0.098 -0.292 0.573 -0.56 0.71 -0.173 -0.638 168.3491
-0.742 -0.606 -0.902 0.391 -0.361 0.674 0.415 -0.279 0.016 -0.228 0.345 0.689 -0.089 0.549 -0.955 -0.242 0.565 0.597 0.643 -0.598 -0.66 -0.951 -0.625 -0.437 0.41 -0.228 0.793 0.497 -0.927 0.076 -0.252 -0.28 0.611 0.198 0.599 -0.313 -0.777 -0.962 -0.09 0.434 0.239 0.098 -0.292 0.573 -0.56 0.71 -0.173 -0.638 301
-0.624 -0.763 -0.902 0.391 -0.361 0.8 0.474 -0.279 0.016 -0.228 0.345 0.689 -0.065 0.549 -1 -0.301 0.565 0.748 0.643 -0.598 -0.75 -0.956 -0.625 -0.377 0.41 -0.228 0.899 0.427 -0.927 0.076 -0.252 -0.28 0.611 0.198 0.599 -0.313 -0.777 -0.962 -0.09 0.434 0.239 0.098 -0.292 0.573 -0.56 0.71 -0.173 -0.638 211.9887
-0.446 -0.59 -0.902 0.549 -0.361 0.748 0.534 -0.279 0.016 -0.228 0.345 0.689 -0.065 0.549 -1 -0.301 0.565 0.748 0.643 -0.598 -0.75 -0.956 -0.625 -0.377 0.41 -0.228 0.899 0.427 -0.927 0.076 -0.252 -0.28 0.611 0.198 0.599 -0.313 -0.777 -0.962 -0.09 0.434 0.239 0.098 -0.292 0.573 -0.56 0.71 -0.173 -0.638 301
-0.624 -0.763 -0.902 0.391 -0.361 0.8 0.474 -0.279 0.016 -0.228 0.345 0.689 -0.065 0.549 -1 -0.301 0.565 0.748 0.643 -0.598 -0.75 -0.956 -0.625 -0.377 0.41 -0.228 0.899 0.427 -0.927 0.076 -0.252 -0.28 0.611 0.198 0.599 -0.313 -0.777 -0.962 -0.09 0.434 0.239 0.098 -0.292 0.573 -0.56 0.71 -0.173 -0.638 239.5218
-0.624 -0.763 -0.902 0.391 -0.361 0.8 0.474 -0.279 0.016 -0.228 0.345 0.689 -0.065 0.549 -1 -0.301 0.565 0.748 0.643 -0.598 -0.75 -0.956 -0.625 -0.377 0.41 -0.228 0.899 0.427 -0.927 0.076 -0.252 -0.28 0.611 0.198 0.599 -0.313 -0.777 -0.962 -0.09 0.434 0.239 0.098 -0.292 0.573 -0.56 0.71 -0.173 -0.638 261.9268
-0.446 -0.631 -0.902 0.546 -0.368 0.748 0.587 -0.384 0.016 -0.228 0.519 0.689 -0.065 0.527 -1 -0.21 0.565 0.589 0.643 -0.785 -0.841 -0.956 -0.625 -0.316 0.41 -0.228 0.786 0.427 -0.927 0.076 -0.254 -0.28 0.611 0.301 0.599 -0.313 -0.777 -0.962 -0.09 0.617 0.239 0.214 -0.366 0.573 -0.56 0.71 -0.173 -0.638 276.3125
-0.446 -0.631 -0.902 0.546 -0.368 0.748 0.587 -0.384 0.016 -0.228 0.519 0.689 -0.065 0.527 -1 -0.21 0.565 0.589 0.643 -0.785 -0.841 -0.956 -0.625 -0.316 0.41 -0.228 0.786 0.427 -0.927 0.076 -0.254 -0.28 0.611 0.301 0.599 -0.313 -0.777 -0.962 -0.09 0.617 0.239 0.214 -0.366 0.573 -0.56 0.71 -0.173 -0.638 245.6702
-0.624 -0.763 -0.902 0.391 -0.361 0.8 0.474 -0.279 0.016 -0.228 0.345 0.689 -0.065 0.549 -1 -0.301 0.565 0.748 0.643 -0.598 -0.75 -0.956 -0.625 -0.377 0.41 -0.228 0.899 0.427 -0.927 0.076 -0.252 -0.28 0.611 0.198 0.599 -0.313 -0.777 -0.962 -0.09 0.434 0.239 0.098 -0.292 0.573 -0.56 0.71 -0.173 -0.638 301
-0.624 -0.763 -0.902 0.391 -0.361 0.8 0.474 -0.279 0.016 -0.228 0.345 0.689 -0.065 0.549 -1 -0.301 0.565 0.748 0.643 -0.598 -0.75 -0.956 -0.625 -0.377 0.41 -0.228 0.899 0.427 -0.927 -0.069 -0.252 -0.263 0.611 0.198 0.514 -0.313 -0.777 -1 -0.09 0.434 0.239 -0.084 -0.449 0.602 -0.56 0.71 -0.045 -0.638 116.9151
-0.583 -0.847 -0.831 0.391 -0.34 0.911 0.474 -0.468 -0.047 -0.228 0.345 0.689 0.104 0.549 -1 -0.492 0.488 0.748 0.643 -0.438 -0.695 -0.986 -0.596 -0.377 0.441 -0.258 0.92 0.427 -0.927 0.076 -0.252 -0.28 0.611 0.198 0.599 -0.313 -0.777 -0.962 -0.09 0.434 0.239 0.098 -0.292 0.573 -0.56 0.71 -0.173 -0.638 176.9943
-0.446 -0.547 -0.902 0.435 -0.558 0.647 0.534 -0.279 -0.067 -0.228 0.345 0.798 -0.065 0.549 -1 -0.301 0.565 0.748 0.643 -0.598 -0.75 -0.956 -0.625 -0.377 0.41 -0.228 0.899 0.427 -0.927 -0.111 -0.078 -0.28 0.611 0.198 0.599 -0.313 -0.777 -0.962 -0.09 0.434 0.239 0.098 -0.446 0.633 -0.56 0.71 -0.156 -0.638 100.6537
-0.446 -0.59 -0.902 0.549 -0.361 0.748 0.534 -0.279 0.016 -0.228 0.345 0.689 -0.089 0.362 -0.875 -0.362 0.531 0.853 0.643 -0.598 -0.506 -0.951 -0.475 -0.437 0.374 -0.228 0.791 0.497 -0.927 0.076 -0.252 -0.28 0.611 0.198 0.599 -0.313 -0.777 -0.962 -0.09 0.434 0.239 0.098 -0.292 0.573 -0.56 0.71 -0.173 -0.638 200.3722
-0.446 -0.547 -0.902 0.435 -0.558 0.647 0.534 -0.279 -0.067 -0.228 0.345 0.798 -0.065 0.549 -1 -0.301 0.565 0.748 0.643 -0.598 -0.75 -0.956 -0.625 -0.377 0.41 -0.228 0.899 0.427 -0.927 -0.111 -0.078 -0.28 0.611 0.198 0.599 -0.313 -0.777 -0.962 -0.09 0.434 0.239 0.098 -0.446 0.633 -0.56 0.71 -0.156 -0.638 90.24921
-0.624 -0.763 -0.902 0.391 -0.361 0.8 0.474 -0.279 0.016 -0.228 0.345 0.689 -0.089 0.362 -0.875 -0.362 0.531 0.853 0.643 -0.598 -0.506 -0.951 -0.475 -0.437 0.374 -0.228 0.791 0.497 -0.927 0.076 -0.252 -0.28 0.611 0.198 0.599 -0.313 -0.777 -0.962 -0.09 0.434 0.239 0.098 -0.292 0.573 -0.56 0.71 -0.173 -0.638 189.5332
-0.624 -0.763 -0.902 0.391 -0.361 0.8 0.474 -0.279 0.016 -0.228 0.345 0.689 -0.065 0.549 -1 -0.301 0.565 0.748 0.643 -0.598 -0.75 -0.956 -0.625 -0.377 0.41 -0.228 0.899 0.427 -0.927 0.076 -0.252 -0.28 0.611 0.198 0.599 -0.313 -0.777 -0.962 -0.09 0.434 0.239 0.098 -0.292 0.573 -0.56 0.71 -0.173 -0.638 258.1288
-0.624 -0.763 -0.902 0.391 -0.361 0.8 0.474 -0.279 0.016 -0.228 0.345 0.689 -0.065 0.549 -1 -0.301 0.565 0.748 0.643 -0.598 -0.75 -0.956 -0.625 -0.377 0.41 -0.228 0.899 0.427 -0.927 0.076 -0.252 -0.28 0.611 0.198 0.599 -0.313 -0.777 -0.962 -0.09 0.434 0.239 0.098 -0.292 0.573 -0.56 0.71 -0.173 -0.638 301
-0.624 -0.763 -0.902 0.391 -0.361 0.8 0.474 -0.279 0.016 -0.228 0.345 0.689 0.104 0.549 -1 -0.492 0.488 0.748 0.643 -0.438 -0.695 -0.986 -0.596 -0.377 0.441 -0.258 0.92 0.427 -0.927 0.076 -0.252 -0.28 0.611 0.198 0.599 -0.313 -0.777 -0.962 -0.09 0.434 0.239 0.098 -0.292 0.573 -0.56 0.71 -0.173 -0.638 181.1251
-0.624 -0.763 -0.902 0.391 -0.361 0.8 0.474 -0.279 0.016 -0.228 0.345 0.689 -0.065 0.549 -1 -0.301 0.565 0.748 0.643 -0.598 -0.75 -0.956 -0.625 -0.377 0.41 -0.228 0.899 0.427 -0.927 0.076 -0.252 -0.28 0.611 0.198 0.599 -0.313 -0.777 -0.962 -0.09 0.434 0.239 0.098 -0.292 0.573 -0.56 0.71 -0.173 -0.638 301
-0.446 -0.59 -0.902 0.435 -0.361 0.65 0.534 -0.356 0.016 -0.358 0.345 0.689 -0.089 0.531 -1 -0.206 0.405 0.597 0.643 -0.601 -0.575 -0.951 -0.625 -0.437 0.41 -0.228 0.793 0.497 -0.927 0.076 -0.252 -0.28 0.611 0.198 0.599 -0.313 -0.777 -0.962 -0.09 0.434 0.239 0.098 -0.292 0.573 -0.56 0.71 -0.173 -0.638 261.8609
-0.742 -0.754 -0.772 0.213 -0.361 0.674 0.421 -0.279 0.016 -0.228 0.345 0.689 -0.065 0.549 -1 -0.301 0.565 0.748 0.643 -0.598 -0.75 -0.956 -0.625 -0.377 0.41 -0.228 0.899 0.427 -0.927 0.076 -0.252 -0.28 0.611 0.198 0.599 -0.313 -0.777 -0.962 -0.09 0.434 0.239 0.098 -0.292 0.573 -0.56 0.71 -0.173 -0.638 207.2485
-0.624 -0.763 -0.902 0.391 -0.361 0.8 0.474 -0.279 0.016 -0.228 0.345 0.689 -0.065 0.549 -1 -0.301 0.565 0.748 0.643 -0.598 -0.75 -0.956 -0.625 -0.377 0.41 -0.228 0.899 0.427 -0.927 0.076 -0.252 -0.28 0.611 0.198 0.599 -0.313 -0.777 -0.962 -0.09 0.434 0.239 0.098 -0.292 0.573 -0.56 0.71 -0.173 -0.638 301
-0.624 -0.763 -0.902 0.458 -0.361 0.603 0.474 -0.279 0.016 -0.228 0.345 0.826 -0.065 0.475 -1 -0.167 0.565 0.748 0.78 -0.598 -0.906 -0.956 -0.625 -0.377 0.458 -0.228 0.899 0.272 -0.927 0.223 -0.252 -0.373 0.611 0.198 0.599 -0.313 -0.777 -0.962 -0.09 0.434 0.297 0.098 -0.292 0.573 -0.56 0.71 -0.173 -0.638 177.0492
-0.446 -0.59 -0.902 0.435 -0.361 0.65 0.534 -0.356 0.016 -0.358 0.345 0.689 -0.089 0.531 -1 -0.206 0.405 0.597 0.643 -0.601 -0.575 -0.951 -0.625 -0.437 0.41 -0.228 0.793 0.497 -0.927 0.076 -0.252 -0.28 0.611 0.198 0.599 -0.313 -0.777 -0.962 -0.09 0.434 0.239 0.098 -0.292 0.573 -0.56 0.71 -0.173 -0.638 301
-0.624 -0.763 -0.902 0.391 -0.361 0.8 0.474 -0.279 0.016 -0.228 0.345 0.689 -0.065 0.549 -1 -0.301 0.565 0.748 0.643 -0.598 -0.75 -0.956 -0.625 -0.377 0.41 -0.228 0.899 0.427 -0.927 0.076 -0.252 -0.28 0.611 0.198 0.599 -0.313 -0.777 -0.962 -0.09 0.434 0.239 0.098 -0.292 0.573 -0.56 0.71 -0.173 -0.638 267.0156
-0.742 -0.606 -0.902 0.391 -0.361 0.674 0.415 -0.279 0.016 -0.228 0.345 0.689 -0.065 0.549 -1 -0.301 0.565 0.748 0.643 -0.598 -0.75 -0.956 -0.625 -0.377 0.41 -0.228 0.899 0.427 -0.927 0.076 -0.252 -0.28 0.611 0.198 0.599 -0.313 -0.777 -0.962 -0.09 0.434 0.239 0.098 -0.292 0.573 -0.56 0.71 -0.173 -0.638 228.1462
-0.624 -0.763 -0.902 0.391 -0.361 0.8 0.474 -0.279 0.016 -0.228 0.345 0.689 -0.089 0.549 -0.955 -0.242 0.565 0.597 0.643 -0.598 -0.66 -0.951 -0.625 -0.437 0.41 -0.228 0.793 0.497 -0.927 0.076 -0.252 -0.28 0.611 0.198 0.599 -0.313 -0.777 -0.962 -0.09 0.434 0.239 0.098 -0.292 0.573 -0.56 0.71 -0.173 -0.638 206.6143
-0.742 -0.606 -0.902 0.391 -0.361 0.674 0.415 -0.279 0.016 -0.228 0.345 0.689 -0.089 0.549 -0.955 -0.242 0.565 0.597 0.643 -0.598 -0.66 -0.951 -0.625 -0.437 0.41 -0.228 0.793 0.497 -0.927 0.076 -0.252 -0.28 0.611 0.198 0.599 -0.313 -0.777 -0.962 -0.09 0.434 0.239 0.098 -0.292 0.573 -0.56 0.71 -0.173 -0.638 301
-0.742 -0.606 -0.902 0.391 -0.361 0.674 0.415 -0.279 0.016 -0.228 0.345 0.689 -0.065 0.549 -1 -0.301 0.565 0.748 0.643 -0.598 -0.75 -0.956 -0.625 -0.377 0.41 -0.228 0.899 0.427 -0.927 0.076 -0.252 -0.28 0.611 0.198 0.599 -0.313 -0.777 -0.962 -0.09 0.434 0.239 0.098 -0.292 0.573 -0.56 0.71 -0.173 -0.605 244.2102
-0.446 -0.59 -0.902 0.549 -0.361 0.748 0.534 -0.279 0.016 -0.228 0.345 0.689 -0.065 0.549 -1 -0.301 0.565 0.748 0.643 -0.598 -0.75 -0.956 -0.625 -0.377 0.41 -0.228 0.899 0.427 -0.927 0.076 -0.252 -0.28 0.611 0.198 0.599 -0.313 -0.777 -0.962 -0.09 0.434 0.239 0.098 -0.292 0.573 -0.56 0.71 -0.173 -0.638 208.9519
-0.624 -0.763 -1 0.391 -0.361 0.8 0.474 -0.279 0.016 -0.228 0.345 0.689 -0.065 0.698 -1 -0.301 0.665 0.748 0.643 -0.597 -0.75 -0.956 -0.691 -0.377 0.41 -0.228 0.899 0.427 -0.927 0.204 -0.252 -0.367 0.611 0.198 0.599 -0.313 -0.777 -0.962 -0.09 0.585 0.239 0.098 -0.358 0.573 -0.688 0.814 -0.173 -0.638 186.021
-0.733 -0.763 -0.902 0.391 -0.311 0.8 0.297 -0.279 0.016 -0.319 0.406 0.689 -0.065 0.549 -1 -0.301 0.384 0.748 0.643 -0.511 -0.701 -0.878 -0.625 -0.377 0.41 -0.036 0.899 0.427 -0.822 0.076 -0.252 -0.28 0.444 0.198 0.599 -0.47 -0.777 -0.962 -0.09 0.539 0.239 0.173 -0.195 0.401 -0.56 0.71 -0.173 -0.638 138.8399
-0.666 -0.408 -1 0.458 -0.361 0.621 0.325 -0.264 0.016 -0.411 0.307 0.689 -0.089 0.549 -0.955 -0.2 0.565 0.597 0.643 -0.598 -0.511 -0.951 -0.625 -0.437 0.41 -0.228 0.793 0.497 -0.927 0.076 -0.252 -0.088 0.611 0.198 0.609 -0.21 -0.788 -0.962 -0.09 0.434 0.239 0.098 -0.172 0.448 -0.56 0.71 -0.173 -0.638 96.91968
-0.624 -0.763 -1 0.391 -0.361 0.8 0.565 -0.279 0.016 -0.228 0.345 0.689 -0.065 0.549 -1 -0.301 0.565 0.748 0.643 -0.598 -0.75 -0.956 -0.625 -0.377 0.41 -0.228 0.899 0.427 -0.927 0.076 -0.252 -0.28 0.611 0.198 0.599 -0.313 -0.777 -0.962 -0.09 0.434 0.239 0.098 -0.292 0.573 -0.56 0.71 -0.173 -0.638 226.0502
-0.624 -0.763 -0.902 0.391 -0.361 0.8 0.474 -0.279 0.016 -0.228 0.345 0.689 -0.065 0.549 -1 -0.301 0.565 0.748 0.643 -0.598 -0.75 -0.956 -0.625 -0.377 0.41 -0.228 0.899 0.427 -0.927 0.076 -0.252 -0.28 0.611 0.198 0.599 -0.313 -0.777 -0.962 -0.09 0.434 0.239 0.098 -0.292 0.573 -0.56 0.71 -0.173 -0.638 260.5174
-0.446 -0.656 -0.707 0.435 -0.361 0.65 0.534 -0.475 0.016 -0.358 0.345 0.689 -0.089 0.709 -1 -0.206 0.405 0.46 0.643 -0.737 -0.575 -0.951 -0.625 -0.437 0.29 -0.366 0.793 0.366 -0.755 0.076 -0.252 -0.427 0.611 0.198 0.599 -0.313 -0.777 -0.962 0.054 0.434 0.049 0.178 -0.292 0.573 -0.687 0.863 -0.173 -0.74 172.14
-0.446 -0.59 -0.902 0.549 -0.361 0.748 0.534 -0.279 0.016 -0.228 0.345 0.689 -0.065 0.549 -1 -0.301 0.565 0.748 0.643 -0.598 -0.75 -0.956 -0.625 -0.377 0.41 -0.228 0.899 0.427 -0.927 0.076 -0.252 -0.28 0.611 0.198 0.599 -0.313 -0.777 -0.962 -0.09 0.434 0.239 0.098 -0.292 0.573 -0.56 0.71 -0.173 -0.638 196.1965
-0.446 -0.547 -0.902 0.435 -0.558 0.647 0.534 -0.279 -0.067 -0.228 0.345 0.798 -0.089 0.549 -0.955 -0.242 0.565 0.597 0.643 -0.598 -0.66 -0.951 -0.625 -0.437 0.41 -0.228 0.793 0.497 -0.927 0.076 -0.252 -0.28 0.611 0.198 0.599 -0.313 -0.777 -0.962 -0.09 0.434 0.239 0.098 -0.292 0.573 -0.56 0.71 -0.173 -0.638 123.0724
-0.842 -0.606 -0.902 0.391 -0.36 0.717 0.415 -0.359 0.016 -0.228 0.345 0.673 -0.089 0.362 -0.684 -0.362 0.531 0.853 0.643 -0.598 -0.506 -0.951 -0.475 -0.437 0.374 -0.228 0.791 0.454 -1 -0.111 -0.078 -0.28 0.611 0.198 0.599 -0.313 -0.777 -0.962 -0.09 0.434 0.239 0.098 -0.446 0.633 -0.525 0.71 -0.156 -0.638 171.2726
-0.624 -0.763 -0.902 0.391 -0.361 0.8 0.474 -0.279 0.016 -0.228 0.345 0.689 -0.065 0.549 -1 -0.301 0.565 0.748 0.643 -0.598 -0.75 -0.956 -0.625 -0.377 0.41 -0.228 0.899 0.427 -0.927 0.076 -0.252 -0.28 0.611 0.198 0.599 -0.313 -0.777 -0.962 -0.09 0.434 0.239 0.098 -0.292 0.573 -0.56 0.71 -0.173 -0.638 185.7742
-0.624 -0.763 -0.902 0.391 -0.361 0.8 0.474 -0.279 0.016 -0.228 0.345 0.689 -0.065 0.549 -1 -0.301 0.565 0.748 0.643 -0.598 -0.75 -0.956 -0.625 -0.377 0.41 -0.228 0.899 0.427 -0.927 0.076 -0.252 -0.28 0.611 0.198 0.599 -0.313 -0.777 -0.962 -0.09 0.434 0.239 0.098 -0.292 0.573 -0.56 0.71 -0.173 -0.638 301
-0.624 -0.763 -0.902 0.391 -0.361 0.8 0.474 -0.279 0.016 -0.228 0.345 0.689 -0.065 0.549 -1 -0.301 0.565 0.748 0.643 -0.598 -0.75 -0.956 -0.625 -0.377 0.41 -0.228 0.899 0.427 -0.927 0.076 -0.252 -0.28 0.611 0.198 0.599 -0.313 -0.777 -0.962 -0.09 0.434 0.239 0.098 -0.292 0.573 -0.56 0.71 -0.173 -0.638 207.626
-0.624 -0.763 -0.902 0.391 -0.361 0.8 0.474 -0.279 0.016 -0.228 0.345 0.689 -0.065 0.549 -1 -0.301 0.565 0.748 0.643 -0.598 -0.75 -0.956 -0.625 -0.377 0.41 -0.228 0.899 0.427 -0.927 0.076 -0.252 -0.28 0.611 0.198 0.599 -0.313 -0.777 -0.962 -0.09 0.434 0.239 0.098 -0.292 0.573 -0.56 0.71 -0.173 -0.638 231.3154
-0.742 -0.606 -0.902 0.391 -0.361 0.674 0.415 -0.279 0.016 -0.228 0.345 0.689 -0.065 0.549 -1 -0.301 0.565 0.748 0.643 -0.598 -0.75 -0.956 -0.625 -0.377 0.41 -0.228 0.899 0.427 -0.927 0.076 -0.252 -0.28 0.611 0.198 0.599 -0.313 -0.777 -0.962 -0.09 0.434 0.239 0.098 -0.292 0.573 -0.56 0.71 -0.173 -0.638 204.5314
-0.624 -0.763 -0.902 0.391 -0.361 0.8 0.474 -0.279 0.016 -0.228 0.345 0.689 -0.065 0.549 -1 -0.301 0.565 0.748 0.643 -0.598 -0.75 -0.956 -0.625 -0.377 0.41 -0.228 0.899 0.427 -0.927 0.076 -0.252 -0.28 0.611 0.198 0.599 -0.313 -0.777 -0.962 -0.09 0.434 0.239 0.098 -0.292 0.573 -0.56 0.71 -0.173 -0.605 156.6863
-0.446 -0.59 -0.902 0.549 -0.361 0.748 0.534 -0.279 0.016 -0.228 0.345 0.689 -0.065 0.549 -1 -0.301 0.565 0.748 0.643 -0.598 -0.75 -0.956 -0.625 -0.377 0.41 -0.228 0.899 0.427 -0.927 0.076 -0.252 -0.28 0.611 0.198 0.599 -0.313 -0.777 -0.962 -0.09 0.434 0.239 0.098 -0.292 0.573 -0.56 0.71 -0.173 -0.638 248.955
-0.624 -0.654 -0.902 0.391 -0.361 0.8 0.445 -0.326 0.016 -0.228 0.218 0.689 -0.065 0.549 -1 -0.301 0.565 0.734 0.643 -0.598 -0.75 -0.956 -0.719 -0.377 0.41 -0.228 0.899 0.427 -0.927 -0.055 -0.252 -0.28 0.611 0.198 0.599 -0.394 -0.777 -0.962 -0.09 0.434 0.239 0.051 -0.292 0.573 -0.468 0.71 -0.173 -0.787 12
-0.624 -0.763 -0.902 0.391 -0.361 0.8 0.474 -0.279 0.016 -0.228 0.345 0.689 0.104 0.549 -1 -0.492 0.488 0.748 0.643 -0.438 -0.695 -0.986 -0.596 -0.377 0.441 -0.258 0.92 0.427 -0.927 0.076 -0.252 -0.28 0.611 0.198 0.599 -0.313 -0.777 -0.962 -0.09 0.434 0.239 0.098 -0.292 0.573 -0.56 0.71 -0.173 -0.638 218.1511
-0.756 -0.663 -0.902 0.391 -0.361 0.8 0.474 -0.279 0.016 -0.228 0.345 0.689 0.104 0.549 -1 -0.634 0.488 0.748 0.64 -0.51 -0.695 -0.986 -0.596 -0.377 0.441 -0.258 0.92 0.427 -0.927 0.076 -0.125 -0.28 0.611 0.266 0.599 -0.313 -0.777 -0.962 -0.09 0.434 0.231 0.227 -0.292 0.573 -0.531 0.71 -0.173 -0.638 301
-0.446 -0.59 -0.902 0.549 -0.361 0.748 0.534 -0.279 0.016 -0.228 0.345 0.689 -0.065 0.549 -1 -0.301 0.565 0.748 0.643 -0.598 -0.75 -0.956 -0.625 -0.377 0.41 -0.228 0.899 0.427 -0.927 0.076 -0.252 -0.28 0.611 0.198 0.599 -0.313 -0.777 -0.962 -0.09 0.434 0.239 0.098 -0.292 0.573 -0.56 0.71 -0.173 -0.638 254.2656
-0.624 -0.763 -0.902 0.391 -0.361 0.8 0.474 -0.279 0.016 -0.228 0.345 0.689 -0.065 0.549 -1 -0.301 0.565 0.748 0.643 -0.598 -0.75 -0.956 -0.625 -0.377 0.41 -0.228 0.899 0.427 -0.927 0.076 -0.252 -0.28 0.611 0.198 0.599 -0.313 -0.777 -0.962 -0.09 0.434 0.239 0.098 -0.292 0.573 -0.56 0.71 -0.173 -0.638 265.4998
-0.446 -0.59 -0.902 0.549 -0.361 0.748 0.534 -0.279 0.016 -0.228 0.345 0.689 -0.065 0.549 -1 -0.301 0.565 0.748 0.643 -0.598 -0.75 -0.956 -0.625 -0.377 0.41 -0.228 0.899 0.427 -0.927 0.076 -0.252 -0.28 0.611 0.198 0.599 -0.313 -0.777 -0.962 -0.09 0.434 0.239 0.098 -0.292 0.573 -0.56 0.71 -0.173 -0.638 236.4403
-0.624 -0.763 -0.902 0.391 -0.361 0.8 0.474 -0.279 0.016 -0.228 0.345 0.689 -0.065 0.549 -1 -0.301 0.565 0.748 0.643 -0.598 -0.75 -0.956 -0.625 -0.377 0.41 -0.228 0.899 0.427 -0.927 0.076 -0.252 -0.28 0.611 0.198 0.599 -0.313 -0.777 -0.962 -0.09 0.434 0.239 0.098 -0.292 0.573 -0.56 0.71 -0.173 -0.638 201.4773
-0.624 -0.763 -0.902 0.391 -0.361 0.8 0.474 -0.279 0.016 -0.228 0.345 0.689 0.104 0.549 -1 -0.492 0.488 0.748 0.643 -0.438 -0.695 -0.986 -0.596 -0.377 0.441 -0.258 0.92 0.427 -0.927 0.076 -0.252 -0.28 0.611 0.198 0.599 -0.313 -0.777 -0.962 -0.09 0.434 0.239 0.098 -0.292 0.573 -0.56 0.71 -0.173 -0.638 168.8147
-0.742 -0.606 -0.902 0.391 -0.361 0.674 0.415 -0.279 0.016 -0.228 0.345 0.689 -0.089 0.549 -0.955 -0.242 0.565 0.597 0.643 -0.598 -0.66 -0.951 -0.625 -0.437 0.41 -0.228 0.793 0.497 -0.927 0.076 -0.252 -0.28 0.611 0.198 0.599 -0.313 -0.777 -0.962 -0.09 0.434 0.239 0.098 -0.292 0.573 -0.56 0.71 -0.173 -0.638 197.5177
-0.624 -0.763 -0.902 0.391 -0.361 0.8 0.474 -0.279 0.016 -0.228 0.345 0.689 -0.065 0.549 -1 -0.301 0.565 0.748 0.643 -0.598 -0.75 -0.956 -0.625 -0.377 0.41 -0.228 0.899 0.427 -0.927 0.076 -0.252 -0.28 0.611 0.198 0.599 -0.313 -0.777 -0.962 -0.09 0.434 0.239 0.098 -0.292 0.573 -0.56 0.71 -0.173 -0.638 215.5688
-0.624 -0.763 -0.902 0.391 -0.361 0.8 0.474 -0.279 0.016 -0.228 0.345 0.689 -0.065 0.549 -1 -0.301 0.565 0.748 0.643 -0.598 -0.75 -0.956 -0.625 -0.377 0.41 -0.228 0.899 0.427 -0.927 0.076 -0.252 -0.28 0.611 0.198 0.599 -0.313 -0.777 -0.962 -0.09 0.434 0.239 0.098 -0.292 0.573 -0.56 0.71 -0.173 -0.638 256.4135
-0.637 -0.763 -0.902 0.391 -0.361 0.8 0.474 -0.279 0.188 -0.181 0.435 0.689 -0.065 0.549 -1 -0.301 0.55 0.647 0.643 -0.598 -0.75 -0.834 -0.625 -0.46 0.41 -0.228 0.747 0.427 -0.927 0.076 -0.173 -0.28 0.611 0.318 0.599 -0.313 -0.777 -0.954 -0.09 0.434 0.239 0.098 -0.292 0.466 -0.56 0.71 0.024 -0.761 143.6561
-0.554 -0.59 -0.902 0.549 -0.361 0.622 0.546 -0.279 0.018 -0.228 0.345 0.786 -0.065 0.437 -1 -0.301 0.565 0.748 0.716 -0.598 -0.72 -0.956 -0.625 -0.377 0.353 -0.378 0.899 0.349 -0.927 -0.116 -0.252 -0.097 0.639 0.24 0.493 -0.313 -0.812 -0.962 -0.09 0.434 0.239 0.098 -0.292 0.573 -0.56 0.691 -0.173 -0.638 174.5048
-0.742 -0.606 -0.902 0.391 -0.361 0.674 0.415 -0.279 0.016 -0.228 0.345 0.689 -0.065 0.549 -1 -0.301 0.565 0.748 0.643 -0.598 -0.75 -0.956 -0.625 -0.377 0.41 -0.228 0.899 0.427 -0.927 0.076 -0.252 -0.28 0.435 0.191 0.599 -0.312 -0.777 -0.962 -0.09 0.473 0.239 0.098 -0.292 0.573 -0.706 0.715 -0.294 -0.638 179.2637
-0.624 -0.763 -0.902 0.391 -0.361 0.8 0.474 -0.279 0.016 -0.228 0.345 0.689 -0.065 0.549 -1 -0.301 0.565 0.748 0.643 -0.598 -0.75 -0.956 -0.625 -0.377 0.41 -0.228 0.899 0.427 -0.927 0.076 -0.252 -0.28 0.611 0.198 0.599 -0.313 -0.777 -0.962 -0.09 0.434 0.239 0.098 -0.292 0.573 -0.56 0.71 -0.173 -0.638 301
-0.624 -0.763 -1 0.391 -0.361 0.8 0.565 -0.279 0.016 -0.228 0.345 0.689 -0.065 0.549 -1 -0.301 0.565 0.748 0.643 -0.598 -0.75 -0.956 -0.625 -0.377 0.41 -0.228 0.899 0.427 -0.927 0.076 -0.252 -0.28 0.611 0.198 0.599 -0.313 -0.777 -0.962 -0.09 0.434 0.239 0.098 -0.292 0.573 -0.56 0.71 -0.173 -0.638 260.4679
-0.742 -0.606 -0.902 0.391 -0.361 0.674 0.415 -0.279 0.016 -0.228 0.345 0.689 -0.089 0.549 -0.955 -0.242 0.565 0.597 0.643 -0.598 -0.66 -0.951 -0.625 -0.437 0.41 -0.228 0.793 0.497 -0.927 0.076 -0.252 -0.28 0.611 0.198 0.599 -0.313 -0.777 -0.962 -0.09 0.434 0.239 0.098 -0.292 0.573 -0.56 0.71 -0.173 -0.638 169.4855
-0.742 -0.754 -0.772 0.213 -0.361 0.674 0.421 -0.279 0.016 -0.228 0.345 0.689 -0.065 0.549 -1 -0.301 0.565 0.748 0.643 -0.598 -0.75 -0.956 -0.625 -0.377 0.41 -0.228 0.899 0.427 -0.927 0.076 -0.252 -0.28 0.611 0.198 0.599 -0.313 -0.777 -0.962 -0.09 0.434 0.239 0.098 -0.292 0.573 -0.56 0.71 -0.173 -0.638 174.6705
-0.624 -0.763 -0.902 0.391 -0.361 0.8 0.474 -0.279 0.016 -0.228 0.345 0.689 -0.065 0.549 -1 -0.301 0.565 0.748 0.643 -0.598 -0.75 -0.956 -0.625 -0.377 0.41 -0.228 0.899 0.427 -0.927 0.076 -0.252 -0.28 0.611 0.198 0.599 -0.313 -0.777 -0.962 -0.09 0.434 0.239 0.098 -0.292 0.573 -0.56 0.71 -0.173 -0.638 268.1867
-0.446 -0.59 -0.902 0.549 -0.361 0.748 0.534 -0.279 0.016 -0.228 0.345 0.689 -0.065 0.549 -1 -0.301 0.565 0.748 0.643 -0.598 -0.75 -0.956 -0.625 -0.377 0.41 -0.228 0.899 0.427 -0.927 0.076 -0.252 -0.28 0.611 0.198 0.599 -0.313 -0.777 -0.962 -0.09 0.434 0.239 0.098 -0.292 0.573 -0.56 0.71 -0.173 -0.638 227.1664
-0.624 -0.763 -0.902 0.391 -0.361 0.8 0.474 -0.279 0.016 -0.228 0.345 0.689 -0.065 0.549 -1 -0.301 0.565 0.748 0.643 -0.598 -0.75 -0.956 -0.625 -0.377 0.41 -0.228 0.899 0.427 -0.927 0.076 -0.252 -0.28 0.611 0.198 0.599 -0.313 -0.777 -0.962 -0.09 0.434 0.239 0.098 -0.292 0.573 -0.56 0.71 -0.173 -0.638 266.5528
-0.624 -0.763 -0.902 0.391 -0.361 0.8 0.474 -0.279 0.016 -0.228 0.345 0.689 -0.065 0.549 -1 -0.301 0.565 0.748 0.643 -0.598 -0.75 -0.956 -0.625 -0.377 0.41 -0.228 0.899 0.427 -0.927 0.076 -0.252 -0.28 0.611 0.198 0.599 -0.313 -0.777 -0.962 -0.09 0.434 0.239 0.098 -0.292 0.573 -0.56 0.71 -0.173 -0.638 261.6414
-0.694 -0.618 -0.902 0.493 -0.29 0.8 0.474 -0.279 0.016 -0.385 0.345 0.689 -0.065 0.549 -1 -0.269 0.565 0.748 0.643 -0.539 -0.75 -0.817 -0.625 -0.419 0.41 -0.228 0.899 0.419 -1 -0.058 -0.252 -0.28 0.611 0.19 0.599 -0.313 -0.777 -0.962 -0.09 0.434 0.119 0.286 -0.292 0.573 -0.56 0.654 -0.173 -0.615 108.5265
-0.742 -0.754 -0.772 0.213 -0.361 0.674 0.421 -0.279 0.016 -0.228 0.345 0.689 -0.065 0.527 -1 -0.21 0.565 0.589 0.643 -0.785 -0.841 -0.956 -0.625 -0.316 0.41 -0.228 0.786 0.427 -0.927 0.076 -0.254 -0.28 0.611 0.301 0.599 -0.313 -0.777 -0.962 -0.09 0.617 0.239 0.214 -0.366 0.573 -0.56 0.71 -0.173 -0.638 249.1216
-0.742 -0.754 -0.772 0.213 -0.361 0.674 0.421 -0.279 0.016 -0.228 0.345 0.689 -0.065 0.549 -1 -0.301 0.565 0.748 0.643 -0.598 -0.75 -0.956 -0.625 -0.377 0.41 -0.228 0.899 0.427 -0.927 0.076 -0.252 -0.28 0.611 0.198 0.599 -0.313 -0.777 -0.962 -0.09 0.434 0.239 0.098 -0.292 0.573 -0.56 0.71 -0.173 -0.638 203.5793
-0.742 -0.754 -0.772 0.213 -0.361 0.674 0.421 -0.279 0.016 -0.228 0.345 0.689 -0.065 0.549 -1 -0.301 0.565 0.748 0.643 -0.598 -0.75 -0.956 -0.625 -0.377 0.41 -0.228 0.899 0.427 -0.927 0.076 -0.252 -0.28 0.611 0.198 0.599 -0.313 -0.777 -0.962 -0.09 0.434 0.239 0.098 -0.292 0.573 -0.56 0.71 -0.173 -0.638 266.0639
-0.742 -0.606 -0.902 0.391 -0.361 0.674 0.415 -0.279 0.016 -0.228 0.345 0.689 -0.089 0.549 -0.955 -0.242 0.565 0.597 0.643 -0.598 -0.66 -0.951 -0.625 -0.437 0.41 -0.228 0.793 0.497 -0.927 0.076 -0.252 -0.28 0.611 0.198 0.599 -0.313 -0.777 -0.962 -0.09 0.434 0.239 0.098 -0.292 0.573 -0.56 0.71 -0.173 -0.638 109.7914
-0.446 -0.59 -0.902 0.435 -0.361 0.747 0.363 -0.356 0.016 -0.358 0.345 0.689 -0.126 0.721 -0.955 -0.401 0.724 0.692 0.454 -0.598 -0.623 -1 -0.625 -0.437 0.41 -0.228 0.793 0.693 -0.927 0.076 -0.252 -0.28 0.611 0.095 0.599 -0.313 -0.906 -0.962 -0.09 0.434 0.239 0.098 -0.292 0.573 -0.571 0.71 -0.173 -0.638 95.05938
-0.446 -0.784 -0.902 0.549 -0.361 0.748 0.534 -0.279 -0.009 -0.228 0.345 0.689 -0.182 0.531 -1 -0.111 0.431 0.597 0.643 -0.601 -0.575 -0.951 -0.625 -0.437 0.41 -0.228 0.73 0.497 -0.927 0.076 -0.428 -0.28 0.809 0.198 0.599 -0.313 -0.624 -0.962 -0.09 0.434 0.239 0.006 -0.292 0.645 -0.56 0.71 -0.173 -0.667 204.7582
-0.624 -0.763 -0.902 0.391 -0.361 0.8 0.474 -0.279 0.016 -0.228 0.345 0.689 -0.065 0.549 -1 -0.301 0.565 0.748 0.643 -0.598 -0.75 -0.956 -0.625 -0.377 0.41 -0.228 0.899 0.427 -0.927 0.076 -0.252 -0.28 0.611 0.198 0.599 -0.313 -0.777 -0.962 -0.09 0.434 0.239 0.098 -0.292 0.573 -0.56 0.71 -0.173 -0.638 221.0306
-0.742 -0.606 -0.902 0.391 -0.361 0.674 0.415 -0.279 0.016 -0.228 0.345 0.689 -0.089 0.549 -0.955 -0.242 0.565 0.597 0.643 -0.598 -0.66 -0.951 -0.625 -0.437 0.41 -0.228 0.793 0.497 -0.927 0.076 -0.252 -0.28 0.611 0.198 0.599 -0.313 -0.777 -0.962 -0.09 0.434 0.239 0.098 -0.292 0.573 -0.56 0.71 -0.173 -0.638 253.3491
-0.624 -0.763 -0.902 0.391 -0.361 0.8 0.474 -0.279 0.016 -0.228 0.345 0.689 -0.065 0.549 -1 -0.301 0.565 0.748 0.643 -0.598 -0.75 -0.956 -0.625 -0.377 0.41 -0.228 0.899 0.427 -0.927 0.076 -0.252 -0.28 0.611 0.198 0.599 -0.313 -0.777 -0.962 -0.09 0.434 0.239 0.098 -0.292 0.573 -0.56 0.71 -0.173 -0.638 301
-0.624 -0.763 -0.902 0.391 -0.361 0.8 0.474 -0.279 0.016 -0.228 0.345 0.689 -0.065 0.549 -1 -0.301 0.565 0.748 0.643 -0.598 -0.75 -0.956 -0.625 -0.377 0.41 -0.228 0.899 0.427 -0.927 0.076 -0.252 -0.28 0.611 0.198 0.599 -0.313 -0.777 -0.962 -0.09 0.434 0.239 0.098 -0.292 0.573 -0.56 0.71 -0.173 -0.638 301
-0.624 -0.763 -0.902 0.391 -0.361 0.8 0.474 -0.279 0.016 -0.228 0.345 0.689 -0.065 0.549 -1 -0.301 0.565 0.748 0.643 -0.598 -0.75 -0.956 -0.625 -0.377 0.41 -0.228 0.899 0.427 -0.927 0.076 -0.252 -0.28 0.611 0.198 0.599 -0.313 -0.777 -0.962 -0.09 0.434 0.239 0.098 -0.292 0.573 -0.56 0.71 -0.173 -0.638 301
-0.624 -0.943 -0.902 0.391 -0.361 0.8 0.474 -0.279 -0.177 -0.222 0.345 0.689 -0.065 0.549 -1 -0.301 0.565 0.748 0.643 -0.598 -0.75 -0.956 -0.625 -0.244 0.41 -0.228 0.899 0.624 -0.896 0.197 -0.427 -0.185 0.611 0.198 0.617 -0.313 -0.777 -0.962 -0.09 0.434 0.239 0.098 -0.292 0.573 -0.56 0.71 -0.194 -0.638 164.2523
-0.446 -0.631 -0.902 0.546 -0.18 0.748 0.587 -0.342 0.016 -0.228 0.519 0.689 -0.044 0.527 -1 -0.21 0.565 0.589 0.643 -0.785 -0.841 -0.843 -0.625 -0.316 0.41 -0.228 0.786 0.427 -0.927 -0.037 -0.127 -0.28 0.611 0.301 0.599 -0.313 -0.67 -1 0.065 0.6 0.073 0.214 -0.366 0.573 -0.56 0.747 -0.286 -0.638 183.6282
-0.446 -0.59 -0.902 0.383 -0.395 0.748 0.534 -0.307 0.016 -0.228 0.345 0.596 -0.065 0.549 -1 -0.452 0.602 0.748 0.643 -0.598 -0.75 -0.956 -0.625 -0.431 0.421 -0.228 1 0.427 -1 0.114 -0.252 -0.28 0.611 0.198 0.599 -0.464 -0.816 -0.962 -0.09 0.434 0.128 0.098 -0.184 0.527 -0.362 0.71 -0.173 -0.563 68.66248
-0.624 -0.763 -0.902 0.391 -0.361 0.8 0.474 -0.279 0.016 -0.228 0.345 0.689 0.104 0.549 -1 -0.492 0.488 0.748 0.643 -0.438 -0.695 -0.986 -0.596 -0.377 0.441 -0.258 0.92 0.427 -0.927 0.076 -0.252 -0.28 0.611 0.198 0.599 -0.313 -0.777 -0.962 -0.09 0.434 0.239 0.098 -0.292 0.573 -0.56 0.71 -0.173 -0.638 173.0551
-0.624 -0.763 -0.902 0.391 -0.361 0.8 0.474 -0.279 0.016 -0.228 0.345 0.689 -0.065 0.549 -1 -0.301 0.565 0.748 0.643 -0.598 -0.75 -0.956 -0.625 -0.377 0.41 -0.228 0.899 0.427 -0.927 0.076 -0.252 -0.28 0.611 0.198 0.599 -0.313 -0.777 -0.962 -0.09 0.434 0.239 0.098 -0.292 0.573 -0.56 0.71 -0.173 -0.638 255.0114
-0.437 -0.59 -0.902 0.549 -0.361 0.831 0.534 -0.279 0.016 -0.111 0.345 0.689 -0.06 0.549 -0.826 -0.301 0.565 0.748 0.643 -0.425 -0.827 -0.956 -0.626 -0.487 0.41 -0.282 0.899 0.427 -0.927 -0.048 -0.252 -0.28 0.611 0.198 0.532 -0.313 -0.777 -0.962 -0.148 0.434 0.239 0.098 -0.277 0.573 -0.56 0.71 -0.173 -0.638 188.8263
-0.624 -0.763 -0.902 0.391 -0.361 0.8 0.474 -0.279 0.016 -0.228 0.345 0.689 -0.065 0.549 -1 -0.301 0.565 0.748 0.643 -0.598 -0.75 -0.956 -0.625 -0.377 0.41 -0.228 0.899 0.427 -0.927 0.076 -0.252 -0.28 0.611 0.198 0.599 -0.313 -0.777 -0.962 -0.09 0.434 0.239 0.098 -0.292 0.573 -0.56 0.71 -0.173 -0.638 301
0.828 0.022 0.541 0.592 -0.22 -0.783 -0.85 0.895 -0.535 0.142 -0.049 -0.589 -0.682 -0.787 0.337 0.495 0.65 -0.389 -0.688 -0.464 -0.364 -0.937 0.463 -0.861 0.27 0.006 0.5 -0.275 0.981 -0.261 -0.904 0.565 -0.47 0.328 -0.971 -0.874 0.832 -0.366 -0.998 0.025 -0.088 0.768 -0.546 -0.741 -0.242 0.177 -0.035 -0.459 10
0.33 -0.106 -0.627 -0.564 0.06 -0.281 0.333 0.868 -0.423 -0.55 0.97 0.892 0.859 -0.591 -0.457 -0.499 -0.127 -0.925 -0.404 -0.49 -0.745 0.741 -0.604 0.379 -0.21 -0.536 0.433 0.004 -0.77 0.77 0.324 -0.35 -0.77 -0.044 -0.346 -0.891 -0.592 -0.425 0.005 -0.394 -0.238 -0.199 0.121 -0.271 0.902 -0.646 -0.51 0.969 4
0.186 0.967 0.024 -0.233 -0.934 0.029 0.553 -0.293 -0.027 0.036 -0.798 0.111 -0.23 -0.781 0.511 0.239 0.096 0.35 0.475 -0.153 0.106 -0.729 -0.1 -0.697 -0.637 0.111 -0.497 -0.373 0.879 0.729 -0.611 0.305 0.532 -0.086 0.233 -0.25 -0.981 -0.859 0.122 0.234 -0.288 0.411 -0.441 -0.609 0.885 0.069 0.772 -0.145 33.02206
0.002 -0.177 0.298 0.182 0.93 0.596 -0.235 -0.01 -0.206 -0.673 0.994 0.503 0.603 0.296 -0.831 0.11 -0.211 0.623 0.303 -0.583 0.201 -0.931 -0.057 0.831 0.416 0.817 -0.818 0.946 -0.108 0.949 0.172 -0.71 -0.492 0.988 -0.454 0.596 -0.081 0.641 -0.588 0.204 0.403 0.074 -0.258 -0.843 -0.75 0.004 -0.83 0.576 4
0.532 -0.902 -0.903 -0.239 0.14 0.525 -0.191 0.406 0.103 0.616 -0.893 0.104 -0.138 -0.768 -0.418 0.925 -0.139 0.003 -0.936 0.429 -0.398 -0.601 0.224 0.986 0.122 -0.643 -0.061 0.722 0.452 -0.047 0.007 -0.55 -0.943 -0.963 -0.209 -0.276 0.332 -0.843 0.332 0.414 -0.56 0.782 0.051 0.5 0.659 -0.2 0.638 -0.511 4
-0.701 -0.027 0.423 -0.485 -0.957 -0.196 0.534 -0.846 0.754 0.226 0.642 0.184 -0.067 0.907 0.22 -0.244 0.606 0.684 0.157 0.967 0.735 -0.706 -0.207 0.477 0.47 -0.892 0.317 0.167 0.02 0.167 -0.216 -0.025 0.738 -0.303 -0.308 -0.523 0.012 0.76 0.8 0.627 0.605 -0.965 -0.909 -0.427 -0.249 -0.118 0.482 0.119 7
0.347 0.288 -0.543 0.962 0.047 -0.789 -0.352 0.194 -0.173 -0.899 0.364 0.678 -0.339 -0.242 -0.391 -0.867 0.944 -0.232 0.507 0.007 -0.498 0.077 0.881 0.779 -0.395 0.494 0.591 0.853 -0.86 0.803 -0.769 -0.588 -0.85 0.745 -0.475 -0.72 -0.635 0.071 -0.244 0.267 -0.075 0.168 -0.71 0.114 -0.497 -0.518 -0.988 0.818 4
0.156 -0.991 0.406 -0.309 -0.705 0.465 -0.303 -0.639 -0.219 0.418 0.084 0.872 -0.245 -0.413 0.117 0.476 -0.476 -0.377 -0.267 -0.019 -0.787 -0.671 0.95 0.802 -0.31 -0.597 0.536 0.645 -0.986 0.335 0.327 -0.201 0.804 0.363 -0.452 0.686 -0.435 -0.398 -0.259 0.959 -0.178 0.075 -0.892 0.845 0.755 0.867 -0.531 -0.377 7
0.726 -0.713 0.577 0.418 0.283 0.286 -0.457 0.767 -0.333 0.644 0.763 -0.406 -0.18 0.572 -0.022 0.216 0.004 -0.591 -0.641 -0.508 -0.923 -0.921 -0.284 -0.26 -0.216 0.039 0.655 -0.379 -0.441 0.553 0.272 0.962 0.397 -0.23 -0.54 0.576 -0.97 0.095 0.808 -0.448 -0.105 -0.179 -0.699 -0.659 0.326 -0.819 0.708 0.501 4
-0.481 -0.093 -0.85 0.422 0.701 -0.409 -0.014 -0.389 0.564 -0.403 0.342 0.909 -0.745 -0.722 -0.211 -0.877 -0.381 0.48 0.694 0.308 -0.5 -0.566 -0.288 0.649 -0.654 0.632 -0.289 0.128 -0.618 0.823 -0.62 -0.338 -0.947 0.007 0.178 0.685 0.012 0.592 0.501 0.613 -0.814 0.648 -0.693 -0.328 -0.58 -0.563 -0.159 -0.496 4
0.97 0.854 0.486 -0.541 0.203 0.294 0.299 0.508 0.866 0.445 -0.914 -0.356 0.348 0.428 0.185 0.766 0.406 -0.324 0.819 0.432 0.277 0.84 -0.643 0.011 -0.319 0.821 0.249 0.394 -0.609 -0.639 -0.989 0.907 -0.875 0.557 0.972 -0.307 -0.271 -0.564 0.63 -0.177 0.062 0.633 0.711 -0.539 0.511 1 -0.543 0.35 4
0.694 -0.312 -0.144 -0.756 -0.968 -0.689 -0.715 0.251 0.665 -0.637 0.456 -0.476 0.069 -0.752 0.105 0.915 -0.045 0.987 0.307 0.173 -0.953 0.62 -0.516 -0.835 -0.494 -0.82 -0.991 0.169 -0.42 0.672 -0.578 0.478 0.705 0.544 -0.367 -0.11 0.743 -0.198 -0.808 0.584 -0.617 -0.638 0.71 -0.134 -0.722 -0.669 -0.028 0.356 4
0.017 -0.944 -0.206 0.69 0.276 -0.305 -0.546 -0.637 -0.253 0.179 -0.105 -0.166 -0.208 -0.447 0.419 0.094 0.814 0.547 0.687 -0.495 -0.21 -0.483 -0.742 -0.656 -0.428 -0.298 -0.309 -0.877 -0.961 -0.213 0.884 0.974 -0.277 -0.206 -0.057 0.417 -0.433 -0.263 -0.834 0.542 -0.723 0.352 0.945 -0.015 0.353 -0.928 0.876 -0.619 4
-0.668 0.276 0.132 0.136 -0.536 -0.798 -0.479 0.726 -0.903 -0.126 0.122 0.248 0.67 0.043 0.638 -0.748 -0.327 0.217 0.804 -0.716 0.362 -0.893 -0.825 0.796 -0.046 -0.94 0.929 0.503 -0.37 0.124 0.549 0.124 0.123 -0.675 0.641 -0.939 -0.197 0.887 -0.314 -0.574 0.534 -0.568 0.236 0.898 0.811 0.23 0.925 0.073 75.7399
0.881 -0.196 -0.967 -0.902 0.442 0.802 0.404 -0.372 0.515 0.895 -0.763 0.645 0.498 0.825 0.042 0.666 -0.849 -0.888 0.041 -0.096 0.435 0.795 0.127 0.431 -0.013 -0.797 -0.733 0.494 -0.761 0.686 -0.226 0.917 0.144 -0.934 -0.736 0.376 0.138 -0.721 -0.218 0.748 0.031 0.532 -0.274 -0.836 0.121 0.284 -0.783 0.815 4
0.917 -0.953 0.201 -0.083 -0.513 0.23 0.11 0.433 -0.802 0.356 -0.303 0.92 -0.013 0.495 -0.556 0.005 -0.794 -0.424 -0.997 0.666 -0.549 -0.079 -0.649 0.904 0.984 -0.877 0.575 -0.595 -0.66 -0.469 0.425 0.093 -0.621 0.668 -0.507 0.707 0.435 0.548 0.788 0.958 -0.174 -0.476 -0.614 -0.975 -0.748 0.691 0.648 -0.153 4
-0.698 0.324 0.953 0.184 -0.103 0.565 -0.795 0.187 -0.37 0.454 0.983 0.907 -0.169 0.903 -0.122 0.812 -0.447 -0.681 0.264 -0.041 -0.887 0.901 -0.368 0.343 -0.474 -0.311 -0.647 -0.507 0.716 0.97 -0.229 0.544 0.025 0.939 -0.686 0.454 0.66 -0.064 -0.4 0.462 -0.066 0.748 -0.958 0.591 0.548 0.591 -0.912 -0.688 4
0.527 -0.645 -0.705 -0.825 0.406 -0.357 0.804 0.287 -0.982 0.493 0.22 -0.271 0.675 -0.674 -0.924 -0.429 -0.691 0.648 -0.652 0.246 -0.824 0.138 0.544 0.157 0.564 0.81 -0.645 0.361 -0.853 -0.57 -0.922 -0.904 -0.907 -0.242 0.422 -0.263 -0.231 0.588 0.709 0.141 0.726 0.448 -0.658 -0.782 -0.033 -0.933 -0.086 -0.004 8
0.46 0.563 0.808 0.649 -0.27 0.297 -0.376 -0.212 -0.83 0.831 -0.193 0.298 0.739 -0.619 -0.651 -0.937 0.066 -0.299 0.871 -0.339 0.606 -0.84 0.769 -0.06 -0.358 -0.539 -0.426 0.102 0.204 -0.059 0.573 -0.351 -0.04 -0.49 -0.548 0 0.885 -0.891 0.913 0.135 0.562 -0.304 0.751 -0.01 -0.91 0.619 0.771 0.808 4
-0.024 -0.153 -0.755 0.027 -0.531 -0.247 0.383 -0.945 -0.124 -0.942 0.965 -0.726 -0.024 -0.701 0.344 0.482 0.503 0.518 -0.192 -0.796 0.979 0.775 0.043 -0.045 0.676 -0.055 -0.261 0.771 -0.311 -0.468 -0.636 -0.947 -0.853 -0.457 0.634 -0.086 0.52 0.122 -0.028 -0.823 0.815 0.767 -0.438 0.113 0.589 -0.608 -0.432 -0.824 4
0.647 0.255 0.698 -0.009 -0.283 0.689 -0.669 0.979 0.4 0.727 0.19 -0.485 0.522 0.771 -0.162 0.324 0.178 0.049 -0.133 -0.745 0.92 0.885 -0.155 -0.038 0.565 -0.307 0.411 0.148 -0.045 -0.892 0.746 -0.903 -0.648 0.02 0.623 0.341 0.881 -0.994 0.251 -0.171 -0.643 -0.116 -0.892 -0.645 0.349 0.453 -0.138 0.923 4
-0.03 0.227 0.656 -0.841 0.789 -0.749 -0.79 0.905 -0.011 -0.739 0.782 0.036 0.804 0.022 0.305 -0.18 0.562 -0.817 0.639 -0.115 0.835 -0.466 -0.511 -0.246 0.644 -0.26 -0.578 0.95 -0.264 -0.797 0.29 0.333 0.08 0.924 -0.264 -0.225 -0.423 0.849 0.118 0.84 0.078 0.697 0.629 0.025 0.452 -0.515 0.073 0.518 4
-0.353 -0.834 -0.409 0.327 -0.78 0.734 -0.072 0.33 -0.879 0.058 -0.562 0.087 0.416 0.349 0.108 0.459 -0.204 -0.037 0.108 0.894 0.526 0.95 -0.447 -0.451 -0.703 -0.996 -0.444 -0.272 -0.968 -0.293 0.657 0.828 0.954 0.693 -0.737 0.932 0.339 -0.313 0.57 0.211 -0.228 -0.513 -0.36 0.346 0.797 0.608 0.462 0.73 4
0.495 0.09 0.992 -0.607 0.164 -0.527 0.425 -0.712 -0.168 0.43 -0.62 0.332 -0.368 -0.96 -0.864 -0.38 -0.558 0.973 0.117 0.843 0.313 -0.081 0.752 0.823 0.197 -0.059 0.501 -0.127 0.354 0.887 -0.248 -0.348 0.021 -0.701 0.862 -0.55 0.616 -0.215 0.983 0.151 -0.435 -0.678 -0.344 0.03 0.392 -0.621 -0.991 -0.635 4
0.137 -0.347 0.475 -0.342 0.752 -0.924 -0.541 0.313 -0.012 0.696 -0.066 -0.306 -0.534 -0.181 0.343 -0.402 -0.835 -0.046 -0.117 0.703 0.604 -0.174 0.982 0.918 0.655 0.605 0.306 -0.123 0.156 -0.927 0.196 0.03 0.231 -0.058 0.856 0.564 0.584 0.398 -0.512 0.882 0.342 -0.917 0.654 -0.272 -0.907 -0.203 0.543 -0.217 4
0.849 -0.986 -0.716 0.078 -0.516 0.449 -0.505 -0.753 -0.376 -0.536 -0.438 0.692 0.504 -0.853 -0.146 -0.229 -0.234 0.751 0.472 0.709 0.664 0.251 -0.573 0.286 -0.283 0.805 -0.887 -0.738 -0.253 -0.001 0.836 0.412 0.87 0.276 0.307 0.538 -0.442 0.101 -0.115 0.236 -0.537 0.822 -0.037 0.15 0.804 -0.942 0.46 0.676 4
-0.611 0.188 -0.802 0.459 0.491 -0.298 0.533 0.55 -0.162 -0.637 -0.047 -0.204 -0.223 -0.471 0.837 -0.376 -0.891 -0.289 -0.919 -0.447 -0.849 -0.212 -0.155 0.662 -0.699 -0.259 -0.442 0.314 -0.461 0.721 -0.604 0.839 0.22 -0.335 0.572 0.026 -0.171 -0.717 -0.9 0.972 -0.483 0.745 0.027 0.586 0.061 -0.335 -0.768 0.286 7
-0.057 -0.296 0.205 0.074 0.913 -0.624 -0.275 0.782 0.965 0.158 0.962 -0.145 -0.977 -0.453 0.126 -0.603 0.288 -0.474 0.694 -0.247 -0.475 0.832 0.006 0.373 -0.783 0.358 -0.452 0.328 -0.942 0.442 0.733 0.991 -0.209 0.75 -0.642 0.804 0.739 -0.219 0.942 0.805 0.445 0.238 -0.723 0.168 -0.736 0.031 -0.348 0.263 7
0.781 -0.119 -0.456 -0.777 -0.891 0.156 -0.1 0.281 -0.456 0.653 0.878 -0.006 -0.358 -0.628 -0.378 0.502 -0.065 0.675 0.867 0.715 0.541 -0.31 -0.072 0.324 0.157 -0.676 0.438 0.717 -0.726 -0.543 0.223 0.82 -0.585 -0.929 -0.593 -0.532 -0.982 -0.408 -0.183 0.021 0.662 0.193 -0.787 -0.206 -0.102 -0.674 -0.556 0.702 4
-0.803 0.461 0.049 0.435 0.866 0.421 0.663 0.026 0.632 0.928 0.235 0.761 -0.843 -0.61 0.782 -0.817 0.923 -0.81 -0.082 -0.38 -0.492 -0.892 0.639 -0.274 -0.618 0.77 0.431 -0.577 0.833 0.662 -0.125 0.35 -0.285 -0.337 -0.43 -0.345 -0.874 -0.666 -0.372 -0.26 0.208 0.428 -0.274 0.774 0.342 -0.101 -0.899 -0.709 4
0.822 -0.032 0.051 -0.361 -0.366 0.134 -0.192 0.426 0.956 -0.687 0.402 0.294 -0.423 0.069 -0.709 -0.863 -0.013 -0.838 0.256 0.061 0.762 0.486 0.154 0.089 -0.559 0.119 -0.925 -0.429 -0.016 -0.259 0.104 -0.017 -0.507 -0.061 -0.806 0.832 0.139 0.51 0.007 -0.178 -0.206 -0.311 -0.236 0.865 -0.887 0.481 0.131 -0.895 4
0.901 0.017 0.699 -0.432 -0.06 0.272 0.095 -0.993 -0.12 0.651 0.934 -0.703 0.725 -0.031 -0.114 0.711 -0.18 -0.653 0.772 -0.055 0.924 0.813 0.661 -0.942 -0.632 0.27 -0.648 0.041 -0.439 0.282 -0.35 -0.177 0.482 -0.435 0.052 -0.651 0.895 -0.709 0.703 0.937 0.974 -0.745 -0.743 0.137 0.611 0.679 -0.371 -0.793 4
0.147 -0.532 -0.411 -0.201 0.437 0.959 -0.536 0.024 -0.404 0.808 0.48 0.597 0.426 0.313 0.401 -0.274 -0.121 0.648 0.198 -0.943 -0.795 0.328 -0.825 -0.974 -0.702 -0.613 0.019 0.467 0.989 -0.994 -0.781 0.945 0.987 -0.653 0.321 -0.812 0.161 -0.924 0.569 0.63 0.452 0.747 0.063 0.277 -0.292 -0.651 -0.839 -0.223 4
0.944 -0.296 0.696 -0.286 0.899 0.501 -0.103 -0.526 -0.485 0.799 0.943 -0.112 0.979 0.769 -0.714 0.019 -0.551 -0.117 -0.418 -0.367 -0.905 -0.772 -0.805 -0.287 0.998 0.988 -0.254 0.437 0.534 -0.687 -0.652 0.626 -0.424 -0.684 -0.532 0.592 -0.734 -0.166 -0.102 -0.064 -0.338 -0.064 0.278 -0.435 0.644 0.863 0.244 -0.087 7
0.59 -0.409 -0.174 -0.156 0.733 0.555 0.277 -0.268 0.082 -0.247 0.437 0.464 0.773 -0.408 0.001 -0.829 -0.286 -0.188 0.014 -0.978 -0.536 0.75 -0.958 -0.773 0.351 0.056 0.148 0.51 0.639 0.158 0.4 -0.631 -0.453 -0.418 -0.876 0.826 0.272 0.149 0.28 -0.723 -0.65 0.437 0.3 -0.22 -0.169 0.868 -0.485 0.489 4
-0.833 -0.257 0.932 -0.687 0.773 0.089 0.019 -0.516 -0.905 -0.477 -0.463 -0.347 0.597 -0.791 0.681 -0.49 -0.141 0.234 -0.104 -0.021 -0.176 0.025 0.132 -0.439 0.009 0.816 0.488 -0.232 0.35 0.358 -0.019 -0.717 -0.568 -0.045 0.524 0.43 -0.229 -0.144 -0.096 -0.203 0.415 -0.2 -0.679 -0.379 0.956 -0.026 -0.274 0.155 7
-0.464 -0.172 0.064 0.814 -0.457 -0.938 -0.466 0.938 0.548 -0.421 0.92 -0.903 -0.092 0.914 0.228 -0.826 0.659 0.845 -0.606 -0.029 0.35 0.337 0.599 0.212 -0.957 0.636 0.798 -0.938 0.109 -0.923 -0.826 -0.069 0.204 0.68 0.802 -0.641 0.233 0.81 0.796 -0.587 0.373 0.19 0.553 -0.623 -0.34 -0.32 0.052 -0.506 12
-0.15 0.212 -0.569 0.783 -0.905 0.444 -0.232 0.244 -0.086 -0.082 0.184 -0.607 -0.27 -0.969 0.621 0.494 -0.511 -0.18 0.515 0.287 0.591 0.869 -0.665 -0.543 -0.016 0.237 0.111 0.629 0.824 -0.818 -0.176 0.074 -0.671 -0.013 -0.356 0.506 0.528 -0.474 -0.924 0.484 -0.576 -0.744 0.827 -0.735 -0.302 -0.949 0.541 0.93 4
-0.428 0.429 0.149 -0.606 -0.675 -0.204 -0.036 -0.918 0.105 -0.409 0.237 -0.416 0.235 -0.976 -0.712 0.562 -0.338 -0.498 0.437 0.779 -0.724 0.407 -0.27 -0.109 -0.945 -0.776 0.521 0.19 -0.525 0.843 -0.546 0.856 0.33 0.631 -0.478 0.951 1 -0.64 -0.009 -0.237 -0.825 0.547 -0.309 0.859 -0.932 -0.503 0.067 0.103 4
-0.253 -0.978 0.341 -0.665 -0.585 -0.392 -0.888 0.959 0.517 -0.546 -0.037 0.323 0.609 0.945 -0.294 -0.665 -0.807 -0.499 0.525 0.451 -0.575 -0.136 -0.933 0.391 0.408 0.939 -0.102 -0.882 0.089 0.113 0.739 0.19 -0.757 -0.194 0.749 -0.66 -0.033 -0.513 0.642 -0.801 -0.743 0.953 0.015 -0.636 0.905 0.392 0.815 0.665 7
-0.062 -0.953 0 0.77 0.472 -0.275 -0.068 0.044 0.516 0.387 0.373 -0.421 0.94 0.272 0.25 -0.585 -0.871 0.501 0.968 -0.188 0.547 0.519 0.548 0.07 -0.115 0.12 0.292 0.953 -0.509 -0.999 -0.301 0.215 0.07 -0.614 0.528 -0.728 0.813 -0.402 0.53 0.43 -0.474 -0.779 -0.9 0.854 -0.898 0.853 0.343 -0.586 4
0.934 -0.726 0.87 -0.419 -0.964 -0.741 0.294 0.547 0.166 0.229 -0.188 -0.04 0.431 0.535 0.801 -0.946 -0.05 0.385 0.857 0.367 -0.135 -0.792 -0.189 -0.705 -0.13 -0.786 -0.532 0.209 -0.951 0.379 0.998 0.807 -0.806 -0.634 -0.735 -0.56 0.805 0.796 0.184 0.596 0.266 -0.419 0.642 0.211 -0.45 -0.839 0.591 0.758 4
0.39 0.076 0.169 0.938 0.771 -0.52 0.78 0.709 0.109 -0.915 0.596 -0.71 0.401 -0.87 0.524 -0.883 0.557 -0.076 0.187 0.704 0.892 -0.056 0.04 -0.933 0.034 -0.693 0.292 0.566 -0.165 -0.867 -0.536 0.813 0.271 -0.127 -0.769 0.199 0.348 -0.462 0.208 0.546 0.595 0.749 -0.718 0.606 -0.088 0.723 0.754 -0.993 4
0.807 -0.081 -0.14 -0.962 0.897 -0.337 0.22 0.254 -0.393 0.653 -0.48 -0.219 0.74 -0.284 0.868 -0.321 -0.231 0.655 0.823 -0.545 0.609 -0.61 0.044 -0.864 -0.884 0.264 0.078 0.597 -0.017 0.871 -0.747 -0.772 -0.281 0.881 -0.247 -0.7 -0.216 0.694 -0.191 0.059 0.271 0.462 0.112 -0.246 -0.363 0.301 0.78 0.106 7
-0.315 0.834 -0.263 -0.219 0.103 0.355 -0.845 0.017 -0.103 0.31 -0.649 0.208 0.39 -0.379 0.747 -0.154 0.052 -0.33 -0.703 -0.066 0.384 -0.311 0.782 0.872 -0.315 0.176 0.615 0.863 -0.875 -0.121 -0.813 -0.938 0.114 0.781 0.198 0.906 0.517 0.226 -0.632 0.706 -0.831 0.257 0.834 0.612 0.656 -0.474 0.955 0.771 4
-0.557 0.107 0.755 -0.406 0.675 0.835 -0.548 -0.754 -0.133 -0.579 0.037 -0.612 0.04 -0.953 -0.499 0.41 0.593 -0.795 -0.131 0.065 -0.527 0.739 -0.646 -0.631 0.697 -0.847 0.862 -0.35 0.728 0.844 -0.556 0.966 -0.571 -0.733 -0.39 0.546 -0.693 0.568 0.16 0.176 -0.082 0.995 -0.937 0.751 0.581 -0.368 -0.097 -0.607 4
0.066 -0.558 -0.691 0.292 -0.498 -0.107 0.814 -0.442 0.876 -0.568 0.003 -0.181 -0.73 -0.558 0.064 0.483 0.546 0.964 -0.777 -0.63 -0.911 -0.557 0.985 0.551 -0.429 -0.188 -0.707 0.446 0.926 -0.705 -0.539 -0.126 -0.866 0.597 -0.751 0.327 -0.583 0.003 0.282 -0.309 -0.979 -0.886 0.065 -0.282 -0.194 0.367 -0.274 -0.44 7
0.96 -0.359 0 -0.51 -0.851 0.188 0.597 -0.106 -0.414 0.741 0.783 -0.329 0.245 0.608 0.025 0.579 0.362 0.387 0.454 0.018 0.543 0.646 -0.452 0.97 0.916 -0.97 0.784 0.21 -0.419 0.815 0.175 0.669 0.714 0.843 0.252 0.91 -0.369 0.117 0.561 -0.491 -0.87 0.01 0.918 -0.096 0.298 -0.192 -0.353 0.868 4
0.605 -0.06 0.979 0.927 0.578 -0.434 0.507 0.514 -0.49 0.851 -0.284 -0.285 0.086 -0.499 0.31 -0.185 -0.934 0.224 -0.715 0.405 0.832 -0.229 0.282 -0.664 0.733 0.829 -0.48 -0.185 0.824 -0.465 -0.694 0.931 0.218 0.001 0.843 -0.617 -0.871 0.784 0.326 0.297 -0.026 0.37 -0.598 0.737 -0.91 0.55 0.039 0.803 4
0.566 0.088 0.679 0.581 -0.829 0.691 -0.382 -0.276 0.094 0.476 -0.751 0.601 0.75 0.045 0.666 -0.735 0.248 -0.281 0.863 0.313 0.144 0.259 0.947 0.198 -0.162 0.127 -0.021 0.396 0.389 0.783 -0.723 -0.658 0.599 0.46 -0.766 0.607 0.172 0.243 -0.802 -0.223 0.266 -0.963 0.764 -0.955 0.414 -0.652 -0.414 -0.496 4
0.508 0.289 0.087 -0.492 -0.88 -0.776 -0.109 0.738 -0.883 0.045 -0.616 0.454 0.807 0.598 -0.558 -0.932 -0.573 -0.588 -0.972 -0.629 -0.875 0.364 -0.282 -0.014 0.35 -0.425 0.879 0.707 -0.457 -0.018 -0.633 -0.916 0.597 -0.447 0.209 -0.15 0.576 0.61 0.635 -0.115 0.869 -0.948 -0.308 0.347 -0.002 0.707 -0.301 -0.689 4
0.752 -0.643 -0.177 0.271 0.231 0.049 0.92 -0.007 0.424 -0.58 0.231 -0.186 -0.791 0.721 0.248 -0.904 0.439 0.895 -0.599 -0.083 0.326 0.253 -0.999 -0.282 -0.411 -0.862 -0.083 -0.148 0.746 -0.356 -0.293 0.526 0.989 -0.245 0.87 -0.578 -0.565 -0.821 -0.881 -0.074 0.849 -0.248 -0.445 0.466 0.421 -0.303 -0.62 -0.414 4
0.031 -0.265 0.595 -0.804 -0.686 -0.983 0.665 -0.762 0.306 0.7 -0.268 0.004 -0.293 -0.077 0.209 0.65 0.588 0.591 0.625 -0.336 0.195 -0.923 0.81 -0.362 -0.114 -0.68 0.325 -0.45 -0.822 -0.19 -0.929 -0.345 -0.699 -0.099 0.618 -0.416 -0.174 -0.777 0.91 -0.615 0.789 -0.843 -0.316 0.8 0.493 0.678 -0.268 0.968 77.44171
0.941 0.741 0.747 0.741 0.21 0.889 0.542 -0.946 0.327 0.333 -0.021 -0.56 -0.545 -0.127 -0.072 0.896 0.061 -0.475 0.801 -0.39 -0.187 0.635 -0.708 -0.616 0.868 -0.688 -0.501 -0.558 0.378 0.299 0.659 0.408 0.144 0.957 0.751 0.687 -0.367 0.853 0.206 0.03 0.204 0.542 -0.276 0.829 0.678 -0.13 -0.784 -0.128 4
0.943 0.739 -0.641 0.2 -0.082 -0.13 -0.412 -0.308 0.759 -0.037 -0.796 -0.71 -0.203 0.381 -0.38 -0.079 0.536 -0.436 -0.693 -0.496 0.516 0.48 0.154 0.377 0.182 0.411 -0.208 -0.585 0.385 -0.834 -0.273 0.738 0.698 0.773 0.847 0.96 0.338 0.444 0.176 0.761 -0.16 -0.029 0.706 0.789 -0.605 0.634 -0.856 0.377 76.49835
0.769 0.133 0.938 0.773 -0.098 -0.83 0.367 0.441 -0.049 0.9 -0.657 0.963 0.277 -0.154 -0.159 -0.865 0.685 -0.576 0.706 -0.968 0.029 0.153 0.946 -0.949 0.729 0.844 0.881 -0.501 -0.699 -0.427 0.033 -0.193 0.981 -0.009 -0.87 -0.064 0.282 0.724 0.14 0.377 0.647 0.227 -0.02 0.565 -0.809 0.917 -0.008 0.632 4
-0.879 0.273 0.163 -0.585 -0.713 -0.656 -0.51 0.536 0.514 0.697 -0.19 0.111 -0.446 0.948 -0.284 -0.311 -0.514 -0.225 -0.821 -0.161 0.866 -0.61 0.417 0.782 0.159 -0.357 0.02 0.681 0.286 0.951 0.696 0.309 0.385 -0.978 -0.478 -0.314 -0.791 0.674 -0.061 -0.33 0.993 0.474 0.332 0.831 -0.095 -0.139 -0.068 -0.12 4
0.354 0.353 0.551 -0.575 0.157 0.319 0.16 0.436 0.007 -0.13 0.285 -0.553 -0.842 0.748 -0.54 0.308 -0.336 0.414 -0.249 0.704 -0.888 -0.587 0.254 0.065 0.446 0.878 -0.991 0.365 0.98 0.268 -0.833 0.499 -0.238 0.287 0.985 -0.395 0.708 -0.612 0.178 0.626 0.959 -0.899 0.712 0.692 -0.219 0.694 -0.533 -0.549 31.68085
-0.02 -0.608 -0.343 -0.329 0.294 0.966 0.113 -0.641 0.976 0.291 0.883 0.646 0.355 0.023 0.182 0.326 0.457 -0.292 -0.529 0.909 -0.885 0.779 -0.605 -0.252 0.841 0.99 -0.234 -0.164 0.092 0.428 -0.985 0.846 0.351 -0.544 0.813 0.061 -0.641 0.716 -0.473 0.467 0.68 -0.602 -0.394 -0.838 0.931 0.891 0.59 0.719 160.8946
0.206 0.295 -0.347 0.23 0.99 -0.095 0.525 -0.489 0.175 0.969 -0.277 -0.23 0.467 0.36 0.344 0.523 0.619 -0.907 -0.013 0.601 -0.172 -0.986 0.28 0.35 0.136 0.397 -0.698 0.083 0 -0.451 -0.97 0.996 -0.45 -0.246 -0.096 -0.772 -0.184 0.4 -0.614 -0.865 -0.16 -0.631 -0.826 -0.111 -0.92 0.858 -0.23 0.998 4
-0.563 -0.64 0.361 -0.906 -0.146 -0.546 0.939 -0.298 -0.662 0.163 -0.197 0.924 -0.418 -0.114 -0.136 0.114 0.645 0.964 0.209 0.924 0.71 0.549 0.705 -0.539 -0.666 -0.469 -0.689 0.333 0.286 -0.435 -0.414 0.134 0.383 0.756 -0.027 -0.397 -0.994 -0.155 -0.739 0.98 -0.255 0.021 0.508 -0.017 0.476 0.511 0.984 0.899 4
-0.398 -0.26 0.131 -0.682 -0.413 -0.308 0.043 0.369 -0.867 -0.913 -0.585 -0.138 0.2 -0.239 -0.334 0.59 -0.22 -0.887 0.094 0.342 0.598 -0.639 -0.988 -0.523 0.736 -0.201 0.96 0.533 0.12 0.096 0.404 -0.697 0.172 0.643 -0.209 0.666 -0.41 -0.801 -0.365 -0.964 0.317 -0.969 -0.091 -0.678 0.869 -0.967 0.915 0.65 23.98722
-0.238 0.099 0.314 0.938 -0.145 -0.096 0.116 -0.298 0.52 0.126 -0.168 -0.137 0.816 0.505 -0.18 0.767 0.269 -0.371 0 -0.514 -0.834 -0.659 0.208 -0.022 0.474 -0.818 -0.34 0.081 -0.227 -0.101 0.239 -0.929 -0.331 -0.942 -0.447 -0.651 -0.778 0.7 -0.376 0.251 0.955 -0.824 -0.799 -0.417 -0.466 0.419 0.032 -0.688 4
0.595 0.077 0.704 -0.292 0.236 -0.923 0.049 -0.488 -0.748 -0.189 -0.077 0.021 0.527 0.326 0.76 0.033 -0.503 -0.441 -0.392 0.92 -0.041 0.618 -0.652 -0.91 0.751 0.484 0.323 0.577 0.183 0.352 -0.633 0.916 0.071 -0.606 -0.625 0.878 0.701 -0.875 0.741 0.162 -0.144 -0.369 -0.357 0.569 -0.02 -0.127 0.216 0.057 4
-0.575 -0.47 0.102 0.7 0.675 0.305 -0.901 0.812 -0.489 0.028 0.682 -0.953 0.748 0.445 0.19 -0.586 -0.371 -0.735 -0.155 0.898 -0.086 -0.05 0.393 0.51 0.006 0.27 -0.862 -0.995 0.638 0.56 -0.19 -0.952 0.849 0.475 0.306 -0.367 0.775 -0.533 0.169 0.279 -0.438 0.697 0.298 -0.335 0.346 0.959 0.889 -0.717 4
-0.735 0.412 -0.417 0.095 0.428 -0.867 -0.837 -0.688 -0.945 0.281 0.445 0.898 -0.078 0.22 0.435 -0.668 0.328 0.091 0.313 0.664 0.817 -0.942 -0.823 -0.905 0.209 0.194 -0.951 0.529 -0.757 -0.637 -0.872 -0.167 0.08 -0.106 -0.153 -0.635 -0.32 -0.17 -0.742 -0.485 -0.956 -0.887 -0.697 0.839 -0.02 -0.154 0.31 0.854 4
0.734 -0.6 0.488 0.319 0.682 -0.007 0.813 -0.307 -0.656 0.633 -0.876 -0.133 0.985 0.029 0.901 0.66 0.982 -0.435 0.155 -0.374 0.425 0.329 0.492 -0.284 0.748 -0.149 0.661 -0.117 0.971 -0.635 0.736 -0.519 0.654 -0.364 0.459 -0.375 0.715 0.414 -0.729 -0.945 -0.396 0.79 0.023 -0.651 0.413 0.406 -0.692 0.712 4
0.99 -0.728 0.196 0.32 0.415 0.747 0.366 0.69 -0.313 -0.001 -0.8 -0.507 -0.254 -0.276 0.111 -0.416 0.429 -0.912 0.226 -0.772 -0.755 -0.182 0.887 -0.377 -0.242 -0.383 -0.697 -0.767 0.829 -0.71 0.585 -0.453 0.265 -0.417 0.913 -0.112 0.295 -0.747 -0.392 -0.9 0.199 0.205 -0.4 0.315 0.495 -0.3 -0.4 -0.009 4
-0.818 -0.548 0.912 -0.376 0.869 0.316 -0.173 -0.667 -0.571 -0.121 -0.669 -0.665 0.728 -0.131 0.307 -0.827 -0.67 0.055 -0.277 0.256 -0.892 -0.092 -0.581 0.199 -0.9 0.995 0.27 -0.126 -0.414 -0.269 0.295 0.976 0.695 -0.402 0.603 -0.941 -0.676 0.306 0.046 -0.417 0.608 -0.157 0.736 0.325 -0.139 0.185 0.292 0.996 4
-0.018 -0.174 -0.496 0.04 -0.792 0.974 0.96 -0.075 -0.751 0.757 -0.165 0.258 -0.143 0.265 0.242 0.36 -0.813 -0.751 0.832 -0.325 -0.199 -0.757 0.55 0.283 -0.873 0.007 -0.457 0.025 0.828 0.83 0.166 0.554 -0.158 -0.876 0.077 -0.492 0.421 -0.774 0.566 0.168 -0.869 -0.848 0.729 -0.57 0.984 -0.419 -0.188 -0.874 4
0.054 -0.295 0.05 0.332 -0.006 0.743 0.49 0.434 0.144 0.301 0.03 -0.476 -0.679 0.945 -0.573 -0.089 0.795 -0.538 0.069 0.804 0.38 -0.5 0.963 -0.079 0.338 0.917 -0.868 0.187 0.529 -0.207 0.013 -0.714 -0.361 0.626 -0.951 0.264 -0.15 0.705 -0.964 0.465 -0.079 -0.12 0.39 0.968 0.175 -0.319 0.993 0.67 4
-0.207 -0.861 0.705 0.971 -0.3 -0.284 0.816 -0.795 -0.626 -0.41 0.261 -0.178 0.215 0.767 -0.147 -0.789 0.14 0.878 -0.291 -0.07 0.081 0.115 -0.744 -0.365 -0.134 0.685 0.653 -0.7 -0.126 -0.909 0.906 -0.782 -0.672 -0.116 0.89 0.356 0.289 0.371 0.329 -0.741 -0.929 -0.36 -0.989 -0.033 -0.607 0.057 0.194 0.025 7
-0.966 0.888 0.223 -0.392 0.49 0.998 0.929 0.636 -0.697 0.493 -0.019 0.382 -0.965 0.541 -0.867 0.878 0.692 -0.072 0.749 -0.458 0.411 -0.595 0.213 0.914 -0.163 -0.92 -0.271 -0.873 -0.089 -0.324 0.803 0.021 0.656 0.711 0.464 -0.518 -0.449 0.825 -0.183 0.13 -0.212 0.263 0.797 -0.224 0.447 0.999 -0.454 0.792 4
-0.06 0.845 -0.713 0.241 -0.009 0.809 0.865 0.911 -0.548 0.296 -0.35 -0.107 -0.818 0.807 0.155 0.673 0.92 -0.961 -0.144 -0.976 0.949 -0.158 -0.671 -0.452 -0.693 0.189 0.42 0.971 0.927 -0.449 0.201 0.875 0.264 0.674 0.651 0.569 -0.196 -0.499 0.046 0.136 0.453 -0.932 -0.102 -0.266 0.605 -0.966 0.295 -0.879 4
-0.725 0.905 0.363 -0.824 0.069 -0.932 -0.111 -0.806 0.298 -0.393 -0.067 0.748 0.012 0.272 -0.116 -0.002 0.372 0.709 0.803 0.93 0.369 0.49 0.201 -0.051 0.816 0.327 0.454 0.842 -0.747 0.244 0.835 -0.504 0.893 0.569 0.646 -0.462 -0.563 0.637 0.302 0.857 -0.03 -0.777 -0.644 -0.629 -0.886 -0.717 -0.186 0.763 75.9737
-0.039 -0.268 0.39 0.84 0.066 -0.458 0.304 0.313 -0.66 -0.006 -0.615 -0.922 -0.405 -0.586 -0.013 -0.672 0.871 -0.375 -0.282 0.884 0.666 -0.03 0.543 -0.101 0.679 -0.885 0.774 -0.15 0.705 0.827 0.484 -0.831 0.12 -0.545 -0.414 0.203 -0.636 0.726 0.241 0.392 0.625 0.207 -0.958 -0.211 -0.997 -0.383 0.218 0.606 4
