0.492 0.521 0.237 0.617 0.840 0.530 0.796 0.056 0.834
0.647 0.555 0.131 0.026 0.164 0.317 0.384 0.012 0.159
0.094 0.240 0.511 0.753 0.134 0.772 0.156 0.227 0.609
0.818 0.424 0.481 0.224 0.558 0.151 0.970 0.316 0.488
0.431 0.064 0.603 0.227 0.224 0.196 0.121 0.786 0.284
0.161 0.367 0.734 0.991 0.191 0.718 0.627 0.445 0.060
0.620 0.303 0.512 0.357 0.273 0.262 0.650 0.754 0.671
0.844 0.047 0.061 0.241 0.635 0.872 0.014 0.761 0.371
0.795 0.409 0.060 0.047 0.205 0.253 0.765 0.602 0.253
0.677 0.661 0.563 0.278 0.076 0.753 0.043 0.010 0.920
0.530 0.894 0.294 0.785 0.294 0.294 0.146 0.450 0.086
0.952 0.592 0.987 0.416 0.039 0.664 0.080 0.793 0.335
0.752 0.240 0.542 0.676 0.153 0.658 0.608 0.752 0.850
0.618 0.739 0.940 0.956 0.961 0.786 0.001 0.056 0.355
0.082 0.751 0.486 0.662 0.946 0.254 0.883 0.618 0.358
0.423 0.061 0.397 0.716 0.192 0.494 0.311 0.300 0.031
0.586 0.013 0.313 0.057 0.634 0.222 0.260 0.861 0.434
0.383 0.101 0.375 0.997 0.033 0.914 0.634 0.732 0.472
0.288 0.617 0.468 0.213 0.748 0.007 0.927 0.921 0.954
0.747 0.470 0.947 0.228 0.731 0.766 0.613 0.023 0.119
0.268 0.553 0.841 0.575 0.628 0.008 0.262 0.365 0.566
0.811 0.202 0.172 0.921 0.352 0.158 0.613 0.259 0.526
0.185 0.012 0.433 0.537 0.042 0.312 0.280 0.455 0.532
0.208 0.479 0.170 0.868 0.690 0.931 0.597 0.288 0.481
0.092 0.797 0.738 0.206 0.539 0.584 0.794 0.718 0.595
0.933 0.947 0.082 0.861 0.216 0.146 0.946 0.930 0.606
0.353 0.221 0.783 0.343 0.297 0.728 0.447 0.638 0.115
0.081 0.302 0.912 0.088 0.224 0.323 0.466 0.946 0.608
0.360 0.961 0.290 0.116 0.542 0.973 0.339 0.191 0.926
0.301 0.567 0.391 0.518 0.484 0.093 0.211 0.524 0.843
0.937 0.819 0.276 0.623 0.197 0.588 0.703 0.713 0.221
0.097 0.414 0.280 0.132 0.716 0.387 0.514 0.348 0.724
0.234 0.241 0.118 0.417 0.028 0.554 0.170 0.179 0.282
0.320 0.965 0.681 0.115 0.847 0.571 0.083 0.017 0.734
0.073 0.926 0.201 0.120 0.354 0.445 0.787 0.546 0.236
0.430 0.249 0.008 0.958 0.395 0.553 0.407 0.277 0.296
0.115 0.957 0.295 0.064 0.678 0.506 0.465 0.899 0.143
0.359 0.388 0.869 0.125 0.062 0.299 0.731 0.914 0.453
0.843 0.875 0.530 0.305 0.974 0.156 0.532 0.634 0.105
0.462 0.639 0.623 0.976 0.449 0.469 0.944 0.171 0.352
0.648 0.980 0.480 0.869 0.469 0.648 0.861 0.487 0.082
0.893 0.806 0.974 0.088 0.797 0.525 0.168 0.720 0.287
0.922 0.003 0.570 0.990 0.420 0.633 0.041 0.772 0.395
0.391 0.059 0.580 0.980 0.778 0.718 0.619 0.114 0.819
0.942 0.061 0.999 0.430 0.439 0.582 0.297 0.487 0.210
0.126 0.777 0.560 0.002 0.378 0.391 0.374 0.114 0.258
0.440 0.603 0.105 0.499 0.268 0.976 0.334 0.029 0.558
0.061 0.140 0.274 0.745 0.720 0.388 0.204 0.503 0.122
0.630 0.972 0.149 0.763 0.119 0.120 0.296 0.347 0.902
0.493 0.278 0.214 0.571 0.895 0.190 0.401 0.601 0.957
0.696 0.731 0.801 0.778 0.512 0.164 0.347 0.868 0.592
0.883 0.882 0.942 0.487 0.641 0.998 0.847 0.614 0.167
0.010 0.916 0.939 0.880 0.713 0.913 0.394 0.265 0.404
0.826 0.459 0.261 0.908 0.578 0.413 0.468 0.377 0.661
0.085 0.118 0.937 0.925 0.799 0.773 0.295 0.159 0.885
0.060 0.977 0.084 0.392 0.681 0.639 0.817 0.669 0.893
0.169 0.501 0.569 0.380 0.953 0.936 0.171 0.299 0.344
0.482 0.927 0.642 0.766 0.036 0.901 0.982 0.828 0.960
0.854 0.639 0.922 0.383 0.952 0.490 0.492 0.697 0.492
0.730 0.468 0.057 0.373 0.980 0.280 0.795 0.901 0.833
0.562 0.579 0.688 0.312 0.958 0.112 0.179 0.314 0.692
0.763 0.282 0.267 0.100 0.385 0.758 0.649 0.336 0.679
0.347 0.077 0.858 0.356 0.355 0.244 0.826 0.649 0.804
0.369 0.413 0.131 0.818 0.426 0.683 0.352 0.417 0.932
0.658 0.690 0.134 0.890 0.277 0.458 0.899 0.903 0.694
0.903 0.319 0.954 0.548 0.587 0.802 0.121 0.749 0.842
0.566 0.824 0.930 0.517 0.137 0.683 0.529 0.652 0.976
0.641 0.210 0.065 0.491 0.359 0.267 0.968 0.492 0.773
0.413 0.897 0.119 0.975 0.256 0.161 0.050 0.849 0.651
0.583 0.364 0.623 0.452 0.256 0.905 0.596 0.712 0.696
0.255 0.338 0.139 0.746 0.719 0.628 0.097 0.863 0.053
0.867 0.545 0.904 0.366 0.218 0.630 0.223 0.527 0.674
0.355 0.518 0.049 0.279 0.153 0.563 0.806 0.025 0.998
0.289 0.409 0.946 0.498 0.614 0.883 0.295 0.113 0.549
0.790 0.145 0.001 0.553 0.840 0.408 0.004 0.303 0.437
0.990 0.510 0.761 0.694 0.494 0.247 0.919 0.047 0.941
0.293 0.001 0.685 0.294 0.226 0.487 0.296 0.278 0.114
0.766 0.964 0.100 0.338 0.615 0.112 0.861 0.261 0.923
0.815 0.429 0.618 0.493 0.068 0.290 0.174 0.396 0.637
0.995 0.593 0.769 0.811 0.855 0.880 0.247 0.129 0.008
0.246 0.543 0.364 0.562 0.744 0.797 0.128 0.669 0.242
0.977 0.403 0.270 0.038 0.742 0.737 0.624 0.628 0.809
0.708 0.006 0.619 0.480 0.105 0.625 0.868 0.767 0.048
0.815 0.074 0.953 0.280 0.489 0.526 0.679 0.225 0.112
0.014 0.516 0.718 0.130 0.353 0.483 0.956 0.087 0.919
0.844 0.921 0.522 0.069 0.349 0.466 0.418 0.825 0.263
0.251 0.398 0.460 0.630 0.022 0.903 0.508 0.017 0.357
0.028 0.611 0.417 0.214 0.420 0.975 0.099 0.588 0.992
0.678 0.461 0.885 0.371 0.785 0.823 0.118 0.683 0.178
0.483 0.522 0.178 0.062 0.524 0.670 0.118 0.852 0.026
0.357 0.035 0.544 0.135 0.017 0.639 0.068 0.136 0.409
0.885 0.183 0.032 0.623 0.402 0.479 0.809 0.027 0.448
0.239 0.616 0.922 0.596 0.738 0.610 0.568 0.785 0.716
0.874 0.279 0.553 0.856 0.352 0.237 0.098 0.859 0.878
0.456 0.812 0.241 0.948 0.457 0.865 0.693 0.544 0.167
0.270 0.487 0.580 0.041 0.870 0.480 0.729 0.658 0.085
0.178 0.244 0.120 0.329 0.621 0.116 0.644 0.802 0.713
0.065 0.384 0.093 0.329 0.731 0.379 0.370 0.514 0.320
0.695 0.405 0.783 0.291 0.492 0.957 0.958 0.941 0.549
0.623 0.741 0.929 0.431 0.525 0.314 0.339 0.576 0.942
0.163 0.085 0.854 0.677 0.087 0.373 0.700 0.273 0.684
0.528 0.294 0.796 0.714 0.260 0.900 0.280 0.549 0.143
0.613 0.550 0.143 0.215 0.927 0.095 0.270 0.580 0.111
0.258 0.195 0.670 0.029 0.129 0.675 0.448 0.835 0.747
0.732 0.093 0.342 0.142 0.465 0.672 0.231 0.566 0.087
0.062 0.552 0.162 0.282 0.135 0.531 0.155 0.339 0.963
0.409 0.605 0.162 0.700 0.091 0.931 0.915 0.804 0.456
0.327 0.011 0.665 0.755 0.050 0.111 0.717 0.632 0.459
0.977 0.787 0.530 0.828 0.499 0.520 0.317 0.439 0.172
0.593 0.169 0.262 0.754 0.260 0.576 0.024 0.831 0.928
0.053 0.428 0.169 0.006 0.090 0.934 0.045 0.356 0.677
0.079 0.757 0.491 0.263 0.249 0.989 0.634 0.062 0.014
0.407 0.699 0.788 0.104 0.674 0.067 0.489 0.804 0.575
0.341 0.659 0.237 0.370 0.652 0.388 0.395 0.097 0.898
0.210 0.851 0.404 0.750 0.378 0.280 0.708 0.515 0.566
0.060 0.167 0.200 0.478 0.814 0.895 0.312 0.595 0.519
0.516 0.704 0.239 0.769 0.386 0.973 0.419 0.384 0.605
0.412 0.515 0.515 0.642 0.395 0.647 0.840 0.128 0.115
0.744 0.396 0.174 0.961 0.297 0.111 0.164 0.499 0.798
0.924 0.450 0.574 0.491 0.753 0.714 0.228 0.623 0.890
0.365 0.961 0.651 0.088 0.433 0.030 0.957 0.715 0.503
0.983 0.177 0.131 0.178 0.388 0.494 0.975 0.202 0.573
0.233 0.136 0.956 0.727 0.542 0.097 0.348 0.996 0.577
0.441 0.510 0.835 0.411 0.563 0.956 0.910 0.882 0.302
0.356 0.190 0.127 0.986 0.087 0.142 0.174 0.289 0.735
0.827 0.702 0.297 0.829 0.384 0.594 0.005 0.076 0.683
0.736 0.312 0.829 0.510 0.911 0.420 0.115 0.061 0.276
0.933 0.648 0.632 0.975 0.083 0.585 0.630 0.550 0.048
0.083 0.224 0.901 0.700 0.535 0.927 0.933 0.707 0.152
0.434 0.395 0.698 0.411 0.758 0.945 0.363 0.661 0.960
0.550 0.024 0.233 0.067 0.978 0.705 0.249 0.764 0.948
0.932 0.225 0.432 0.683 0.440 0.542 0.131 0.735 0.535
0.057 0.700 0.344 0.631 0.845 0.547 0.597 0.581 0.778
0.758 0.067 0.441 0.108 0.240 0.625 0.777 0.501 0.481
0.062 0.896 0.471 0.589 0.119 0.795 0.685 0.026 0.788
0.882 0.505 0.742 0.994 0.819 0.624 0.019 0.460 0.381
0.687 0.294 0.077 0.249 0.081 0.779 0.277 0.636 0.492
0.287 0.131 0.950 0.621 0.099 0.872 0.306 0.125 0.203
0.067 0.260 0.807 0.798 0.003 0.241 0.640 0.776 0.916
0.213 0.149 0.535 0.349 0.645 0.237 0.621 0.919 0.730
0.628 0.287 0.949 0.374 0.698 0.095 0.557 0.065 0.585
0.720 0.193 0.169 0.014 0.755 0.063 0.582 0.266 0.187
0.241 0.441 0.068 0.913 0.746 0.139 0.917 0.292 0.338
0.214 0.987 0.615 0.209 0.558 0.431 0.749 0.058 0.671
0.480 0.049 0.425 0.446 0.667 0.875 0.119 0.179 0.190
0.124 0.183 0.814 0.343 0.474 0.654 0.408 0.692 0.257
0.720 0.830 0.566 0.268 0.695 0.390 0.871 0.134 0.817
0.607 0.271 0.271 0.799 0.405 0.776 0.030 0.376 0.012
0.748 0.667 0.590 0.112 0.214 0.310 0.629 0.586 0.199
0.428 0.234 0.336 0.232 0.540 0.769 0.154 0.991 0.430
0.472 0.182 0.781 0.110 0.497 0.861 0.447 0.542 0.907
0.542 0.202 0.126 0.650 0.267 0.273 0.030 0.122 0.899
0.251 0.695 0.022 0.247 0.271 0.390 0.683 0.899 0.263
0.465 0.304 0.040 0.530 0.606 0.611 0.400 0.859 0.602
0.800 0.973 0.455 0.741 0.098 0.800 0.274 0.014 0.162
0.746 0.977 0.068 0.024 0.524 0.555 0.228 0.041 0.538
0.835 0.363 0.775 0.867 0.821 0.024 0.136 0.176 0.445
0.792 0.458 0.652 0.201 0.877 0.674 0.523 0.356 0.655
0.359 0.690 0.280 0.115 0.681 0.141 0.185 0.579 0.224
0.155 0.599 0.676 0.636 0.924 0.114 0.020 0.973 0.383
0.997 0.192 0.975 0.006 0.801 0.635 0.034 0.741 0.098
0.874 0.785 0.580 0.830 0.434 0.323 0.110 0.749 0.032
0.973 0.387 0.671 0.653 0.693 0.918 0.434 0.886 0.994
0.411 0.005 0.940 0.110 0.318 0.838 0.075 0.371 0.286
0.146 0.589 0.557 0.975 0.786 0.925 0.453 1.000 0.912
0.834 0.132 0.661 0.292 0.144 0.459 0.271 0.693 0.014
0.682 0.626 0.408 0.352 0.819 0.641 0.589 0.610 0.113
0.803 0.313 0.968 0.494 0.834 0.065 0.438 0.279 0.656
0.960 0.143 0.362 0.663 0.385 0.467 0.896 0.214 0.605
0.322 0.847 0.578 0.271 0.584 0.646 0.624 0.391 0.426
0.691 0.074 0.027 0.945 0.543 0.751 0.326 0.636 0.808
0.467 0.249 0.229 0.646 0.929 0.514 0.499 0.813 0.771
0.805 0.217 0.802 0.467 0.145 0.399 0.700 0.092 0.688
0.796 0.728 0.407 0.586 0.863 0.307 0.504 0.296 0.850
0.579 0.806 0.539 0.907 0.567 0.659 0.602 0.839 0.906
0.577 0.666 0.665 0.611 0.899 0.237 0.910 0.337 0.069
0.504 0.968 0.621 0.759 0.278 0.587 0.521 0.844 0.493
0.851 0.568 0.010 0.695 0.095 0.095 0.857 0.379 0.539
0.731 0.090 0.339 0.388 0.059 0.404 0.187 0.866 0.970
0.698 0.341 0.362 0.880 0.359 0.894 0.723 0.938 0.859
0.782 0.086 0.873 0.612 0.061 0.091 0.171 0.362 0.648
0.861 0.642 0.078 0.955 0.934 0.474 0.683 0.491 0.176
0.426 0.952 0.032 0.580 0.203 0.682 0.690 0.558 0.730
0.703 0.339 0.730 0.161 0.291 0.463 0.366 0.984 0.755
0.398 0.811 0.062 0.257 0.924 0.315 0.350 0.280 0.755
0.134 0.671 0.040 0.353 0.023 0.592 0.937 0.830 0.708
0.758 0.178 0.816 0.136 0.648 0.899 0.895 0.531 0.666
0.617 0.237 0.620 0.780 0.372 0.085 0.166 0.201 0.397
0.490 0.092 0.805 0.929 0.835 0.720 0.048 0.339 0.671
0.934 0.739 0.111 0.036 0.810 0.792 0.687 0.485 0.200
0.293 0.843 0.991 0.284 0.466 0.241 0.692 0.789 0.322
0.356 0.994 0.361 0.562 0.177 0.246 0.915 0.926 0.430
0.642 0.412 0.376 0.885 0.231 0.552 0.360 0.845 0.565
0.025 0.408 0.858 0.665 0.860 0.174 0.311 0.556 0.013
0.581 0.957 0.547 0.372 0.225 0.647 0.252 0.795 0.079
0.269 0.035 0.632 0.948 0.069 0.047 0.279 0.913 0.593
0.612 0.711 0.684 0.319 0.385 0.249 0.786 0.627 0.715
0.858 0.995 0.651 0.435 0.680 0.924 0.130 0.954 0.268
0.609 0.030 0.900 0.687 0.122 0.988 0.535 0.620 0.806
0.559 0.252 0.308 0.741 0.918 0.992 0.730 0.449 0.179
