1 1807.693 23.206 693.120
2 4129.563 41.701 689.292
3 6561.386 51.258 681.261
4 11657.842 67.366 674.417
5 11737.678 68.012 658.951
6 12840.466 72.052 641.442
7 14215.497 79.146 617.490
8 15608.648 80.593 615.830
9 17797.999 78.639 581.544
10 20120.777 78.616 572.155
11 18336.122 88.530 545.973
12 22346.360 86.595 462.006
13 24459.806 78.744 344.101
14 23495.056 78.695 363.930
15 24157.640 72.607 314.219
16 26208.492 81.262 379.678
17 26109.284 89.775 387.859
18 28880.588 91.765 353.979
19 35006.478 86.246 146.462
20 39091.619 66.516 51.173
21 38344.995 75.818 51.644
22 37873.072 77.431 53.683
23 40980.598 57.118 44.753
24 38499.698 76.857 54.588
25 40228.653 63.165 53.349
26 38953.442 73.748 57.018
27 40067.335 70.682 57.410
28 40084.936 77.721 57.817
29 38486.136 77.176 55.253
30 41602.615 71.368 45.178
31 41350.812 77.305 41.466
32 42668.300 75.729 32.022
33 44501.288 61.567 28.827
34 43407.368 73.910 31.234
35 43153.212 71.403 30.667
36 43647.833 78.091 29.755
37 43220.621 71.871 29.216
38 43317.986 71.470 30.521
39 43476.715 72.515 32.239
40 43742.536 73.464 37.677
41 43975.538 73.893 43.462
42 42819.557 77.931 47.508
43 45391.472 65.902 47.714
44 43769.116 78.023 47.995
45 43687.159 79.305 44.856
46 44067.599 76.444 40.631
47 43923.023 79.616 36.885
48 42446.024 84.820 36.358
49 43296.527 81.346 33.356
50 44285.411 79.605 29.260
51 45770.188 74.512 28.298
52 45172.552 76.228 29.492
53 44447.352 73.955 35.601
54 46698.389 67.243 28.662
55 45442.313 71.943 35.888
56 45268.974 75.772 39.354
57 43534.864 81.978 47.973
58 44604.783 73.516 47.186
59 46802.469 64.295 46.277
60 44745.608 73.308 49.981
61 46665.598 64.894 47.011
62 45711.434 72.141 46.676
63 46485.848 70.235 45.755
64 44053.880 84.345 48.653
65 44967.541 76.979 44.877
66 47502.531 59.865 41.767
67 46219.699 68.926 43.825
68 47268.193 62.015 42.686
