1 3113.809 26.851 996.945
2 3255.679 29.691 991.750
3 6429.922 44.423 987.112
4 7723.967 47.109 981.987
5 9344.639 55.558 980.504
6 11208.208 59.623 971.574
7 12093.209 60.696 969.791
8 11548.527 59.126 972.744
9 13104.399 65.144 968.756
10 13071.288 65.152 959.719
11 12586.873 67.967 952.634
12 16173.422 74.870 927.332
13 22845.366 85.923 835.157
14 26977.547 89.809 783.255
15 27820.955 89.700 747.438
16 31929.325 93.042 717.172
17 31685.901 95.521 717.024
18 33212.342 96.333 707.361
19 35443.012 105.610 719.046
20 38334.675 115.495 644.906
21 42313.458 124.845 605.952
22 41654.266 125.267 618.655
23 42767.807 131.110 609.167
24 45155.941 132.372 615.370
25 45155.596 129.251 611.070
26 45752.168 132.624 617.251
27 46499.080 131.733 622.108
28 45396.687 134.623 615.885
29 45651.492 132.811 606.285
30 44514.822 133.612 613.592
31 45100.481 133.500 617.177
32 45767.794 133.992 617.437
33 46282.487 133.487 622.745
34 47608.029 131.220 611.617
35 46110.272 131.904 619.721
36 45236.627 130.960 608.771
37 46621.588 134.929 620.510
38 46021.116 132.443 610.172
39 44264.738 134.951 624.606
40 47132.728 133.721 614.874
41 45174.403 132.522 625.555
42 46919.428 133.832 608.722
43 43631.019 134.667 620.637
44 45971.106 136.246 622.002
45 46449.252 133.969 614.518
46 44764.779 136.015 618.771
47 46234.639 135.122 621.231
48 45183.646 132.543 622.728
49 44769.595 132.819 605.600
50 45209.718 133.511 605.309
51 46902.658 131.727 614.288
52 45749.281 133.820 619.174
53 45829.146 135.598 616.757
