1 2325.426 25.254 993.966
2 4749.485 37.959 1002.200
3 8129.398 54.530 996.133
4 9347.674 56.201 989.740
5 9949.951 56.756 983.906
6 9148.687 56.732 978.812
7 11285.052 61.069 981.375
8 9101.982 55.726 977.551
9 9683.292 57.657 966.584
10 10668.880 57.377 964.490
11 11177.841 63.831 960.820
12 11294.643 63.920 957.903
13 9297.580 54.321 962.309
14 9261.696 59.499 950.154
15 10144.982 55.758 937.549
16 14623.077 71.592 940.525
17 12497.136 70.084 936.967
18 12262.941 65.184 933.613
19 13887.889 71.121 921.158
20 13095.982 67.805 921.420
21 16165.577 74.666 911.838
22 14176.592 72.578 911.132
23 14007.324 70.523 910.458
24 12983.023 68.038 913.493
25 15373.811 76.014 891.775
26 18177.611 80.030 880.331
27 16451.066 77.455 883.045
28 14860.112 72.956 871.741
29 15661.112 74.684 889.273
30 15802.779 74.748 887.248
31 15473.759 73.759 904.163
32 16578.488 75.657 898.440
33 14702.676 68.593 895.644
34 15850.912 75.677 890.562
35 15427.739 77.129 893.592
36 16094.691 77.366 896.038
37 16549.851 76.340 891.427
38 17263.571 79.022 893.459
39 16490.476 78.268 899.584
40 14516.919 71.056 910.913
41 16691.820 79.336 902.389
42 15669.545 76.968 903.313
43 16746.108 80.062 906.475
44 16749.571 77.951 886.610
45 17939.929 77.649 853.006
46 18437.292 80.116 860.332
47 18626.314 78.635 867.217
48 15055.593 69.131 869.573
49 15892.716 72.528 880.996
50 13783.669 66.847 889.504
