1 2635.081 20.755 996.607
2 7761.835 47.777 981.897
3 9401.313 56.501 962.535
4 11834.027 63.113 929.060
5 14158.320 69.678 909.618
6 13620.830 67.352 894.303
7 15363.061 72.326 866.236
8 17547.021 73.747 846.227
9 19393.044 73.678 808.320
10 20843.260 79.437 795.034
11 20179.604 79.844 772.494
12 22296.202 78.221 752.929
13 22652.647 78.080 764.185
14 24271.168 82.924 752.436
15 21803.867 76.261 756.558
16 24042.468 81.248 730.676
17 22827.826 76.352 738.246
18 21842.922 73.195 731.727
19 21496.373 71.703 717.584
20 23410.877 78.868 713.312
21 25126.354 77.187 686.324
22 24552.065 80.024 702.824
23 26072.178 78.782 699.791
24 25960.637 79.420 695.822
25 24167.108 75.807 700.664
26 26811.330 82.207 715.892
27 25749.730 80.091 734.612
28 25414.320 80.315 714.903
29 25918.500 80.493 721.950
30 24622.192 81.356 730.571
31 22268.103 74.586 727.032
32 24263.094 78.502 727.978
33 22673.027 74.104 712.483
34 26020.355 78.909 718.281
35 25525.286 80.724 724.169
36 26836.626 78.714 721.840
37 24386.534 72.032 716.608
38 22913.023 71.751 723.167
39 26839.258 80.200 726.065
40 24224.613 73.646 720.785
41 20351.039 71.122 726.103
42 26291.413 79.977 722.266
43 24194.467 74.270 730.825
44 26813.372 81.285 727.058
45 26939.073 80.705 722.267
46 27032.280 79.019 716.867
47 26940.354 81.893 709.585
48 25722.416 78.988 724.427
49 25720.550 82.187 710.603
50 27760.636 82.734 704.026
51 25937.671 83.567 714.854
52 26405.383 81.924 702.919
53 28779.376 82.155 699.079
54 27204.484 81.416 694.259
55 27099.357 82.941 690.632
56 28316.888 85.548 688.799
