Generation: 245 Score: 1625.947
0.722 -0.786 -0.213 0.538 0.2 -0.047 -0.473 0.553 -0.28 -0.937 -0.805 0.671 -0.888 -0.401 0.027 0.098 0.123 -0.915 0.383 0.352 0.577 -0.855 0.564 0.431 -0.713 0.466 -0.501 0.97 0.099 -0.058 0.194 -0.378 0.193 0.377 -0.411 0.367 19.12195
0.541 -0.786 0.923 0.538 0.032 -0.047 -0.968 0.553 -0.399 -0.699 -0.318 -0.417 -0.492 -0.401 -0.8 -0.449 -0.435 -0.675 -0.115 -0.553 0.577 -0.55 -0.093 0.987 -0.437 -0.981 -0.914 0.97 0.564 -0.058 0.194 -0.378 0.711 -0.447 0.313 0.498 100
-0.281 -0.786 -0.213 0.538 0.2 -0.047 -0.801 0.553 -0.399 0.919 0.701 -0.417 -0.492 0.764 0.027 0.098 0.123 -0.915 0.383 0.352 0.577 -0.855 0.564 0.431 -0.713 0.466 -0.501 0.97 0.099 -0.058 0.194 -0.378 0.193 0.377 -0.411 0.367 100
-0.662 -0.786 0.43 0.538 0.716 -0.047 -0.801 0.553 -0.941 0.919 -0.805 -0.675 -0.492 -0.583 -0.598 -0.241 0.157 0.874 0.383 -0.831 0.577 0.41 0.364 -0.755 -0.329 -0.074 -0.704 0.97 0.099 -0.058 0.194 -0.378 0.711 0.285 0.313 0.498 19.52366
-0.662 -0.786 0.43 0.538 0.716 -0.047 -0.801 0.553 -0.941 0.919 -0.805 -0.675 -0.492 -0.583 0.027 0.098 0.123 -0.915 0.383 0.352 0.577 0.55 0.811 -0.113 0.055 0.466 -0.704 0.97 0.129 -0.058 0.194 -0.378 0.373 0.377 -0.411 0.367 3
0.736 -0.786 -0.213 0.538 0.2 -0.047 0.137 0.553 -0.28 -0.937 -0.805 0.294 -0.492 0.753 0.027 0.631 0.157 -0.209 0.383 -0.593 0.577 -0.038 0.564 0.431 -0.329 -0.074 -0.704 0.97 0.564 -0.058 0.194 -0.378 0.959 -0.774 -0.497 0.498 18.79687
-0.281 -0.786 0.873 0.538 -0.377 -0.047 -0.801 0.553 -0.399 0.919 -0.805 0.104 -0.492 0.772 0.027 -0.965 0.157 -0.915 0.383 -0.593 0.577 0.086 0.564 0.431 -0.329 -0.074 -0.704 0.97 0.564 -0.058 0.194 -0.378 -0.119 -0.774 0.313 0.498 3
0.736 -0.786 -0.213 0.538 0.2 -0.047 0.137 0.553 -0.28 -0.937 -0.805 -0.417 -0.492 0.753 0.027 0.631 0.157 -0.108 0.383 -0.593 0.577 0.65 0.564 0.153 0.092 0.466 -0.652 0.97 0.099 -0.058 0.194 -0.351 0.889 0.119 0.044 0.528 27.70565
-0.281 -0.786 0.873 0.538 0.716 -0.047 -0.801 0.553 -0.399 0.919 -0.805 0.104 -0.492 0.772 0.027 -0.965 0.157 -0.915 0.659 -0.593 0.577 -0.038 0.564 0.431 -0.329 -0.074 -0.293 0.97 0.564 0.873 0.194 -0.378 0.889 0.285 0.313 0.498 24.83283
-0.281 -0.786 0.873 0.538 0.716 -0.047 -0.801 0.553 -0.399 0.919 -0.805 0.148 -0.492 -0.527 0.027 -0.965 0.157 -0.915 0.383 -0.593 0.577 -0.038 0.564 0.431 -0.329 -0.074 -0.704 0.97 0.564 0.873 0.194 -0.378 0.403 -0.655 -0.411 0.367 18.83789
0.858 0.109 -0.112 -0.444 0.089 -0.088 0.609 -0.432 0.152 -0.159 -0.503 -0.642 0.409 -0.471 -0.694 0.274 0.157 -0.209 0.383 -0.593 0.577 -0.038 0.564 0.431 -0.329 -0.074 -0.704 0.97 0.564 0.873 0.194 -0.378 0.403 -0.655 -0.411 0.367 100
0.736 -0.786 -0.781 0.334 -0.147 0.553 0.339 0.553 -0.399 -0.699 -0.211 -0.417 -0.492 0.667 -0.342 -0.891 -0.226 -0.091 -0.541 -0.593 0.577 -0.038 0.564 0.431 -0.329 -0.074 -0.704 0.97 0.564 -0.058 0.194 -0.314 0.959 -0.774 -0.497 0.739 18.19436
-0.056 -0.786 -0.781 0.538 0.2 -0.047 0.137 0.909 -0.28 -0.937 -0.805 -0.417 -0.492 0.209 0.027 -0.41 0.157 -0.915 0.383 0.352 0.577 -0.855 0.564 0.431 0.56 0.466 -0.553 0.97 -0.52 0.778 0.194 -0.378 0.711 0.285 0.313 0.498 100
0.066 -0.232 -0.505 -0.096 0.2 -0.047 0.536 0.553 -0.29 -0.699 -0.805 0.671 -0.888 -0.401 0.027 0.098 0.123 -0.915 0.383 0.352 0.577 0.55 0.811 -0.113 0.055 0.466 -0.704 0.97 0.129 -0.058 0.194 -0.378 0.373 0.377 -0.411 0.367 18.51169
0.736 -0.786 -0.213 0.538 0.2 -0.047 -0.801 0.553 -0.539 -0.699 -0.318 -0.417 -0.492 0.74 -0.8 0.631 0.157 -0.915 0.383 0.352 0.577 -0.855 0.564 0.431 0.055 0.466 -0.553 0.97 0.099 -0.058 0.194 -0.351 0.889 0.285 0.313 0.498 22.59128
-0.662 -0.786 0.43 0.538 0.716 -0.047 -0.801 0.553 -0.941 0.919 -0.805 -0.675 -0.492 -0.583 -0.598 0.098 0.157 -0.915 0.383 -0.593 0.577 -0.038 0.564 0.431 -0.329 -0.074 -0.704 0.97 0.564 0.873 0.194 -0.378 0.711 0.285 0.313 0.498 23.4384
-0.056 -0.786 -0.781 0.538 0.2 -0.047 0.137 0.909 -0.28 -0.937 -0.805 -0.417 -0.492 -0.401 -0.8 -0.449 -0.435 -0.675 -0.115 -0.553 0.577 -0.55 -0.093 0.013 0.092 -0.981 -0.914 0.97 0.099 -0.058 0.194 -0.351 0.889 0.119 0.044 0.528 13.79684
0.722 -0.786 -0.213 0.538 0.2 -0.047 -0.473 0.553 -0.28 -0.937 -0.805 0.671 -0.888 -0.401 0.027 0.098 0.123 -0.915 0.383 0.352 0.577 -0.855 0.564 0.431 -0.713 0.466 -0.501 0.97 0.564 -0.058 0.194 -0.378 -0.119 -0.774 0.313 0.498 100
-0.662 -0.786 0.43 0.538 0.2 -0.047 -0.801 0.553 -0.399 -0.497 -0.318 -0.417 -0.492 -0.401 -0.8 -0.449 -0.435 -0.675 -0.115 -0.553 0.577 -0.55 -0.093 0.013 0.092 -0.981 -0.914 0.869 0.099 -0.058 -0.498 -0.351 0.889 0.119 0.044 0.528 23.52462
0.736 -0.786 -0.781 0.538 -0.147 -0.047 0.339 0.553 -0.399 -0.699 -0.211 -0.417 -0.492 0.085 -0.694 0.274 0.157 -0.209 0.383 -0.593 0.577 -0.038 0.564 0.431 -0.329 -0.074 -0.704 0.97 0.564 0.873 0.194 -0.378 0.403 -0.655 -0.411 0.367 15.11406
0.736 -0.786 -0.781 0.538 -0.147 -0.047 -0.801 0.553 -0.399 -0.699 -0.211 -0.417 -0.492 0.085 -0.755 0.274 0.157 -0.209 0.383 -0.593 0.577 -0.038 0.564 0.431 0.222 -0.074 -0.704 0.892 0.564 -0.058 0.194 -0.314 0.959 -0.774 -0.497 0.644 11.22873
0.736 -0.786 -0.903 0.538 0.716 -0.047 -0.801 0.553 -0.399 -0.656 0.785 0.144 -0.23 -0.869 -0.8 -0.449 -0.435 -0.675 -0.115 -0.553 0.577 -0.47 -0.093 0.987 0.799 -0.997 -0.553 0.97 0.099 0.096 0.194 -0.012 0.889 0.794 -0.129 0.498 3
-0.056 -0.786 -0.781 0.538 0.716 -0.047 -0.602 0.553 -0.399 -0.699 -0.318 -0.417 -0.492 -0.401 0.027 0.631 0.157 -0.209 0.383 -0.593 0.577 -0.832 0.564 0.153 0.092 0.466 -0.652 0.97 0.099 -0.058 0.194 -0.351 0.889 0.119 0.044 0.542 26.88404
0.736 -0.786 -0.213 0.538 0.2 -0.047 -0.801 0.553 -0.399 0.919 0.701 -0.417 -0.492 0.169 0.027 -0.965 0.162 -0.915 0.383 -0.593 0.577 0.086 0.564 0.431 -0.329 -0.074 -0.704 0.97 0.564 -0.041 0.194 -0.378 0.711 0.285 -0.582 0.498 3
0.736 -0.786 -0.213 0.538 0.2 -0.047 -0.456 0.553 -0.28 -0.937 -0.805 -0.417 -0.492 -0.401 -0.52 0.098 0.157 -0.915 0.383 -0.593 0.577 0.086 0.564 0.431 -0.329 -0.074 -0.914 0.97 0.099 -0.058 0.194 -0.351 0.889 0.119 0.044 0.528 24.4654
0.469 -0.786 -0.781 0.538 -0.147 -0.047 -0.801 0.553 -0.399 -0.699 0.09 -0.417 -0.492 0.085 -0.755 0.274 0.157 -0.347 0.383 -0.593 0.577 -0.038 0.564 0.431 0.222 -0.074 -0.043 0.97 0.645 0.292 0.194 -0.378 0.403 -0.426 -0.411 0.367 16.89885
-0.662 -0.786 -0.213 0.538 0.2 -0.047 0.137 0.553 -0.28 -0.937 -0.805 -0.417 -0.492 0.753 0.027 0.631 0.157 -0.209 0.383 -0.593 0.577 -0.038 0.564 0.431 -0.329 -0.074 -0.704 0.97 0.564 -0.058 0.194 -0.378 0.959 -0.774 -0.497 0.498 27.37251
0.736 -0.786 -0.213 0.538 -0.501 -0.047 -0.801 0.553 -0.399 0.919 0.701 -0.417 -0.492 0.169 0.027 -0.965 0.157 -0.915 0.383 -0.593 0.577 0.086 0.564 0.431 -0.329 -0.074 -0.704 0.97 0.564 0.821 0.194 -0.378 -0.119 -0.774 -0.497 0.498 18.43253
0.722 -0.786 -0.213 0.538 0.2 -0.047 -0.473 0.553 -0.28 -0.937 -0.805 0.671 -0.888 -0.401 0.027 0.098 0.123 -0.915 0.383 0.352 0.577 -0.855 0.564 0.431 -0.713 0.466 -0.501 0.97 0.099 -0.058 0.194 -0.378 0.193 0.377 0.044 0.528 100
-0.662 -0.786 0.43 0.538 0.2 -0.047 -0.801 0.553 -0.28 -0.937 -0.805 -0.417 -0.492 -0.401 0.344 0.274 0.157 -0.209 0.383 0.352 0.577 -0.855 0.564 0.431 0.055 0.466 -0.553 0.97 0.099 -0.643 0.194 -0.351 0.889 0.772 0.313 0.498 27.98276
-0.281 -0.786 -0.213 0.538 0.2 -0.047 -0.801 0.553 -0.399 0.919 0.803 -0.417 -0.492 -0.32 -0.598 -0.241 0.157 0.874 0.383 -0.831 0.577 0.41 0.364 -0.755 -0.329 -0.074 -0.704 0.97 0.099 -0.058 0.194 -0.378 0.711 0.285 0.313 0.498 15.63359
-0.662 -0.786 0.43 0.538 0.716 -0.047 -0.801 0.553 -0.941 0.919 -0.805 -0.675 -0.492 -0.583 -0.598 -0.241 0.157 -0.108 0.383 -0.593 0.577 0.65 0.564 0.153 0.092 0.466 -0.652 0.97 0.099 -0.058 0.194 -0.351 0.889 0.119 0.044 0.528 19.57324
0.858 0.109 -0.112 -0.444 0.089 -0.088 -0.532 -0.432 0.152 -0.159 -0.503 -0.642 0.409 0.667 -0.342 -0.891 0.785 -0.091 -0.541 -0.593 0.577 -0.038 0.564 0.431 -0.329 -0.074 -0.704 0.97 0.564 -0.058 0.194 -0.314 0.959 -0.855 -0.497 0.739 24.9284
0.736 -0.786 -0.213 0.538 0.2 -0.047 -0.712 0.553 -0.399 -0.699 -0.211 -0.417 -0.492 0.085 0.344 0.274 0.157 -0.209 0.383 0.352 0.577 -0.855 0.564 0.431 0.055 0.466 -0.553 0.97 0.099 -0.643 0.194 -0.351 0.889 0.119 -0.411 0.367 21.6338
0.736 -0.786 -0.213 0.538 0.2 -0.047 -0.801 0.553 -0.399 0.919 0.701 -0.417 -0.492 -0.865 0.027 -0.965 0.157 -0.915 0.383 -0.593 0.577 0.086 0.564 0.431 -0.329 -0.074 -0.704 0.97 0.564 -0.058 0.194 -0.378 -0.119 -0.774 0.863 0.498 24.4272
-0.662 -0.786 -0.982 0.538 0.2 -0.047 0.536 0.553 -0.29 -0.699 -0.318 -0.417 -0.492 -0.401 -0.783 -0.449 -0.435 -0.675 -0.115 -0.553 0.577 -0.55 -0.093 0.987 0.092 -0.981 -0.914 0.97 0.099 -0.058 0.173 -0.351 0.889 0.119 0.044 0.528 14.34746
0.736 -0.786 -0.213 0.538 0.2 -0.047 -0.456 0.553 -0.28 -0.937 -0.805 -0.417 -0.492 -0.401 -0.52 0.098 0.157 -0.915 0.383 -0.593 0.577 0.086 0.564 0.431 -0.329 -0.074 -0.704 0.97 0.564 -0.058 0.393 -0.378 0.959 -0.774 -0.497 0.498 16.87422
-0.281 -0.786 0.873 0.538 -0.377 -0.047 -0.801 0.553 -0.399 -0.699 0.09 -0.417 -0.492 0.085 -0.755 0.274 0.157 -0.209 0.383 -0.593 0.577 -0.038 0.564 0.431 0.222 -0.074 -0.043 0.97 0.645 0.292 0.194 -0.378 0.403 -0.426 -0.411 0.367 22.20175
0.736 -0.786 -0.781 0.538 -0.147 -0.047 -0.801 0.553 -0.399 0.919 -0.805 0.104 -0.089 0.772 0.027 -0.965 0.157 -0.915 0.383 -0.593 0.577 0.086 0.564 0.431 -0.329 -0.074 -0.704 0.97 0.564 -0.776 0.194 -0.378 -0.119 -0.774 0.313 0.498 13.83367
0.736 0.887 -0.239 0.666 -0.351 -0.075 0.452 0.953 -0.654 -0.66 -0.993 0.76 0.918 0.679 0.996 0.578 0.353 -0.643 0.861 0.459 0.154 -0.377 0.985 0.115 -0.892 0.919 -0.101 0.853 -0.662 -0.224 -0.362 0.825 -0.963 -0.102 0.929 0.76 3
0.654 -0.786 -0.781 0.538 -0.147 -0.047 -0.801 0.553 -0.399 -0.699 0.09 -0.417 -0.492 0.085 -0.755 0.274 0.157 -0.209 0.383 -0.593 0.577 -0.038 0.564 0.431 0.222 -0.074 -0.043 0.97 0.645 0.292 0.194 0.202 0.403 -0.685 -0.411 0.367 1.5
0.066 -0.232 -0.505 -0.096 0.2 -0.047 0.536 0.553 -0.29 -0.699 -0.805 0.671 -0.888 -0.401 0.027 0.098 0.123 -0.915 0.383 0.352 0.577 -0.855 0.564 0.431 -0.713 0.466 -0.501 0.97 0.564 -0.058 0.194 -0.378 -0.119 -0.774 0.313 0.498 17.6391
0.722 -0.786 -0.213 0.538 0.2 -0.047 -0.473 0.553 -0.28 -0.937 -0.805 0.671 -0.888 -0.401 0.027 0.098 0.123 -0.915 0.383 0.352 0.577 0.55 0.811 -0.113 0.055 0.466 -0.704 0.97 0.129 -0.058 0.194 -0.378 0.373 0.377 -0.411 0.367 3
-0.056 -0.786 -0.781 0.538 0.716 -0.047 -0.602 0.553 -0.399 -0.699 -0.318 -0.417 -0.492 0.165 0.027 0.631 0.157 -0.209 0.383 -0.593 0.577 -0.038 0.564 -0.682 0.092 0.466 -0.652 0.97 0.099 -0.058 0.194 -0.378 0.711 -0.447 0.313 0.498 23.40795
0.541 -0.786 0.923 0.538 0.032 -0.047 -0.968 0.553 -0.399 -0.699 -0.318 -0.417 -0.492 -0.401 -0.8 -0.449 -0.435 -0.675 -0.115 -0.553 0.577 -0.55 -0.093 0.987 -0.437 -0.981 -0.914 0.97 0.564 -0.058 0.194 -0.351 0.889 0.119 0.044 0.528 14.79702
0.736 -0.786 -0.213 -0.794 0.2 -0.047 -0.801 -0.279 -0.539 -0.699 -0.318 -0.417 -0.492 0.74 -0.304 0.631 0.157 -0.915 0.383 0.352 0.577 -0.855 0.564 0.48 0.055 -0.074 -0.704 0.97 0.564 -0.058 0.194 -0.314 0.959 -0.774 -0.497 0.739 1.5
0.736 -0.786 -0.781 0.334 -0.147 0.553 0.339 0.553 -0.399 -0.699 -0.211 -0.417 -0.492 0.667 -0.342 -0.891 -0.226 -0.091 -0.541 -0.593 0.577 -0.038 0.564 0.431 -0.329 0.466 -0.553 0.794 0.099 -0.058 0.194 -0.351 0.711 0.285 0.313 0.498 12.34585
-0.281 -0.786 -0.213 0.538 0.2 -0.047 -0.801 0.553 -0.399 0.919 0.803 -0.417 -0.492 -0.32 -0.598 0.631 0.157 -0.209 0.383 -0.593 0.577 -0.038 0.564 0.431 -0.329 -0.074 -0.704 0.97 0.564 -0.058 0.194 -0.378 0.959 -0.774 -0.497 0.498 18.79021
0.736 -0.786 -0.213 0.538 0.2 -0.047 0.137 0.553 -0.28 -0.937 -0.805 0.294 -0.492 0.753 0.027 -0.241 0.157 0.874 0.383 -0.831 0.577 0.41 0.364 -0.755 -0.329 -0.074 -0.704 0.97 0.099 -0.058 0.194 -0.378 0.711 0.285 0.313 0.498 25.32821
-0.281 -0.786 0.873 0.538 -0.377 -0.047 -0.801 0.236 -0.399 0.919 -0.805 0.104 -0.492 0.772 -0.52 0.098 0.157 -0.915 0.383 0.797 0.577 0.086 0.564 0.431 -0.329 -0.074 -0.704 0.97 0.564 -0.058 0.393 -0.378 0.959 -0.774 -0.497 0.498 13.44979
0.736 -0.786 -0.213 0.538 0.2 -0.047 -0.456 0.553 -0.28 -0.937 -0.805 -0.417 -0.492 -0.401 0.027 -0.965 0.157 -0.915 0.383 -0.593 0.577 0.086 0.564 0.431 -0.786 0.106 -0.704 0.97 0.099 -0.058 0.194 -0.378 0.193 0.377 -0.411 0.367 13.80107
-0.905 -0.786 -0.213 0.538 0.2 -0.047 -0.801 -0.976 -0.399 0.919 0.701 -0.417 -0.492 0.764 0.027 0.098 0.157 -0.915 0.383 0.352 0.577 -0.855 0.564 0.431 0.055 0.466 -0.553 0.97 0.099 -0.058 0.194 -0.351 0.889 0.285 0.313 0.498 3
0.736 -0.786 -0.213 0.538 0.2 -0.047 -0.801 0.553 -0.539 -0.699 -0.318 -0.417 -0.492 0.74 -0.8 0.631 0.123 -0.412 0.383 0.352 0.577 -0.855 0.564 0.431 -0.713 0.466 -0.501 0.97 0.099 -0.058 0.637 -0.378 0.193 0.377 -0.411 0.367 3
0.736 -0.786 -0.213 0.538 0.2 -0.047 -0.712 0.553 -0.399 -0.699 -0.211 -0.417 -0.492 0.085 0.344 0.274 0.157 -0.209 0.383 0.352 0.577 -0.855 0.564 0.431 0.055 0.466 -0.553 0.97 0.099 -0.643 0.194 -0.378 -0.119 -0.774 0.313 0.498 100
-0.281 -0.786 0.873 0.538 -0.377 -0.047 -0.801 0.553 -0.399 0.919 -0.805 0.104 -0.492 0.772 0.027 -0.965 0.157 -0.915 0.383 -0.593 0.577 0.086 -0.424 0.431 -0.329 -0.074 -0.664 0.97 0.564 -0.058 0.194 -0.351 0.889 0.119 -0.411 0.367 14.34444
0.189 -0.458 0.459 0.638 0.248 -0.729 0.789 -0.915 0.781 -0.414 0.591 0.683 -0.425 0.435 -0.404 -0.068 0.033 0.478 0.702 -0.593 0.577 -0.038 0.564 0.431 -0.329 0.466 -0.501 0.97 0.099 -0.058 0.194 -0.378 0.193 0.377 -0.411 0.367 10.67032
0.722 -0.786 -0.213 0.538 0.2 -0.047 -0.473 0.553 -0.28 -0.937 -0.805 0.671 -0.888 -0.401 0.027 0.098 0.123 -0.915 0.383 0.352 0.577 -0.855 0.564 0.431 -0.713 -0.074 -0.704 0.97 0.564 -0.058 0.194 -0.314 0.959 -0.774 -0.497 0.739 23.80457
-0.281 -0.786 -0.213 0.538 0.2 -0.047 -0.801 0.553 -0.399 0.919 0.803 -0.417 -0.492 -0.32 -0.598 -0.241 0.157 0.874 0.383 0.352 0.577 -0.855 0.564 0.431 0.055 0.466 -0.553 0.97 0.099 -0.643 0.194 -0.351 0.889 0.119 -0.411 0.367 22.50018
0.736 -0.786 -0.213 0.538 0.2 -0.047 -0.712 0.553 -0.399 -0.699 -0.211 -0.417 -0.492 0.085 0.344 0.274 0.157 -0.209 0.383 -0.831 0.577 0.41 0.364 -0.755 -0.329 -0.074 -0.704 0.97 0.099 -0.058 0.194 -0.378 0.711 0.285 0.313 0.498 10.95774
0.736 -0.786 -0.213 0.538 0.2 -0.047 -0.712 0.553 -0.399 -0.699 -0.211 -0.417 -0.492 0.085 0.032 0.274 0.157 -0.209 0.383 0.352 0.577 0.65 0.564 0.431 -0.329 -0.074 -0.704 0.97 0.564 -0.004 0.194 -0.378 0.959 -0.774 -0.497 0.498 26.32764
0.858 0.109 -0.112 -0.444 0.089 -0.088 -0.532 0.553 0.752 -0.937 -0.805 -0.417 -0.492 0.753 0.027 0.631 0.157 -0.108 0.383 -0.349 0.577 -0.855 0.564 0.431 0.055 0.466 -0.553 0.97 0.099 -0.643 0.194 -0.351 0.889 0.772 0.313 0.498 3
0.858 0.109 -0.112 -0.444 0.089 -0.088 0.609 -0.432 0.152 -0.159 -0.503 -0.642 0.409 -0.471 -0.694 0.274 0.157 -0.209 0.383 -0.593 0.577 -0.038 0.564 0.431 -0.329 -0.074 -0.704 0.97 0.564 0.873 0.194 -0.378 0.711 0.285 0.313 0.498 22.37332
-0.662 -0.786 0.43 0.538 0.716 -0.047 -0.801 0.553 -0.941 0.919 -0.805 -0.675 -0.492 -0.583 -0.598 0.098 0.157 -0.915 0.383 -0.593 0.577 -0.038 0.564 0.431 -0.329 -0.074 -0.704 0.97 0.564 0.873 0.194 -0.378 0.403 -0.655 -0.411 0.367 10.70122
0.736 -0.786 -0.213 0.538 0.2 -0.348 -0.938 -0.247 -0.779 0.161 -0.718 -0.109 0.705 0.583 -0.39 0.628 0.089 -0.383 -0.772 0.763 0.648 0.586 -0.769 0.543 -0.975 0.907 0.18 0.86 0.099 -0.341 0.194 -0.351 0.637 -0.355 0.044 0.528 1.5
0.858 0.109 -0.112 -0.444 0.089 -0.047 -0.801 -0.279 -0.539 -0.699 -0.318 -0.417 -0.492 0.74 -0.304 0.631 0.157 -0.915 0.383 0.352 0.577 -0.855 0.564 0.48 0.055 0.466 -0.553 0.794 0.099 -0.058 0.194 -0.351 0.711 0.285 0.313 0.498 3
0.714 0.053 0.563 -0.811 0.386 -0.633 0.361 -0.283 -0.899 -0.365 -0.348 0.003 -0.013 -0.088 0.694 0.641 -0.862 -0.59 -0.914 0.639 0.511 0.932 0.14 -0.03 0.735 -0.199 -0.559 -0.563 0.468 -0.364 -0.772 0.027 0.198 -0.116 0.729 -0.504 1.5
-0.675 -0.779 0.511 0.213 0.067 -0.358 -0.259 -0.954 0.748 -0.9 0.086 -0.767 -0.998 0.099 -0.624 0.427 0.11 0.87 0.539 0.147 0.157 -0.292 0.6 -0.131 0.507 -0.659 -0.722 -0.281 0.123 0.887 -0.403 0.228 -0.015 -0.35 0.205 -0.896 1.5
-0.367 0.197 -0.456 -0.336 0.907 -0.595 0.843 -0.903 0.572 0.747 -0.422 -0.806 0.217 -0.582 0.161 -0.073 -0.539 -0.211 0.182 -0.887 -0.168 0.295 -0.44 0.116 0.448 -0.221 0.216 -0.275 0.746 -0.934 0.67 -0.002 -0.335 0.394 0.098 -0.148 1.5
0.48 -0.24 -0.798 -0.96 0.085 0.792 -0.676 0.109 -0.582 -0.123 -0.494 0.873 0.978 0.706 0.171 0.786 0.453 -0.51 -0.153 0.332 0.27 0.559 -0.846 -0.655 0.907 -0.225 -0.893 -0.081 0.375 0.121 0.798 -0.496 0.445 0.468 -0.419 -0.485 3
-0.915 0.145 -0.482 -0.139 0.819 0.218 -0.599 -0.541 0.898 0.421 0.322 0.024 0.755 -0.077 0.691 0.989 -0.176 -0.889 0.523 -0.278 -0.627 -0.161 -0.158 -0.463 -0.921 0.903 -0.175 -0.247 0.512 0.428 0.154 0.539 -0.275 -0.24 -0.616 0.189 1.5
-0.801 -0.041 -0.301 -0.209 -0.366 -0.768 0.655 0.078 -0.791 0.217 -0.315 -0.11 0.649 0.323 -0.207 0.773 0.036 -0.359 -0.448 0.499 -0.954 -0.795 -0.088 0.199 0.194 0.124 0.43 -0.942 0.742 -0.626 0.225 0.422 -0.466 -0.815 -0.795 0.041 1.5
0.221 0.563 0.15 0.6 -0.21 0.302 0.068 -0.102 -0.127 0.199 0.174 0.778 -0.722 -0.776 0.858 0.022 0.603 -0.068 0.291 0.719 -0.801 -0.204 0.616 -0.261 -0.921 -0.54 -0.072 0.212 -0.057 -0.101 -0.405 -0.936 0.859 0.548 0.9 -0.25 3
-0.119 0.071 0.632 0.758 0.752 -0.96 -0.503 -0.91 -0.705 -0.329 0.104 -0.484 -0.806 0.285 0.437 0.568 -0.644 -0.91 -0.473 0.441 -0.604 -0.944 -0.13 0.745 -0.76 -0.17 0.324 0.77 0.409 -0.982 0.712 0.478 -0.666 -0.549 0.601 0.753 3
-0.835 -0.27 0.864 -0.372 0.667 -0.628 -0.744 -0.569 -0.873 -0.739 -0.92 -0.398 0.424 -0.492 -0.015 -0.14 0.924 0.069 -0.349 -0.878 0.32 -0.638 -0.908 0.584 0.819 0.04 -0.397 0.352 0.838 -0.237 -0.152 -0.979 0.186 0.552 0.363 -0.609 1.5
0.41 0.633 -0.248 0.313 -0.206 -0.412 -0.331 -0.959 0.007 -0.746 0.778 -0.733 0.519 -0.613 0.335 0.063 -0.529 0.96 -0.339 0.28 -0.802 0.44 -0.443 0.565 -0.069 -0.837 0.79 0.623 -0.334 -0.753 0.713 -0.036 -0.396 -0.031 0.582 0.562 1.5
