0.858 0.109 -0.112 0.680 0.089 -0.088 0.609 -0.432 0.152 -0.937 -0.805 -0.417 -0.492 -0.401 0.027 -0.018 0.033 0.478 0.702 -0.593 0.577 -0.038 0.564 0.431 -0.329 0.466 -0.501 0.970 0.099 -0.058 0.194 -0.378 0.193 0.377 -0.411 0.367
-0.719 -0.786 -0.213 0.538 0.734 -0.047 -0.187 0.553 -0.399 0.919 0.803 -0.417 -0.492 0.260 -0.598 -0.241 0.157 0.874 0.383 -0.831 0.577 0.410 0.364 -0.755 -0.329 -0.074 -0.153 0.970 0.564 0.873 0.194 -0.378 0.711 0.285 0.313 0.528
0.736 -0.786 -0.781 0.334 -0.147 -0.387 0.339 0.553 -0.399 -0.699 -0.211 -0.675 -0.492 -0.583 0.070 -0.268 0.157 -0.108 0.383 -0.593 0.577 0.650 0.564 0.153 0.092 -0.074 -0.704 0.970 0.099 -0.324 0.194 -0.351 0.145 0.119 -0.411 0.367
0.384 -0.786 0.430 0.538 0.716 0.553 0.339 0.553 -0.399 -0.699 -0.211 -0.417 -0.492 0.667 -0.342 -0.891 -0.226 -0.382 -0.541 -0.658 0.577 0.650 0.564 0.153 0.092 0.466 -0.652 0.970 0.099 -0.058 0.194 -0.351 -0.598 0.119 0.044 0.528
-0.281 -0.786 -0.213 0.538 0.734 -0.047 -0.187 0.553 -0.399 0.919 0.803 -0.417 -0.492 -0.320 -0.598 -0.241 0.157 0.874 0.383 -0.831 0.577 0.410 0.364 -0.755 -0.329 -0.074 -0.704 0.970 0.564 0.873 0.194 -0.378 0.711 0.285 0.313 0.498
0.722 -0.786 -0.213 0.538 0.114 -0.047 -0.473 0.553 -0.280 -0.937 -0.805 0.671 -0.888 -0.401 0.027 0.098 0.123 -0.915 0.383 -0.593 0.577 0.745 0.564 0.431 0.055 -0.132 -0.553 0.970 0.099 -0.643 0.194 -0.351 0.889 0.772 0.313 0.498
0.736 -0.786 -0.781 0.771 0.716 -0.047 -0.602 0.553 -0.399 -0.699 0.700 -0.417 -0.492 0.329 0.027 0.631 0.157 -0.209 0.383 -0.593 0.577 0.650 0.564 0.855 -0.766 0.466 -0.652 0.970 0.047 -0.058 0.194 -0.351 -0.598 0.119 0.044 0.528
-0.719 -0.786 -0.213 0.538 0.734 -0.047 -0.187 0.553 -0.399 0.919 0.803 -0.417 -0.492 0.260 -0.598 -0.241 0.157 0.874 0.383 -0.831 0.577 0.410 0.364 -0.755 -0.329 -0.074 -0.153 0.970 0.099 -0.041 0.283 -0.378 -0.974 0.285 -0.582 0.498
0.736 -0.786 -0.213 0.538 0.370 -0.047 0.137 0.084 -0.280 -0.937 -0.805 0.615 -0.492 0.753 0.027 0.631 0.157 -0.108 0.383 -0.593 0.577 0.650 0.564 0.153 0.092 0.466 -0.652 0.970 0.099 -0.058 0.194 -0.351 -0.598 0.119 0.044 0.528
-0.056 -0.786 -0.781 0.538 0.716 -0.047 -0.602 0.553 -0.399 -0.699 -0.318 -0.417 -0.492 0.165 0.027 -0.449 -0.435 -0.675 -0.115 -0.553 0.577 -0.550 -0.093 0.987 0.055 0.466 -0.553 0.970 0.099 -0.643 0.194 -0.351 0.889 0.119 -0.411 0.367
-0.399 -0.786 -0.213 0.538 0.200 -0.047 -0.801 0.553 -0.399 0.919 0.803 -0.417 -0.888 -0.471 -0.694 0.274 0.157 -0.209 0.383 -0.593 0.577 -0.038 0.564 0.431 -0.329 -0.074 -0.704 0.970 0.099 -0.041 0.283 -0.378 -0.974 0.285 -0.582 0.537
0.736 -0.786 -0.213 0.538 0.200 -0.114 -0.712 0.553 -0.719 -0.699 -0.214 0.036 -0.492 0.801 0.155 0.953 0.157 -0.209 0.383 0.352 0.577 -0.855 0.564 0.431 0.055 0.466 -0.553 0.970 0.099 -0.643 0.194 -0.378 0.711 0.285 0.313 0.498
0.032 -0.786 -0.781 0.334 -0.147 -0.047 -0.801 0.553 -0.941 0.919 -0.805 -0.675 -0.492 0.457 0.027 0.631 0.157 -0.209 0.383 -0.593 0.577 -0.844 0.564 0.104 -0.329 -0.074 -0.704 0.970 0.564 -0.058 0.194 -0.378 -0.648 0.826 -0.723 0.498
0.858 0.109 -0.112 -0.444 0.089 -0.088 -0.532 -0.432 0.152 -0.159 -0.503 -0.642 0.409 0.667 -0.342 -0.891 0.785 -0.091 -0.178 -0.593 0.577 -0.038 0.564 0.431 -0.329 -0.074 -0.704 0.970 0.099 -0.324 0.623 -0.351 0.145 0.119 -0.411 0.367
-0.056 -0.786 -0.707 0.535 0.716 -0.976 -0.602 0.553 -0.399 -0.699 -0.318 0.036 -0.492 0.801 0.344 0.274 0.157 -0.209 0.383 0.352 0.577 -0.855 0.564 0.431 0.055 0.615 -0.553 0.970 0.099 -0.643 0.194 -0.378 0.711 -0.461 0.313 0.481
-0.039 -0.786 -0.213 0.538 0.200 -0.047 0.615 0.553 -0.399 -0.699 0.459 -0.417 -0.292 0.085 0.344 0.098 0.123 -0.915 0.383 0.352 0.577 0.550 0.811 -0.113 0.055 0.466 -0.704 0.970 0.129 0.737 0.194 -0.378 0.373 0.377 -0.411 0.367
-0.662 -0.786 -0.213 0.538 0.200 -0.047 0.137 0.553 -0.399 -0.699 -0.211 -0.417 -0.492 -0.086 -0.342 -0.891 -0.226 -0.091 -0.541 -0.593 0.577 -0.038 0.564 0.431 -0.329 -0.074 -0.704 0.970 0.564 -0.058 0.173 -0.351 0.889 -0.774 -0.551 0.739
-0.662 -0.786 0.430 0.538 0.716 -0.047 -0.801 0.553 -0.941 0.919 -0.805 -0.675 -0.492 0.457 0.027 0.631 0.157 -0.209 0.383 -0.593 0.577 -0.038 0.564 0.431 -0.329 -0.074 -0.704 0.970 0.564 -0.058 0.194 -0.378 -0.648 0.826 -0.723 0.498
0.736 -0.786 -0.213 0.538 0.370 -0.047 0.137 0.084 -0.280 -0.937 -0.805 0.615 -0.492 0.753 0.027 0.631 0.157 -0.108 0.383 -0.593 0.577 -0.038 0.564 0.431 -0.329 -0.074 -0.704 0.970 0.564 0.794 0.194 -0.314 0.959 0.119 -0.414 0.528
0.736 -0.786 -0.213 0.538 0.264 -0.047 0.137 0.084 -0.280 -0.937 -0.168 0.685 -0.492 0.753 0.027 0.631 0.157 -0.108 0.383 -0.593 0.577 -0.832 0.564 0.153 0.092 0.466 -0.652 0.970 0.099 -0.058 0.124 -0.378 0.711 -0.447 0.313 0.498
0.457 0.383 -0.092 0.751 -0.400 -0.895 0.931 -0.031 0.357 -0.444 -0.978 -0.102 0.919 -0.080 0.857 0.552 -0.601 0.753 0.690 -0.892 -0.364 0.509 0.065 -0.155 0.480 0.816 0.505 -0.331 0.732 -0.939 0.199 -0.259 -0.487 -0.143 0.010 0.097
0.736 -0.786 -0.537 0.538 -0.966 -0.991 0.450 0.553 -0.399 -0.699 -0.318 -0.417 -0.492 0.801 0.344 0.274 0.157 -0.209 0.383 0.352 0.577 -0.855 0.564 0.372 0.055 0.466 -0.553 0.970 0.099 -0.643 0.194 -0.378 -0.119 -0.774 0.313 0.498
0.722 -0.786 -0.213 0.538 0.114 -0.047 -0.473 0.553 -0.280 -0.937 -0.805 -0.417 -0.492 0.801 0.155 0.274 0.157 -0.209 0.383 0.352 0.577 -0.855 0.564 0.431 0.055 0.466 -0.553 0.970 0.099 -0.643 0.194 -0.378 0.711 0.285 0.313 0.498
-0.662 -0.786 0.430 0.538 0.716 -0.047 -0.801 0.553 -0.941 0.919 -0.805 -0.417 -0.492 0.667 -0.342 -0.891 -0.226 -0.091 -0.541 -0.593 0.577 -0.038 0.564 0.431 -0.329 -0.074 -0.704 0.970 0.564 0.794 0.194 -0.314 0.959 -0.447 0.313 0.498
-0.662 -0.786 -0.213 0.538 0.200 -0.047 0.137 0.553 -0.399 -0.699 -0.211 -0.417 -0.492 -0.086 -0.342 -0.891 -0.226 -0.091 -0.541 -0.593 0.577 -0.038 0.564 0.431 -0.329 -0.074 -0.704 0.970 0.564 0.794 0.194 -0.314 0.959 -0.774 -0.551 0.739
0.123 -0.786 -0.781 0.538 0.716 -0.047 -0.602 0.553 -0.399 -0.699 -0.318 -0.417 -0.492 0.165 0.027 0.631 0.157 -0.209 0.383 -0.593 0.577 -0.038 0.564 -0.682 0.092 0.466 -0.652 0.970 0.099 -0.643 0.194 -0.378 0.711 0.285 0.313 0.498
-0.056 -0.786 0.456 0.538 0.716 -0.047 -0.602 0.553 -0.399 0.294 -0.318 -0.417 -0.492 -0.401 0.027 0.631 0.157 -0.209 0.383 -0.593 0.577 -0.832 0.564 0.153 0.092 0.466 -0.652 0.970 0.099 -0.058 0.194 -0.378 0.711 -0.447 0.313 0.498
0.722 -0.271 -0.213 0.538 0.114 -0.047 -0.473 0.553 -0.280 -0.937 -0.805 0.671 -0.888 0.545 0.027 0.098 0.123 -0.915 0.383 -0.593 0.577 0.745 0.564 0.431 -0.329 -0.074 -0.704 0.970 0.099 -0.041 0.283 -0.378 -0.974 0.285 -0.582 0.498
0.140 -0.786 0.061 0.334 -0.147 0.553 -0.386 0.553 -0.399 -0.699 -0.211 -0.417 -0.492 -0.086 -0.342 -0.891 -0.226 -0.091 -0.541 -0.593 0.577 -0.038 0.564 0.431 0.723 0.644 -0.704 0.970 0.564 0.794 0.194 -0.314 0.959 -0.774 -0.551 0.739
0.736 -0.786 0.212 0.538 0.200 -0.114 -0.712 0.553 -0.719 -0.699 -0.318 0.036 -0.492 -0.320 -0.598 -0.241 0.633 0.874 0.383 0.234 0.577 0.410 0.364 -0.755 -0.329 -0.074 -0.704 0.970 0.099 -0.041 0.283 0.684 -0.974 0.285 -0.582 0.498
0.858 0.109 -0.112 -0.444 0.089 -0.088 -0.532 -0.432 0.152 -0.159 -0.503 -0.642 0.409 0.667 -0.342 -0.891 0.785 -0.091 -0.996 -0.593 0.577 -0.038 0.564 0.431 -0.329 -0.074 -0.704 0.058 0.099 -0.643 -0.461 -0.378 -0.119 0.721 0.313 0.498
-0.056 -0.786 -0.781 0.538 0.716 -0.047 -0.602 0.553 -0.399 -0.699 -0.318 -0.417 -0.492 0.165 0.027 0.631 0.157 -0.209 0.383 -0.593 0.577 -0.038 0.564 -0.682 0.092 0.466 -0.652 0.970 0.099 -0.058 0.194 -0.378 0.711 -0.447 0.313 0.498
0.736 -0.786 -0.213 0.538 0.200 -0.047 -0.801 0.553 -0.399 0.919 0.701 -0.417 -0.492 -0.865 0.027 -0.965 0.157 0.574 -0.932 -0.553 0.577 -0.550 -0.093 0.987 0.055 0.466 -0.553 0.970 0.099 -0.643 0.194 -0.351 0.889 0.119 -0.411 0.367
0.736 -0.786 -0.781 0.538 0.716 -0.047 -0.602 0.553 -0.399 -0.699 -0.318 -0.417 -0.492 0.329 0.027 0.631 0.157 -0.209 0.383 -0.593 0.577 -0.832 0.564 0.153 0.092 0.466 -0.652 0.970 0.099 -0.058 0.124 -0.378 0.711 -0.447 0.313 0.498
-0.281 -0.786 -0.213 0.538 0.200 -0.047 -0.801 0.553 -0.720 0.919 0.803 0.768 -0.888 0.134 -0.694 0.274 0.157 -0.119 0.383 -0.593 0.577 -0.038 0.564 0.431 -0.329 -0.074 -0.704 0.970 0.564 -0.058 0.194 0.791 0.959 -0.855 -0.188 0.739
0.736 -0.786 -0.781 0.334 -0.147 0.553 0.008 0.553 -0.399 -0.699 -0.211 -0.417 -0.492 -0.086 -0.342 -0.891 -0.226 -0.091 -0.541 -0.593 0.577 -0.038 0.564 0.431 -0.329 -0.074 -0.704 0.970 0.564 0.794 0.194 -0.314 -0.699 -0.774 -0.551 0.739
0.736 -0.786 -0.213 0.538 -0.966 -0.047 0.450 0.553 -0.399 -0.699 -0.318 -0.417 -0.492 0.801 0.344 0.274 0.157 -0.209 0.383 0.352 0.577 -0.855 0.564 0.372 0.055 0.466 -0.553 0.970 0.564 -0.058 0.194 -0.314 0.959 -0.855 -0.497 0.739
0.736 -0.786 0.212 0.538 0.200 -0.114 -0.712 0.553 -0.399 0.919 0.701 -0.417 -0.492 -0.865 0.027 -0.965 0.157 0.574 -0.932 -0.553 0.577 -0.550 -0.093 0.987 0.055 0.466 -0.553 0.970 0.099 -0.643 0.194 -0.351 0.889 0.119 -0.411 0.367
0.736 -0.786 -0.213 0.538 0.200 -0.047 -0.801 0.553 -0.719 -0.699 -0.318 0.036 -0.492 -0.320 -0.598 -0.241 0.157 0.874 0.383 0.234 0.577 0.410 0.364 -0.755 -0.329 -0.074 -0.704 0.970 0.099 -0.041 0.283 -0.378 -0.974 0.285 -0.582 0.498
0.736 -0.786 -0.213 0.538 0.200 -0.047 -0.801 0.553 -0.399 0.919 0.701 -0.417 -0.492 -0.865 0.027 -0.965 0.157 0.574 -0.932 -0.553 0.577 -0.550 -0.093 0.987 0.055 0.466 -0.553 0.970 0.099 -0.643 0.194 -0.351 0.889 -0.461 0.313 0.481
-0.056 -0.786 -0.707 0.535 0.716 -0.976 -0.602 0.553 -0.399 -0.699 -0.318 0.036 -0.492 0.801 0.344 0.274 0.157 -0.209 0.383 0.352 0.577 -0.855 0.564 0.431 0.055 0.615 -0.553 0.970 0.099 -0.643 0.194 -0.378 0.711 0.119 -0.411 0.367
0.736 -0.786 -0.213 0.538 0.264 -0.047 0.137 0.084 -0.280 -0.937 -0.168 0.685 -0.492 0.753 0.027 0.631 0.157 -0.108 0.383 -0.593 0.577 -0.832 0.564 0.153 0.092 0.466 -0.652 0.970 0.099 0.873 0.194 -0.378 0.711 0.285 0.313 0.498
-0.281 -0.786 -0.679 0.538 0.200 -0.047 -0.801 0.553 -0.399 0.919 0.803 -0.417 -0.888 -0.807 -0.694 0.274 0.157 -0.209 0.383 -0.593 0.577 -0.038 0.564 0.431 -0.329 -0.074 -0.704 0.970 0.564 -0.058 -0.218 -0.378 0.711 -0.447 0.313 0.498
0.736 -0.786 -0.213 0.538 -0.966 -0.047 0.450 0.553 -0.399 -0.699 -0.318 -0.417 -0.492 0.801 0.344 0.274 0.157 -0.209 0.383 0.352 0.577 -0.855 0.564 0.372 0.055 0.466 0.617 0.656 -0.773 -0.491 0.766 0.470 0.833 -0.516 0.056 -0.197
0.874 -0.488 -0.237 0.865 0.612 -0.942 0.074 -0.959 0.752 -0.903 0.974 0.350 0.045 -0.191 0.816 -0.046 -0.003 0.997 0.980 -0.476 -0.509 0.562 -0.527 0.772 0.784 0.645 0.360 0.970 0.099 -0.643 0.194 -0.378 -0.119 -0.774 0.313 0.498
-0.399 -0.786 -0.213 0.538 0.200 -0.047 -0.801 0.553 -0.399 -0.285 0.803 -0.417 -0.888 -0.471 -0.694 0.274 0.157 -0.209 0.383 -0.593 0.577 -0.038 0.564 0.431 -0.329 0.466 -0.501 0.970 -0.686 -0.058 0.194 -0.378 0.193 0.377 -0.411 0.367
-0.281 -0.786 -0.112 -0.444 0.089 -0.088 -0.661 -0.432 0.152 -0.937 0.988 -0.417 -0.492 -0.401 0.027 -0.965 0.033 0.478 0.702 -0.593 0.577 -0.038 0.564 0.431 -0.329 -0.074 -0.704 0.970 0.099 -0.041 0.283 -0.378 -0.974 0.285 -0.582 0.537
-0.662 -0.786 -0.213 0.538 0.200 -0.047 0.137 0.553 -0.399 -0.699 -0.318 -0.325 -0.492 0.165 0.027 0.631 0.157 -0.209 0.383 -0.593 0.577 -0.038 0.564 -0.682 0.092 0.466 -0.652 0.970 0.099 -0.643 0.194 -0.378 0.711 0.285 0.552 0.498
0.123 -0.786 -0.781 0.538 0.716 -0.047 -0.602 0.553 -0.399 -0.699 -0.211 -0.417 -0.492 -0.086 -0.342 -0.891 -0.226 -0.091 -0.541 -0.593 0.577 -0.038 0.564 0.431 -0.329 -0.074 -0.704 0.970 0.564 0.794 0.194 -0.314 0.959 -0.774 -0.551 0.739
0.736 -0.786 -0.583 0.538 -0.966 -0.047 0.450 0.553 -0.399 -0.699 -0.318 -0.417 -0.492 0.457 0.027 0.631 0.157 -0.209 0.383 -0.593 0.577 -0.979 0.564 0.153 0.092 0.466 -0.652 0.970 0.099 -0.058 0.194 -0.351 -0.598 0.119 0.044 0.528
0.384 -0.786 0.430 0.538 0.716 0.553 0.339 0.553 -0.399 -0.699 -0.211 -0.417 -0.492 0.667 -0.342 -0.891 -0.226 -0.382 -0.541 -0.658 0.577 0.650 0.564 0.431 -0.329 -0.074 -0.704 0.970 0.564 -0.058 0.194 -0.378 0.959 -0.774 -0.723 0.498
-0.056 -0.786 -0.781 -0.444 0.089 -0.088 -0.532 -0.432 0.152 -0.159 -0.503 -0.642 0.409 0.667 -0.342 -0.891 0.785 -0.091 -0.541 -0.593 0.577 -0.038 0.564 0.431 -0.329 0.466 -0.652 -0.029 0.099 0.090 0.194 -0.351 0.889 0.119 0.044 0.528
0.858 0.109 -0.112 0.538 0.716 -0.047 -0.602 0.553 -0.399 -0.699 -0.318 -0.417 -0.492 0.165 0.027 0.631 0.157 -0.209 0.383 -0.593 0.577 -0.038 0.564 -0.682 0.092 0.466 -0.652 0.970 0.099 -0.058 0.194 -0.378 0.711 -0.447 0.313 0.498
-0.662 -0.786 0.430 0.538 0.716 -0.047 -0.801 0.553 -0.941 0.919 -0.805 -0.675 -0.492 0.457 0.027 0.631 0.157 -0.209 0.383 -0.593 0.577 -0.038 0.564 0.431 -0.329 -0.074 -0.704 0.970 0.564 -0.058 0.194 -0.378 -0.648 0.826 0.044 0.528
0.736 -0.786 -0.213 0.538 0.370 -0.047 0.137 0.084 -0.280 -0.937 -0.805 0.615 -0.492 0.753 0.027 0.631 0.157 -0.108 0.383 -0.593 0.577 -0.038 0.564 0.431 -0.329 -0.074 -0.704 0.970 0.564 0.794 0.194 -0.314 0.959 0.119 -0.723 0.498
0.736 -0.786 -0.781 0.334 -0.147 0.553 -0.386 0.553 -0.399 -0.699 -0.211 -0.417 -0.492 -0.086 -0.342 -0.891 -0.226 -0.091 -0.541 -0.593 0.577 -0.038 0.564 0.431 -0.329 -0.074 -0.704 0.970 0.564 -0.480 -0.597 -0.104 0.386 -0.952 0.213 0.309
-0.468 -0.465 0.565 0.259 -0.563 0.499 -0.075 -0.318 0.466 -0.471 -0.060 -0.673 0.668 0.206 0.626 -0.800 -0.996 -0.265 -0.460 -0.407 0.889 0.213 -0.299 0.103 0.061 -0.301 0.809 0.899 -0.456 0.794 0.194 -0.314 0.959 -0.774 -0.551 -0.693
0.858 0.109 -0.112 -0.444 0.089 -0.088 -0.602 0.553 -0.399 -0.699 -0.318 -0.417 -0.492 0.165 0.027 -0.449 -0.435 -0.675 -0.115 -0.553 0.577 -0.550 -0.093 0.987 0.055 0.466 -0.553 0.970 0.099 -0.643 -0.176 -0.351 0.889 0.119 -0.411 0.367
-0.056 -0.786 -0.781 0.538 0.716 -0.047 -0.532 -0.432 0.152 -0.159 -0.503 -0.642 0.409 0.667 -0.342 -0.891 0.785 -0.091 -0.541 -0.593 0.577 -0.038 0.564 0.431 -0.329 0.466 -0.652 -0.029 0.099 0.090 0.194 -0.351 0.889 0.119 0.044 0.528
0.858 0.109 -0.112 -0.444 0.089 -0.088 -0.532 -0.432 0.152 -0.159 -0.503 -0.642 0.409 0.667 -0.342 -0.891 0.785 -0.091 -0.541 -0.593 0.577 -0.038 0.564 0.431 -0.329 0.466 -0.652 -0.029 0.099 0.090 0.194 -0.351 0.889 0.119 0.044 0.528
0.927 -0.786 -0.213 0.538 0.734 -0.047 -0.187 0.553 -0.399 -0.496 0.803 -0.417 -0.492 -0.320 -0.598 -0.122 0.157 0.874 0.383 -0.831 0.577 0.410 0.364 -0.755 0.963 -0.074 -0.704 0.970 0.099 -0.058 0.194 -0.351 0.889 0.119 0.044 0.528
-0.056 -0.786 0.043 0.538 0.716 -0.047 -0.602 0.553 -0.399 0.294 0.275 -0.417 -0.492 -0.401 0.027 0.631 0.157 -0.108 0.383 -0.593 0.577 -0.038 0.564 0.431 -0.329 -0.074 -0.704 0.970 0.564 0.794 0.194 -0.314 0.959 0.119 0.044 0.528
0.736 -0.786 -0.213 0.538 0.370 -0.047 0.137 0.084 0.507 -0.937 -0.805 0.615 -0.492 0.753 0.027 0.631 0.157 -0.209 0.383 -0.593 0.577 -0.832 0.564 0.153 0.330 0.466 -0.652 0.970 0.099 -0.058 0.194 -0.378 0.711 -0.447 0.313 0.498
0.123 -0.786 -0.781 0.538 0.716 -0.047 -0.602 0.553 -0.399 -0.699 -0.318 -0.417 0.045 -0.191 0.816 -0.046 -0.003 0.997 0.980 -0.476 -0.509 0.562 -0.527 0.772 0.360 0.645 0.617 0.656 -0.773 -0.491 0.766 0.470 0.833 -0.516 0.056 -0.197
0.874 -0.488 -0.237 0.865 0.612 -0.942 0.074 -0.959 0.752 -0.903 0.974 0.350 -0.492 0.165 0.027 0.631 0.157 -0.209 0.383 -0.593 0.577 -0.038 0.564 -0.682 0.092 0.466 -0.652 0.970 0.099 -0.643 0.194 -0.378 0.711 0.285 0.313 0.498
0.960 -0.215 0.065 -0.774 0.752 -0.632 -0.343 -0.950 -0.494 -0.058 -0.610 0.054 -0.520 -0.706 0.849 -0.278 -0.709 -0.753 0.569 0.363 0.456 0.503 0.926 0.163 -0.173 0.900 0.625 0.757 -0.923 -0.004 0.128 0.484 -0.499 0.564 -0.002 0.673
0.170 -0.597 -0.632 0.727 0.148 -0.180 -0.129 -0.358 0.808 0.904 -0.437 -0.399 0.043 0.143 0.627 0.666 -0.657 -0.185 0.266 0.116 -0.134 0.587 -0.998 0.070 0.441 -0.100 0.034 -0.822 -0.447 -0.426 0.756 0.078 -0.924 -0.155 -0.560 0.096
0.094 0.049 -0.786 0.758 0.477 0.176 -0.096 0.263 -0.593 -0.215 -0.093 -0.411 0.181 -0.704 0.803 -0.672 -0.698 0.815 0.743 -0.370 0.289 0.569 -0.602 -0.069 0.220 0.797 -0.020 0.767 0.914 0.420 0.428 -0.010 0.812 -0.346 0.120 0.091
-0.432 -0.504 -0.765 0.112 -0.832 -0.474 0.000 0.143 0.055 0.617 0.051 -0.606 0.659 -0.172 -0.503 -0.163 0.427 0.135 0.185 -0.177 -0.791 0.762 0.490 -0.627 0.501 -0.643 0.998 0.018 -0.892 -0.516 0.790 -0.691 -0.090 0.539 0.128 -0.323
-0.168 -0.413 -0.999 0.535 -0.039 0.261 0.889 -0.244 0.759 0.042 0.885 -0.956 -0.435 -0.256 0.091 0.795 0.447 -0.931 -0.764 0.579 0.803 -0.987 0.802 0.533 0.075 0.715 -0.216 0.435 0.415 -0.150 0.179 -0.016 0.394 -0.418 -0.810 0.730
-0.272 -0.771 -0.592 -0.151 0.899 -0.700 0.634 0.254 0.983 -0.771 -0.763 0.492 0.725 0.729 0.786 -0.649 -0.684 0.938 -0.652 0.873 0.911 -0.951 0.106 -0.618 0.566 0.542 -0.571 0.381 0.781 -0.785 -0.465 0.342 -0.890 0.451 -0.652 0.592
0.778 -0.244 -0.223 -0.048 0.302 0.565 0.222 -0.083 0.180 0.563 -0.908 0.899 -0.669 0.963 0.006 -0.662 -0.461 -0.682 -0.757 -0.506 -0.753 0.590 -0.970 0.388 -0.756 -0.361 -0.789 -0.732 0.202 -0.191 0.936 -0.457 0.056 0.560 0.766 0.551
0.168 -0.091 -0.932 -0.386 0.229 -0.098 -0.309 -0.543 0.241 0.380 -0.766 0.820 -0.360 0.964 -0.523 -0.505 -0.774 0.156 0.057 0.677 0.808 -0.831 0.694 -0.632 -0.275 0.069 -0.909 -0.768 0.445 0.334 -0.813 -0.378 -0.511 0.350 -0.392 0.221
0.228 -0.022 0.839 0.171 0.150 -0.595 -0.695 -0.923 0.432 0.044 -0.426 -0.240 0.843 0.962 -0.896 -0.737 -0.102 0.104 -0.855 -0.187 -0.562 0.909 -0.579 0.381 -0.073 0.435 0.857 0.248 -0.778 0.484 0.969 0.859 -0.407 -0.451 -0.850 0.926
0.356 -0.666 -0.495 0.209 0.564 0.905 -0.409 -0.698 0.782 0.413 0.803 0.482 0.737 0.880 0.386 0.961 -0.487 0.564 -0.007 0.076 -0.012 -0.481 -0.191 0.339 -0.269 0.086 -0.696 0.082 -0.071 0.636 0.824 0.384 -0.123 0.109 0.628 -0.164
