-0.056 -0.786 -0.781 0.538 0.716 -0.047 -0.602 0.553 0.089 -0.699 -0.318 -0.417 -0.492 0.165 0.027 0.784 -0.435 -0.675 0.086 -0.553 0.577 -0.55 -0.055 0.987 0.092 -0.981 -0.325 0.97 0.099 0.215 0.173 -0.351 -0.573 0.119 -0.414 0.528 13.78848
0.736 -0.786 -0.213 0.538 0.37 -0.047 0.137 0.084 -0.28 -0.937 -0.805 0.615 -0.492 0.753 0.027 0.631 0.157 -0.108 0.383 -0.593 0.577 0.65 0.564 0.153 0.092 0.466 -0.652 0.97 0.099 -0.058 0.194 -0.351 -0.598 0.119 0.044 0.528 26.89342
-0.719 -0.786 -0.213 0.538 0.734 -0.047 -0.187 0.553 -0.399 0.919 0.803 -0.417 -0.492 0.26 -0.598 -0.241 0.157 0.874 0.383 -0.831 0.577 0.41 0.364 -0.755 -0.329 -0.074 -0.153 0.97 0.099 -0.041 0.283 -0.378 -0.974 0.285 -0.582 0.498 27.0281
0.123 -0.786 -0.781 0.538 0.716 -0.047 -0.602 0.553 -0.399 -0.699 -0.318 -0.417 -0.492 0.165 0.027 0.631 0.157 -0.209 0.383 -0.593 0.577 -0.038 0.564 -0.682 0.092 0.466 -0.652 0.97 0.099 -0.643 0.194 -0.378 0.711 0.285 0.313 0.498 21.29174
-0.039 -0.786 -0.213 0.538 0.2 -0.047 0.615 0.553 -0.399 -0.699 0.459 -0.417 -0.292 0.085 0.344 0.098 0.123 -0.915 0.383 0.352 0.577 0.55 0.811 -0.113 0.055 0.466 -0.704 0.97 0.129 0.737 0.194 -0.378 0.373 0.377 -0.411 0.367 23.85114
0.858 0.109 -0.112 -0.444 0.089 -0.088 -0.532 -0.432 0.152 -0.159 -0.503 -0.642 0.409 0.667 -0.342 -0.891 0.785 -0.091 -0.541 -0.593 0.577 -0.038 0.564 0.431 -0.329 -0.074 -0.704 0.97 0.099 -0.041 0.283 -0.378 -0.974 0.285 -0.582 0.498 3
-0.281 -0.786 -0.213 0.334 -0.147 0.553 0.339 0.553 0.484 -0.699 -0.211 -0.417 -0.492 -0.114 -0.342 -0.891 -0.226 -0.091 -0.541 -0.593 -0.549 -0.038 0.564 0.431 0.853 -0.074 -0.704 0.97 0.564 0.794 0.194 -0.314 0.959 -0.774 -0.551 0.739 1.5
-0.056 -0.786 0.456 0.538 0.716 -0.047 -0.602 0.553 -0.399 0.294 -0.318 -0.417 -0.492 -0.401 0.027 0.631 0.157 -0.209 0.383 -0.593 0.577 -0.832 0.564 0.153 0.092 0.466 -0.652 0.97 0.099 -0.058 0.194 -0.378 0.711 -0.447 0.313 0.498 21.17007
-0.056 -0.786 -0.781 0.538 0.716 -0.047 -0.602 0.553 -0.399 -0.699 -0.318 -0.417 -0.492 0.165 0.027 -0.449 -0.435 -0.675 -0.115 -0.553 0.577 -0.55 -0.093 0.987 0.055 0.466 -0.553 0.97 0.099 -0.643 0.194 -0.351 0.889 0.119 -0.411 0.367 26.6542
0.736 -0.786 -0.213 0.538 0.37 -0.047 0.137 0.084 -0.28 -0.937 -0.805 0.615 -0.492 0.753 0.027 0.631 0.157 -0.108 0.383 -0.593 0.577 -0.038 0.564 0.431 -0.329 -0.074 -0.704 0.97 0.564 0.794 0.194 -0.314 0.959 0.119 0.044 0.528 14.75179
-0.662 -0.786 -0.213 0.538 0.2 -0.047 0.137 0.553 -0.399 -0.699 -0.211 -0.417 -0.492 -0.086 -0.342 -0.891 -0.226 -0.091 -0.541 -0.593 0.577 -0.038 0.564 0.431 -0.329 -0.074 -0.704 0.97 0.564 0.794 0.194 -0.314 0.959 -0.774 -0.551 0.739 12.04979
-0.056 -0.786 -0.781 0.538 0.716 -0.047 -0.602 0.553 -0.399 -0.056 -0.318 -0.417 -0.492 -0.979 0.027 -0.449 0.157 -0.209 0.383 0.352 0.53 -0.855 0.564 -0.852 0.055 0.466 -0.553 0.97 0.099 -0.643 0.194 -0.351 0.889 0.119 -0.08 0.367 3
-0.281 -0.786 -0.213 0.334 -0.147 0.553 0.339 0.553 -0.399 -0.699 -0.211 -0.417 -0.492 -0.114 -0.342 -0.891 -0.226 -0.208 -0.541 -0.593 0.577 -0.038 0.564 0.431 0.853 -0.074 -0.704 -0.861 0.564 0.794 0.194 -0.314 0.711 0.285 0.313 0.498 3
0.736 -0.786 -0.781 0.538 0.716 -0.047 -0.602 0.553 -0.399 -0.699 -0.318 -0.417 -0.492 0.329 0.027 0.631 0.157 -0.209 0.383 -0.593 0.577 -0.832 0.564 0.153 0.092 0.466 -0.652 0.97 0.099 -0.058 0.124 -0.378 0.711 -0.447 0.313 0.498 17.46949
0.858 0.109 -0.112 -0.444 0.089 -0.088 -0.532 -0.432 0.152 -0.159 -0.503 -0.642 0.409 0.667 -0.342 -0.891 0.785 -0.091 -0.541 -0.593 0.577 -0.038 -0.648 0.431 -0.329 -0.074 -0.704 0.97 0.564 -0.058 0.194 -0.314 0.959 0.814 -0.497 0.739 3
0.736 -0.786 -0.781 0.334 -0.147 0.553 0.339 0.553 -0.399 -0.699 -0.211 -0.417 -0.492 0.667 -0.342 -0.891 -0.226 -0.091 -0.541 -0.593 0.577 -0.038 0.564 0.431 -0.329 -0.074 -0.704 0.97 0.564 0.794 0.194 -0.314 0.959 -0.774 -0.551 0.739 3
-0.281 -0.786 -0.213 0.538 0.2 -0.047 -0.801 0.553 -0.72 0.919 0.803 0.768 -0.888 0.134 -0.694 0.274 0.157 -0.209 0.383 -0.593 0.577 -0.038 0.564 0.431 -0.329 -0.074 -0.704 0.97 0.564 -0.058 0.194 -0.314 0.959 -0.855 -0.188 0.739 16.97843
0.722 -0.786 -0.213 0.538 0.114 -0.047 -0.473 0.553 -0.28 -0.937 -0.805 0.671 -0.888 -0.401 0.027 0.098 0.123 -0.915 0.383 -0.593 0.577 0.745 0.564 0.431 0.055 -0.132 -0.553 0.97 0.099 -0.643 0.194 -0.351 0.889 0.772 0.313 0.498 27.66268
0.736 -0.786 -0.781 0.538 0.716 -0.047 -0.602 0.79 -0.399 -0.699 -0.318 -0.417 -0.492 0.801 0.155 0.274 0.007 -0.209 0.383 0.352 0.577 -0.855 0.564 0.431 0.055 0.466 -0.553 0.97 0.099 -0.643 0.194 -0.378 0.711 0.285 0.313 0.498 3
0.736 -0.786 -0.583 0.538 -0.966 -0.047 0.45 0.553 -0.399 -0.699 -0.318 -0.417 -0.492 0.457 0.027 0.631 0.157 -0.209 0.383 -0.593 0.577 -0.979 0.564 0.431 -0.329 -0.074 -0.704 0.97 0.564 -0.058 0.194 -0.378 0.959 -0.774 -0.723 0.498 10.53795
0.736 -0.786 -0.781 0.334 -0.147 0.553 -0.386 0.553 -0.399 -0.699 -0.211 -0.417 -0.492 -0.086 -0.342 -0.891 -0.226 -0.091 -0.541 -0.593 0.577 -0.038 0.564 0.431 -0.329 -0.074 -0.704 0.97 0.564 0.794 0.194 -0.314 0.959 -0.774 -0.551 0.739 16.24118
-0.281 -0.786 -0.679 0.538 0.2 -0.047 -0.801 0.553 -0.399 0.919 0.803 -0.417 -0.888 -0.807 -0.694 0.274 0.157 -0.209 0.383 -0.593 0.577 -0.038 0.564 0.431 -0.329 -0.074 -0.704 0.97 0.564 0.873 0.194 -0.378 0.711 0.285 0.313 0.498 3
0.736 -0.786 -0.213 0.538 0.2 -0.114 -0.712 0.553 -0.719 -0.699 -0.318 0.036 -0.492 0.801 0.155 0.274 0.157 -0.209 0.383 0.352 0.577 -0.855 0.564 0.431 0.055 0.466 -0.553 0.97 0.099 -0.643 0.194 -0.378 0.711 0.285 0.313 0.498 25.63256
-0.056 -0.786 -0.781 0.538 0.716 -0.047 -0.602 0.553 -0.399 -0.699 -0.318 -0.417 -0.492 0.165 0.027 0.631 0.157 -0.209 0.383 -0.593 0.577 -0.038 0.564 -0.682 0.092 0.466 -0.652 0.97 0.099 -0.058 0.194 -0.378 0.711 -0.447 0.313 0.498 18.8712
-0.662 -0.786 0.43 0.538 0.716 -0.047 -0.801 0.553 -0.941 0.919 -0.805 -0.417 -0.492 0.667 -0.342 -0.891 -0.226 -0.091 -0.541 -0.593 0.577 -0.038 0.564 0.431 -0.329 -0.074 -0.704 0.97 0.564 0.794 0.194 -0.314 0.959 -0.447 0.313 0.498 21.61897
0.927 -0.786 -0.213 0.538 0.734 -0.047 -0.187 0.553 -0.399 -0.496 0.803 -0.417 -0.492 -0.32 -0.598 -0.122 0.157 0.874 0.383 -0.831 0.577 0.41 0.364 -0.755 0.963 -0.074 -0.704 0.97 0.099 -0.058 0.194 -0.351 0.889 0.119 0.044 0.528 14.82979
-0.056 -0.786 -0.707 0.535 0.716 -0.976 -0.602 0.553 -0.399 -0.699 -0.318 0.036 -0.492 0.801 0.344 0.274 0.157 -0.209 0.383 0.352 0.577 -0.855 0.564 0.431 0.055 0.615 -0.553 0.97 0.099 -0.643 0.194 -0.378 0.711 -0.461 0.313 0.481 24.06156
-0.662 -0.786 0.43 0.538 0.716 -0.047 -0.801 0.553 -0.941 0.919 -0.805 -0.675 -0.492 0.457 0.027 0.631 0.157 -0.209 0.383 -0.593 0.577 -0.038 0.564 0.431 -0.329 -0.074 -0.704 0.97 0.564 -0.058 0.194 -0.378 -0.648 0.826 -0.723 0.498 23.30529
-0.662 -0.786 -0.213 0.538 0.2 -0.047 0.137 0.553 -0.399 -0.699 -0.211 -0.417 -0.492 -0.086 -0.342 -0.891 -0.226 -0.091 -0.541 -0.593 0.577 -0.038 0.564 0.431 -0.329 -0.074 -0.704 0.97 0.564 0.794 0.194 -0.314 0.959 -0.774 -0.551 0.739 21.42205
0.736 -0.786 0.212 0.538 0.2 -0.114 -0.712 0.553 -0.719 -0.699 -0.318 0.036 -0.492 -0.32 -0.598 -0.241 0.157 0.874 0.383 0.234 0.577 0.41 0.364 -0.755 -0.329 -0.074 -0.704 0.97 0.099 -0.041 0.283 -0.378 -0.974 0.285 -0.582 0.498 19.3826
0.032 -0.786 -0.781 0.334 -0.147 0.553 0.339 0.553 -0.399 -0.699 -0.211 -0.417 -0.492 0.667 -0.342 -0.891 -0.226 -0.382 -0.541 -0.593 0.577 0.65 0.564 0.153 0.092 0.466 -0.652 0.97 0.099 -0.058 0.194 -0.351 -0.598 0.119 0.044 0.528 11.85903
0.858 0.109 -0.112 -0.444 0.089 -0.088 -0.532 -0.432 0.152 -0.159 -0.503 -0.642 0.409 0.667 -0.342 -0.891 0.785 -0.091 -0.178 -0.593 0.577 -0.038 0.564 0.431 -0.329 -0.074 -0.704 0.97 0.099 -0.324 0.623 -0.351 0.145 0.119 -0.411 0.367 25.05817
-0.281 -0.786 -0.213 0.538 0.734 -0.047 -0.187 0.553 -0.399 0.919 0.803 -0.417 -0.492 0.616 -0.598 -0.241 0.157 0.874 0.383 -0.831 0.577 0.41 0.364 -0.755 -0.329 -0.074 -0.704 0.97 0.564 -0.058 -0.115 -0.314 0.959 -0.855 -0.497 0.739 11.3464
0.14 -0.786 0.061 0.334 -0.147 0.553 -0.386 0.553 -0.399 -0.699 -0.211 -0.417 -0.492 -0.086 -0.342 -0.891 -0.226 -0.091 -0.541 -0.593 0.577 -0.038 0.564 0.431 0.723 0.644 -0.704 0.97 0.564 0.794 0.194 -0.314 0.959 -0.774 -0.551 0.739 20.20497
0.736 -0.786 -0.213 0.538 0.2 -0.047 0.137 -0.006 -0.28 -0.937 -0.805 0.294 -0.492 0.753 0.027 0.544 0.157 -0.209 0.383 -0.593 0.577 -0.743 0.712 0.431 -0.329 -0.074 -0.704 0.97 0.564 -0.058 0.194 -0.378 0.959 -0.774 -0.497 0.498 3
-0.281 -0.786 -0.213 0.538 0.2 -0.047 -0.801 0.553 -0.399 0.919 0.803 0.211 0.705 0.134 0.92 0.274 0.157 -0.209 0.145 -0.593 0.577 -0.038 0.564 0.431 -0.329 -0.074 -0.704 0.97 0.099 -0.643 0.194 -0.351 0.889 0.119 -0.411 0.367 3
0.736 -0.786 -0.213 0.538 0.2 -0.047 -0.801 0.553 -0.399 0.919 0.701 -0.417 -0.492 -0.865 0.027 -0.965 0.157 0.574 -0.932 -0.553 0.577 -0.55 -0.093 0.987 0.055 0.466 -0.553 0.97 0.099 -0.643 0.194 -0.351 0.889 0.119 -0.411 0.367 18.42092
-0.281 -0.786 -0.112 -0.444 0.089 -0.088 0.609 -0.432 0.152 -0.937 -0.805 -0.417 -0.492 -0.401 0.027 -0.965 0.033 0.478 0.702 -0.593 0.577 -0.038 0.564 0.431 -0.329 0.466 -0.501 0.97 0.099 -0.058 0.194 -0.378 0.193 0.377 -0.411 0.367 3
0.858 0.109 -0.112 0.68 0.089 -0.088 0.609 -0.432 0.152 -0.937 -0.805 -0.417 -0.492 -0.401 0.027 -0.018 0.033 0.478 0.702 -0.593 0.577 -0.038 0.564 0.431 -0.329 0.466 -0.501 0.97 0.099 -0.058 0.194 -0.378 0.193 0.377 -0.411 0.367 100
0.384 -0.786 0.43 0.538 0.716 0.553 0.339 0.553 -0.399 -0.699 -0.211 -0.417 -0.492 0.667 -0.342 -0.891 -0.226 -0.382 -0.541 -0.658 0.577 0.65 0.564 0.153 0.092 0.466 -0.652 0.97 0.099 -0.058 0.194 -0.351 -0.598 0.119 0.044 0.528 28.51375
0.032 -0.786 -0.781 0.334 -0.147 -0.047 -0.801 0.553 -0.941 0.919 -0.805 -0.675 -0.492 0.457 0.027 0.631 0.157 -0.209 0.383 -0.593 0.577 -0.038 0.564 0.431 -0.329 -0.074 -0.704 0.97 0.564 -0.058 0.194 -0.378 -0.648 0.826 -0.723 0.498 25.29451
-0.662 -0.786 -0.213 0.538 0.2 -0.047 0.137 0.553 -0.399 -0.699 -0.211 -0.417 -0.492 -0.086 -0.342 -0.891 -0.226 -0.091 -0.541 -0.593 0.577 -0.038 0.564 0.431 -0.329 -0.074 -0.704 0.97 0.564 -0.058 0.173 -0.351 0.889 -0.774 -0.551 0.739 23.41594
0.736 -0.786 -0.213 0.538 0.2 -0.114 -0.712 0.553 -0.719 -0.699 -0.318 0.036 -0.492 -0.401 0.027 0.631 0.157 -0.209 0.383 -0.593 0.577 -0.832 0.564 -0.163 -0.162 -0.67 0.567 0.97 0.099 0.794 0.194 -0.314 0.959 -0.774 -0.551 0.739 3
0.736 -0.786 -0.213 0.538 0.264 -0.047 0.137 0.084 -0.28 -0.937 -0.168 0.685 -0.492 0.753 0.027 0.631 0.157 -0.108 0.383 -0.593 0.577 -0.832 0.564 0.153 0.092 0.466 -0.652 0.97 0.099 -0.058 0.124 -0.378 0.711 -0.447 0.313 0.498 22.76374
0.736 -0.786 -0.781 0.538 0.716 -0.047 -0.602 0.553 -0.399 -0.699 -0.318 -0.417 -0.492 0.329 0.027 0.631 0.157 -0.209 0.383 -0.593 0.577 0.65 0.564 0.855 -0.766 0.466 -0.652 0.97 0.047 -0.058 0.194 -0.351 -0.598 0.119 0.044 0.528 27.23123
0.946 -0.595 0.141 0.645 0.367 0.92 -0.915 0.965 -0.747 -0.185 -0.771 -0.966 0.81 0.603 0.25 0.356 0.2 0.222 -0.047 0.874 -0.767 0.981 -0.462 0.069 0.341 0.171 0.256 -0.165 0.727 0.053 0.216 -0.353 -0.105 0.291 0.377 0.421 3
0.736 -0.786 -0.537 0.538 -0.966 -0.991 0.45 0.553 -0.399 -0.699 -0.318 -0.417 -0.492 0.801 0.344 0.274 0.157 -0.209 0.383 0.352 0.577 -0.855 0.564 0.372 0.055 0.466 -0.553 0.97 0.099 -0.643 0.194 -0.378 -0.119 -0.774 0.313 0.498 22.09883
0.722 -0.271 -0.213 0.538 0.114 -0.047 -0.473 0.553 -0.28 -0.937 -0.805 0.671 -0.888 0.545 0.027 0.098 0.123 -0.915 0.383 -0.593 0.577 0.745 0.564 0.431 -0.329 -0.074 -0.704 0.97 0.099 -0.041 0.283 -0.378 -0.974 0.285 -0.582 0.498 20.88268
-0.719 -0.786 -0.213 0.538 0.734 -0.047 -0.187 0.553 -0.399 0.919 0.803 -0.417 -0.492 0.26 -0.598 -0.241 0.157 0.874 0.383 -0.831 0.577 0.41 0.364 -0.755 -0.329 -0.074 -0.153 0.97 0.564 0.873 0.194 -0.378 0.711 0.285 0.313 0.528 100
0.736 -0.786 -0.213 0.538 -0.966 -0.047 0.45 0.553 -0.399 -0.699 -0.318 -0.417 -0.492 0.801 0.344 0.274 0.157 -0.209 0.383 0.352 0.577 -0.855 0.564 0.372 0.055 0.466 -0.553 0.97 0.099 -0.643 0.194 -0.378 -0.119 -0.774 0.313 0.498 10.82931
0.736 -0.786 -0.213 0.538 0.2 -0.114 -0.712 0.553 -0.719 -0.699 -0.318 0.036 -0.492 -0.401 0.027 0.631 0.157 -0.209 0.383 -0.593 0.622 0.249 0.564 -0.163 -0.162 -0.67 0.567 0.97 0.099 -0.058 0.173 -0.351 0.889 -0.774 -0.551 0.739 1.5
0.736 -0.786 -0.213 0.538 -0.966 -0.047 0.45 0.553 -0.399 -0.699 -0.318 -0.417 -0.492 0.801 0.344 0.274 0.157 -0.209 0.383 0.352 0.577 -0.855 0.564 0.372 0.055 0.466 -0.553 0.97 0.564 -0.058 0.194 -0.314 0.959 -0.855 -0.497 0.739 15.08411
0.858 0.109 -0.112 -0.444 0.089 -0.088 -0.532 -0.432 0.152 -0.159 -0.503 -0.642 0.409 0.667 -0.342 -0.891 0.785 -0.091 -0.996 -0.593 0.577 -0.038 0.564 0.431 -0.329 -0.074 -0.704 0.97 0.099 -0.643 0.194 -0.378 -0.119 0.721 0.313 0.498 19.11554
0.722 -0.786 -0.213 0.538 0.114 -0.047 -0.473 0.553 -0.28 -0.937 -0.805 -0.417 -0.492 0.801 0.155 0.274 0.157 -0.209 0.383 0.352 0.577 -0.855 0.564 0.431 0.055 0.466 -0.553 0.97 0.099 -0.643 0.194 -0.378 0.711 0.285 0.313 0.498 21.62652
0.858 0.109 -0.781 0.538 0.716 -0.047 -0.602 0.553 -0.399 -0.699 -0.318 0.671 -0.888 -0.401 0.027 0.098 0.123 -0.915 0.383 -0.593 0.577 0.745 0.564 0.431 0.055 -0.132 -0.553 0.97 0.099 -0.643 0.194 -0.351 0.889 0.772 0.313 0.498 3
-0.056 -0.786 -0.781 0.538 0.716 -0.047 -0.602 0.553 0.089 -0.699 0.178 -0.417 -0.492 0.165 0.027 0.784 -0.435 -0.675 0.086 -0.553 0.577 -0.55 0.881 0.987 0.092 -0.981 -0.325 0.97 0.099 0.215 0.173 -0.351 -0.573 0.119 0.044 0.528 3
0.736 -0.786 -0.213 0.538 0.37 -0.047 0.137 0.084 -0.28 -0.937 -0.805 0.615 -0.492 0.753 0.027 0.631 0.157 -0.108 0.383 -0.593 0.577 -0.038 0.564 0.431 -0.329 -0.074 -0.704 0.97 0.564 0.794 0.194 -0.314 0.959 0.119 -0.414 0.528 23.30461
0.736 -0.786 -0.213 0.538 -0.966 -0.047 0.45 0.553 -0.399 -0.699 -0.318 -0.417 -0.492 0.457 0.027 0.631 0.157 -0.209 0.383 -0.593 0.577 -0.038 0.564 0.431 0.055 0.615 -0.553 0.97 0.099 -0.643 0.194 -0.378 0.711 -0.461 0.313 0.481 12.81303
-0.056 -0.786 -0.707 0.535 0.716 -0.976 -0.602 0.553 -0.399 -0.279 -0.318 0.036 -0.492 0.801 0.344 0.274 0.157 -0.209 0.383 0.352 0.577 -0.855 0.564 0.431 -0.329 -0.074 -0.704 0.97 0.564 -0.058 0.194 -0.378 0.959 -0.774 -0.058 0.498 11.0637
0.858 0.109 -0.112 -0.444 0.089 -0.088 -0.532 -0.432 0.152 -0.159 -0.503 -0.642 0.409 0.667 -0.342 -0.891 0.785 -0.091 -0.541 -0.593 0.577 -0.038 0.564 0.431 -0.329 0.466 -0.652 -0.029 0.099 0.09 0.194 -0.351 0.889 0.119 0.044 0.528 3
0.736 -0.786 -0.781 0.334 -0.147 -0.387 0.339 0.553 -0.399 -0.699 -0.211 -0.675 -0.492 -0.583 0.07 -0.268 0.157 -0.108 0.383 -0.593 0.577 0.65 0.564 0.153 0.092 -0.074 -0.704 0.97 0.099 -0.324 0.194 -0.351 0.145 0.119 -0.411 0.367 28.59318
-0.399 -0.786 -0.213 0.538 0.2 -0.047 -0.801 0.553 -0.399 0.919 0.803 -0.417 -0.888 -0.471 -0.694 0.274 0.157 -0.209 0.383 -0.593 0.577 -0.038 0.564 0.431 -0.329 -0.074 -0.704 0.97 0.099 -0.041 0.283 -0.378 -0.974 0.285 -0.582 0.537 25.9512
-0.281 -0.786 -0.213 0.538 0.734 -0.047 -0.187 0.553 -0.399 0.919 0.803 -0.417 -0.492 -0.32 -0.598 -0.241 0.157 0.874 0.383 -0.831 0.577 0.41 0.364 -0.755 -0.329 -0.074 -0.704 0.97 0.564 0.873 0.194 -0.378 0.711 0.285 0.313 0.498 27.69099
-0.587 0.447 0.231 -0.589 -0.94 -0.797 -0.841 0.384 0.819 0.561 -0.26 -0.479 -0.381 -0.653 0.416 -0.473 -0.951 0.651 -0.242 0.918 -0.741 0.176 0.096 0.153 0.092 0.466 -0.652 0.97 0.564 0.873 0.194 -0.378 0.711 0.285 0.313 0.498 3
0.858 0.109 -0.213 0.538 0.2 -0.047 -0.801 0.553 -0.399 0.919 -0.246 -0.417 -0.888 -0.471 -0.694 0.274 0.157 -0.209 0.383 -0.593 0.577 -0.038 0.564 0.431 0.785 -0.074 -0.704 0.97 0.099 -0.058 0.194 -0.378 0.711 -0.447 0.313 0.498 3
0.874 -0.488 -0.237 0.865 0.612 -0.942 0.074 -0.959 0.752 -0.903 0.974 0.35 0.045 -0.191 0.816 -0.046 -0.003 0.997 0.98 -0.476 -0.509 0.562 -0.527 0.772 0.36 0.645 0.617 0.656 -0.773 -0.491 0.766 0.47 0.833 -0.516 0.056 -0.197 3
0.98 0.206 0.312 0.6 0.063 -0.539 -0.89 0.196 -0.875 0.291 0.902 -0.92 0.158 -0.508 -0.717 0.661 -0.789 0.529 0.628 -0.401 0.252 0.31 0.674 -0.09 0.894 -0.954 0.777 0.964 0.074 -0.949 0.963 0.402 -0.81 0.652 0.036 -0.695 1.5
-0.568 -0.516 -0.536 0.887 0.65 -0.319 -0.216 -0.628 0.716 0.895 -0.343 0.501 -0.959 -0.393 0.13 0.525 -0.565 -0.782 -0.363 -0.373 -0.549 -0.776 0.97 -0.034 0.817 -0.963 0.23 -0.276 -0.594 0.062 0.005 -0.906 0.761 0.169 -0.85 0.676 3
-0.02 0.872 -0.566 -0.07 -0.786 0.532 -0.838 -0.39 -0.853 -0.766 -0.897 0.644 -0.726 -0.035 -0.641 -0.362 -0.6 0.349 -0.181 -0.731 0.548 -0.7 0.892 -0.459 -0.454 0.163 0.43 0.156 -0.882 0.205 0.61 0.946 0.868 -0.463 0.523 -0.33 3
0.335 -0.884 0.131 -0.443 -0.895 -0.625 -0.278 -0.393 0.9 0.701 -0.345 0.6 0.349 -0.185 0.44 -0.335 0.471 -0.399 0.109 -0.212 0.637 0.32 0.129 0.881 -0.96 0.742 0.175 -0.853 -0.031 -0.593 0.341 -0.657 0.697 -0.44 0.639 -0.588 1.5
-0.678 -0.935 -0.676 0.485 -0.746 0.954 0.295 0.002 0.271 0.556 0.436 0.431 -0.866 0.241 -0.089 0.415 0.217 -0.567 -0.026 -0.391 -0.546 0.146 0.956 -0.033 -0.961 0.81 -0.599 0.183 0.876 -0.235 -0.209 0.006 0.936 0.637 0.729 0.443 3
0.997 0.487 -0.891 -0.46 -0.66 0.845 0.769 -0.232 0.875 -0.005 -0.958 0.865 -0.296 -0.43 -0.751 0.316 0.311 0.299 -0.271 0.856 -0.182 0.602 -0.744 0.821 0.383 0.353 -0.874 0.502 -0.728 0.687 0.639 0.365 -0.48 0.674 -0.63 0.981 3
-0.468 0.448 0.565 0.259 -0.563 0.499 -0.075 -0.318 0.466 -0.471 -0.06 -0.673 0.668 0.206 0.626 -0.8 -0.996 -0.265 -0.46 -0.407 0.889 0.213 -0.299 0.103 0.061 -0.301 0.809 0.899 -0.456 -0.48 -0.597 -0.104 0.386 -0.952 0.213 0.309 3
0.645 -0.688 0.639 0.565 -0.219 -0.619 0.344 0.985 -0.537 -0.031 -0.208 -0.156 -0.284 -0.328 0.317 0.875 0.618 -0.368 0.755 0.808 -0.541 -0.681 -0.005 -0.705 -0.159 0.806 0.411 -0.501 0.353 -0.637 -0.163 -0.27 0.133 0.727 0.352 0.543 14.37397
0.457 0.383 -0.092 0.751 -0.4 -0.895 0.931 -0.031 0.357 -0.444 -0.978 -0.102 0.919 -0.08 0.857 0.552 -0.601 0.753 0.69 -0.892 -0.364 0.509 0.065 -0.155 0.48 0.816 0.505 -0.331 0.732 -0.939 0.199 -0.259 -0.487 -0.143 0.01 0.097 22.35109
