2566.220 27.7938 -0.0177 -0.0455 -0.0728 -0.0236 0.0242 0.0618 0.0542 0.0500 -0.0279 0.0251 0.0131 0.0623 -0.0101 0.0017 -0.0190 0.0683 0.0267 0.0760 -0.0107 -0.0089 -0.0233 0.0016 -0.0313 0.0031 -0.0547 0.0505 -0.0064 0.0142 0.0567 -0.0546 0.0626 -0.0359 0.0246 0.0033 -0.0286 -0.0424 -0.0408 -0.0505 -0.0641 0.0457 -0.0100 0.0005 -0.0729 -0.0156 0.0462 0.0393 -0.0093 0.0509
3126.683 27.5672 -0.0176 -0.0773 -0.0491 -0.0109 -0.0188 -0.0586 0.1672 -0.0271 -0.0787 0.1391 -0.0675 0.1233 0.1099 0.0722 -0.0297 0.1162 0.0723 -0.0223 0.0446 -0.0458 -0.1211 -0.0487 0.0456 -0.0544 0.0451 0.1626 -0.0398 0.1207 0.0994 -0.1545 0.1627 -0.0060 0.0672 0.1435 0.0349 -0.0920 -0.0431 -0.0948 -0.0798 0.0163 -0.1001 -0.0258 -0.0359 -0.0564 -0.0317 0.0040 -0.0563 -0.1134
2749.055 27.4562 -0.0271 -0.0537 0.0771 0.0438 -0.0359 0.1323 0.1695 0.0256 -0.1280 0.1999 0.0100 0.1372 0.1332 0.0212 -0.0381 0.1616 -0.0081 -0.1065 0.1417 -0.1694 -0.2188 -0.0354 0.1345 -0.1025 0.0755 0.2817 -0.0305 0.1305 0.0804 0.0153 0.1067 -0.0271 0.1588 0.1986 -0.1148 -0.0353 -0.0152 -0.1346 -0.0577 0.2007 -0.0610 0.0164 0.0896 -0.0875 -0.0279 0.0522 -0.0703 -0.1089
3511.048 27.0213 -0.0950 -0.1054 0.1195 0.1456 -0.1411 0.1857 0.1044 -0.0541 -0.0894 0.2288 0.0949 0.0025 0.2423 0.0372 -0.0434 0.1093 -0.1173 -0.1861 0.2773 -0.1203 -0.2644 -0.0604 0.1011 -0.2019 0.0307 0.3719 0.0386 0.2532 -0.1310 -0.0027 0.1229 0.0763 0.2890 0.1583 -0.2809 0.0094 0.0678 -0.1189 -0.0709 0.1778 -0.0525 0.0384 0.2125 -0.2508 0.0291 0.0582 0.0086 -0.0690
4111.968 25.5548 0.0343 -0.2055 0.2026 0.2257 -0.1384 0.2527 0.0511 -0.0924 -0.1540 0.3158 0.1540 0.0746 0.3720 0.1773 0.0380 0.1247 -0.2988 -0.4113 0.3603 -0.3054 -0.3528 -0.1699 0.1424 -0.3242 0.1910 0.4754 0.1710 0.2950 -0.2812 -0.1345 0.0168 0.0917 0.4227 0.1281 -0.3322 -0.0462 0.1295 -0.1586 -0.0752 0.1677 -0.1102 -0.0407 0.3275 -0.2299 -0.1253 0.1287 0.0939 -0.2123
4901.843 22.9431 0.0909 -0.4094 0.3633 0.3793 -0.0788 0.1784 0.1000 -0.1133 -0.1782 0.2840 0.1807 0.1185 0.4778 0.2319 0.1197 0.1345 -0.4353 -0.5857 0.4578 -0.5328 -0.4324 -0.2475 0.2033 -0.3898 0.3637 0.5585 0.3605 0.3108 -0.3485 -0.2411 -0.2781 0.2015 0.5743 0.1297 -0.5227 -0.0455 0.1767 -0.2337 0.0085 0.1359 -0.1279 -0.0778 0.3864 -0.2230 -0.2555 0.3057 0.2075 -0.3372
6292.796 20.0962 0.0990 -0.4434 0.3931 0.3937 -0.0585 0.1587 -0.0115 -0.1241 -0.1152 0.2725 0.1289 0.1798 0.6238 0.2967 0.2042 0.2312 -0.5250 -0.7438 0.5109 -0.6897 -0.4720 -0.3575 0.2884 -0.4342 0.5382 0.6342 0.4998 0.3147 -0.5443 -0.3619 -0.4106 0.2658 0.6614 0.1495 -0.6298 -0.0866 0.2562 -0.2679 -0.0456 0.0543 -0.1343 -0.1124 0.4754 -0.1969 -0.2885 0.3560 0.3111 -0.4050
6275.845 17.3625 0.0735 -0.5194 0.4523 0.5256 -0.0148 0.0794 0.0765 -0.1925 -0.1087 0.1814 0.1641 0.3361 0.6609 0.3323 0.3063 0.3550 -0.5335 -0.8450 0.5538 -0.8086 -0.5560 -0.3901 0.2585 -0.4462 0.7026 0.7114 0.5832 0.2937 -0.5804 -0.4454 -0.5062 0.2863 0.6860 0.0770 -0.6496 -0.1660 0.3050 -0.3311 -0.0293 0.0358 -0.1181 -0.1752 0.4995 -0.1865 -0.3462 0.4268 0.3734 -0.5291
7943.424 14.3611 0.0288 -0.5749 0.5601 0.5283 0.0899 0.0139 0.0031 -0.2012 -0.0775 0.1747 0.0976 0.3845 0.7408 0.3081 0.3543 0.4657 -0.6007 -0.9210 0.5615 -0.8651 -0.6137 -0.4104 0.2774 -0.4530 0.8368 0.7796 0.7016 0.2618 -0.6376 -0.5163 -0.5472 0.3087 0.7265 0.0943 -0.6697 -0.1961 0.3235 -0.3497 -0.0160 -0.0214 -0.0915 -0.1908 0.5375 -0.1966 -0.3469 0.4358 0.4017 -0.5715
7640.497 14.0375 0.0113 -0.5359 0.5497 0.5183 0.1192 -0.0984 0.0240 -0.1610 -0.0507 0.1455 0.0229 0.4467 0.7688 0.3031 0.3485 0.4700 -0.6164 -0.9232 0.5476 -0.8634 -0.5908 -0.4197 0.2844 -0.4737 0.8331 0.7732 0.7154 0.2527 -0.6760 -0.5205 -0.5435 0.3284 0.7235 0.1132 -0.6914 -0.1889 0.3186 -0.3395 -0.0283 -0.0388 -0.1033 -0.1801 0.5511 -0.2017 -0.3461 0.4475 0.3975 -0.5569
9088.170 11.3705 -0.0943 -0.5389 0.6174 0.5486 0.2301 -0.2844 -0.0183 -0.1670 0.0088 0.0851 -0.0836 0.4975 0.7765 0.2869 0.3756 0.5015 -0.6214 -0.9462 0.5449 -0.8878 -0.6383 -0.4105 0.2684 -0.4548 0.8949 0.8001 0.7451 0.2392 -0.7536 -0.5871 -0.6251 0.3152 0.7504 0.0697 -0.6800 -0.1864 0.3408 -0.3898 -0.0230 -0.0818 -0.1040 -0.2031 0.6072 -0.1809 -0.3625 0.5318 0.4529 -0.6332
8532.763 9.8033 -0.1125 -0.5169 0.6098 0.5152 0.2415 -0.3359 -0.0628 -0.1403 0.0281 0.0891 -0.1318 0.4934 0.7735 0.2725 0.3907 0.5415 -0.6418 -0.9677 0.5484 -0.9000 -0.6715 -0.4001 0.2588 -0.4427 0.9369 0.8282 0.7699 0.2249 -0.7613 -0.5817 -0.6508 0.3130 0.7775 0.0620 -0.6837 -0.1670 0.3412 -0.4145 -0.0028 -0.0787 -0.1211 -0.1970 0.6097 -0.1879 -0.3962 0.5682 0.4314 -0.6714
9489.634 9.3458 -0.1200 -0.4709 0.5748 0.4809 0.2449 -0.3915 -0.0759 -0.1060 0.0546 0.0876 -0.1926 0.5015 0.7777 0.2700 0.3948 0.5507 -0.6346 -0.9720 0.5480 -0.9103 -0.6748 -0.4089 0.2516 -0.4423 0.9345 0.8370 0.7908 0.2233 -0.7433 -0.5851 -0.6441 0.3259 0.7750 0.0621 -0.6964 -0.1888 0.3390 -0.4204 0.0121 -0.0698 -0.1041 -0.1959 0.6075 -0.1968 -0.3969 0.5670 0.4247 -0.6753
9480.810 9.7118 -0.0888 -0.4292 0.4761 0.4160 0.2026 -0.3429 -0.0879 -0.0663 0.0574 0.1062 -0.2082 0.4842 0.7777 0.2700 0.3944 0.5499 -0.6285 -0.9634 0.5480 -0.9107 -0.6781 -0.4063 0.2540 -0.4400 0.9321 0.8370 0.8010 0.2120 -0.7289 -0.5715 -0.6362 0.3269 0.7746 0.0669 -0.6971 -0.1870 0.3370 -0.4175 0.0143 -0.0596 -0.0988 -0.1938 0.6016 -0.1984 -0.4033 0.5556 0.4206 -0.6720
9598.832 9.6761 -0.1298 -0.3994 0.4302 0.3751 0.2137 -0.3988 -0.1488 -0.0366 0.1040 0.1073 -0.2898 0.4575 0.7860 0.2700 0.3894 0.5475 -0.6316 -0.9634 0.5480 -0.9110 -0.6780 -0.4072 0.2479 -0.4400 0.9367 0.8353 0.8010 0.2149 -0.7433 -0.5817 -0.6199 0.3259 0.7687 0.0645 -0.6964 -0.1871 0.3390 -0.4204 0.0117 -0.0687 -0.0947 -0.1974 0.6075 -0.1959 -0.4017 0.5645 0.4241 -0.6725
9272.760 8.1784 -0.1441 -0.3794 0.4165 0.3770 0.2518 -0.4774 -0.1710 -0.0367 0.1347 0.1018 -0.3371 0.4542 0.7860 0.2700 0.3875 0.5438 -0.6329 -0.9587 0.5480 -0.9110 -0.6780 -0.4038 0.2590 -0.4400 0.9461 0.8370 0.8010 0.2199 -0.7767 -0.6043 -0.6727 0.3222 0.7761 0.0452 -0.6937 -0.1848 0.3470 -0.4321 0.0027 -0.0974 -0.1060 -0.2125 0.6273 -0.1784 -0.3852 0.5932 0.4546 -0.6790
9951.014 7.2952 -0.1549 -0.3594 0.3678 0.3242 0.2160 -0.4295 -0.2017 -0.0056 0.1416 0.1241 -0.3533 0.4227 0.7860 0.2700 0.3930 0.5474 -0.6316 -0.9531 0.5439 -0.9081 -0.6780 -0.4051 0.2590 -0.4400 0.9500 0.8370 0.8010 0.2237 -0.7850 -0.6100 -0.6992 0.3197 0.7756 0.0416 -0.6930 -0.1774 0.3483 -0.4350 0.0000 -0.0773 -0.1070 -0.2140 0.6370 -0.1742 -0.3940 0.6031 0.4678 -0.6871
9859.760 7.3409 -0.1735 -0.3342 0.3404 0.3085 0.2064 -0.4256 -0.2216 0.0087 0.1540 0.1364 -0.3722 0.4054 0.7864 0.2721 0.3925 0.5474 -0.6203 -0.9349 0.5476 -0.9110 -0.6780 -0.4007 0.2617 -0.4400 0.9478 0.8370 0.7969 0.2245 -0.7850 -0.6056 -0.7180 0.3175 0.7751 0.0424 -0.6903 -0.1820 0.3483 -0.4350 0.0000 -0.0729 -0.1070 -0.2195 0.6332 -0.1750 -0.3940 0.6022 0.4572 -0.6937
10249.729 7.1234 -0.2169 -0.3525 0.2928 0.3607 0.2562 -0.4992 -0.2000 -0.0248 0.1576 0.1060 -0.3845 0.4446 0.7853 0.2751 0.3861 0.5482 -0.6102 -0.9531 0.5480 -0.9110 -0.6673 -0.3896 0.2583 -0.4400 0.9500 0.8370 0.8010 0.2260 -0.7850 -0.6100 -0.7180 0.3115 0.7742 0.0410 -0.6930 -0.1820 0.3426 -0.4271 0.0000 -0.0734 -0.1070 -0.2250 0.6332 -0.1750 -0.3940 0.6092 0.4603 -0.6937
9891.794 7.4211 -0.1746 -0.3007 0.2598 0.2599 0.1777 -0.3943 -0.2417 0.0316 0.1549 0.1572 -0.3668 0.3752 0.7853 0.2663 0.3906 0.5480 -0.6408 -0.9800 0.5405 -0.9098 -0.6745 -0.3968 0.2625 -0.4400 0.9500 0.8370 0.7927 0.2343 -0.7768 -0.6100 -0.7184 0.3144 0.7727 0.0410 -0.6930 -0.1800 0.3433 -0.4299 0.0000 -0.0714 -0.1070 -0.2234 0.6370 -0.1781 -0.3940 0.6052 0.4657 -0.6937
