0.498 0.409 -0.457 -0.995 -0.793 0.912 -0.846 0.77 0.166 0.834 -0.457 -0.498 0.786 0.27 0.395 0.548 -0.65 -0.98 0.548 -0.911 -0.678 -0.397 0.259 -0.44 0.95 0.837 0.801 0.229 -0.785 -0.61 -0.718 0.321 0.777 0.041 -0.693 -0.182 0.349 -0.435 0 -0.074 -0.107 -0.225 0.637 -0.179 -0.394 0.594 0.451 -0.693 61.35731
-0.499 -0.67 0.942 0.837 0.634 -0.995 0.027 -0.304 0.153 -0.154 -0.368 0.778 0.786 0.27 0.395 0.548 -0.65 -0.98 0.548 -0.911 -0.678 -0.397 0.259 -0.44 0.95 0.837 0.801 0.229 -0.785 -0.61 -0.718 0.321 0.777 0.041 -0.693 -0.182 0.349 -0.435 0 -0.074 -0.107 -0.225 0.637 -0.179 -0.394 0.594 0.451 -0.693 48.68369
-0.499 -0.67 -0.522 0.837 0.634 -0.995 0.027 -0.304 0.153 -0.154 -0.368 0.778 0.786 0.27 0.395 0.548 -0.65 -0.98 0.548 -0.911 -0.678 -0.397 0.259 -0.44 0.95 0.837 0.801 0.229 -0.785 -0.61 -0.718 0.321 0.777 0.041 -0.693 -0.182 0.349 -0.435 0 -0.074 -0.107 -0.225 0.637 -0.179 -0.394 0.594 0.451 -0.693 63.72741
-0.499 -0.67 0.942 0.837 0.634 -0.995 0.027 -0.304 0.153 -0.154 -0.368 0.778 0.786 0.27 0.395 0.548 -0.65 -0.98 0.548 -0.911 -0.678 -0.397 0.259 -0.44 0.95 0.837 0.801 0.229 -0.785 -0.61 -0.718 0.321 0.777 0.041 -0.693 -0.182 0.349 -0.435 0 -0.074 -0.107 -0.225 0.637 -0.179 -0.394 0.594 0.451 -0.693 47.33666
-0.499 -0.67 0.942 0.837 0.634 -0.995 0.027 -0.304 0.153 -0.154 -0.368 0.778 0.786 0.27 0.395 0.548 -0.65 -0.98 0.548 -0.911 -0.678 -0.397 0.259 -0.44 0.95 0.837 0.801 0.229 -0.785 -0.61 -0.718 0.321 0.777 0.041 -0.693 -0.182 0.349 -0.435 0 -0.074 -0.107 -0.225 0.637 -0.179 -0.394 0.594 0.606 -0.693 34.87397
-0.499 -0.67 -0.522 0.837 0.634 -0.995 0.027 -0.304 0.153 -0.154 -0.368 0.778 0.504 0.27 0.395 0.548 -0.035 -0.98 0.548 -0.911 -0.678 -0.482 0.259 -0.44 0.95 0.837 0.801 0.229 -0.785 -0.61 -0.718 0.321 0.777 0.041 -0.693 -0.182 0.349 -0.435 0 -0.074 -0.107 -0.225 0.637 -0.179 -0.394 0.594 0.451 -0.693 65.1032
0.498 0.409 -0.457 -0.995 -0.793 0.912 -0.846 0.77 0.166 0.834 -0.457 -0.498 0.786 0.27 0.395 0.548 -0.65 -0.98 0.548 -0.911 -0.678 -0.397 0.259 -0.44 0.95 0.837 0.801 0.229 -0.785 -0.61 -0.718 0.321 0.777 0.041 -0.693 -0.182 0.349 -0.435 0 -0.074 -0.107 -0.225 0.637 -0.179 -0.394 0.594 0.451 -0.693 60.3913
-0.499 -0.67 0.942 0.837 0.634 -0.995 0.027 -0.304 0.153 -0.154 -0.368 0.778 0.786 0.27 0.395 0.548 -0.65 -0.98 0.548 -0.911 -0.678 -0.397 0.259 -0.44 0.95 0.837 0.801 0.229 -0.785 -0.61 -0.718 0.321 0.777 0.041 -0.693 -0.182 0.349 -0.435 0 -0.074 -0.107 -0.225 0.637 -0.179 -0.394 0.594 0.451 -0.693 51.94086
0.498 0.409 -0.457 -0.995 -0.793 0.912 -0.846 0.77 0.166 0.834 -0.457 -0.498 0.786 0.27 0.395 0.548 -0.65 -0.98 0.548 -0.911 -0.678 -0.397 0.259 -0.44 0.95 0.837 0.801 0.229 -0.785 -0.61 -0.718 0.321 0.777 0.041 -0.693 -0.182 0.349 -0.435 0 -0.074 -0.107 -0.225 0.637 -0.179 -0.394 0.594 0.451 -0.693 34.4291
0.498 0.409 -0.457 -0.995 -0.793 0.912 -0.846 0.77 0.166 0.834 -0.457 -0.498 0.786 0.27 0.395 0.548 -0.65 -0.98 0.548 -0.911 -0.678 -0.397 0.259 -0.44 0.95 0.837 0.801 0.229 -0.785 -0.61 -0.718 0.321 0.777 0.041 -0.693 -0.182 -0.796 -0.435 0 -0.074 -0.107 -0.225 0.637 -0.179 -0.394 0.594 0.451 -0.693 34.28307
0.498 0.409 -0.457 -0.995 -0.793 0.912 -0.846 0.77 0.166 0.834 -0.457 -0.498 0.786 0.27 0.395 0.548 -0.65 -0.98 0.548 -0.911 -0.678 -0.397 0.259 -0.44 0.95 0.837 0.801 0.229 -0.785 -0.61 -0.718 0.321 0.777 0.041 -0.693 -0.182 0.349 -0.435 0 -0.074 -0.107 -0.225 0.637 -0.179 -0.394 0.594 0.451 -0.693 54.16196
-0.499 -0.67 -0.522 0.837 0.634 -0.995 0.027 -0.304 0.153 -0.154 -0.368 0.778 0.786 0.27 0.395 0.548 -0.65 -0.98 0.548 -0.911 -0.678 -0.397 0.259 -0.44 0.95 0.837 0.801 0.229 -0.785 -0.61 -0.718 0.321 0.777 0.041 -0.693 -0.182 0.349 -0.435 0 -0.074 -0.107 -0.225 0.637 -0.179 -0.394 0.594 0.451 -0.693 62.95366
0.498 0.409 -0.457 -0.995 -0.793 0.912 -0.846 0.77 0.166 0.834 -0.457 -0.498 0.786 0.27 0.395 0.548 -0.65 -0.98 0.548 -0.911 -0.678 -0.397 0.259 -0.44 0.95 0.837 0.801 0.229 -0.785 -0.61 -0.718 0.321 0.777 0.041 -0.693 -0.182 0.349 -0.435 0 -0.074 -0.107 -0.225 0.637 -0.179 -0.394 0.797 0.451 -0.693 52.03143
-0.499 -0.67 -0.522 0.837 0.634 -0.995 0.027 -0.304 0.153 -0.154 -0.368 0.778 0.786 0.27 0.395 0.548 -0.65 -0.98 0.548 -0.911 -0.678 -0.397 0.259 -0.44 0.95 0.837 0.801 0.229 -0.785 -0.61 -0.718 0.321 0.777 0.041 -0.693 -0.182 0.349 -0.435 0 -0.074 -0.107 -0.225 0.637 -0.179 -0.394 0.594 0.451 -0.693 78.0461
-0.499 -0.67 0.942 0.837 0.634 -0.995 0.027 -0.304 0.153 -0.154 -0.368 0.778 0.786 0.27 0.37 0.548 -0.65 -0.98 0.548 -0.678 -0.678 -0.397 0.259 -0.44 0.95 0.837 0.801 0.229 -0.785 -0.61 -0.718 0.321 0.777 0.041 -0.693 -0.182 0.349 -0.435 0 -0.074 -0.107 -0.225 0.637 -0.179 -0.394 0.594 0.451 -0.831 42.81259
-0.499 -0.67 0.942 0.837 0.634 -0.995 0.027 -0.843 0.153 -0.154 -0.146 0.778 0.786 0.27 0.395 0.548 -0.65 -0.98 0.548 -0.911 -0.678 -0.397 0.259 -0.44 0.95 0.837 0.801 0.229 -0.785 -0.61 -0.718 0.321 0.777 0.041 -0.693 -0.182 0.349 -0.435 0 -0.074 -0.107 -0.225 0.637 -0.179 -0.394 0.594 0.451 -0.693 48.39212
0.498 0.409 -0.457 -0.995 -0.793 0.912 -0.846 0.77 0.166 0.834 -0.457 -0.498 0.786 0.27 0.37 0.548 -0.65 -0.98 0.548 -0.911 -0.678 -0.397 0.259 -0.44 0.95 0.837 0.801 0.229 -0.785 -0.61 -0.718 0.321 0.777 0.041 -0.693 -0.182 0.349 -0.435 0 -0.074 -0.107 -0.225 0.637 -0.179 -0.394 0.594 0.451 -0.693 57.32563
0.498 0.409 -0.457 -0.995 -0.793 0.912 -0.846 0.77 0.166 0.834 -0.457 -0.498 0.786 0.27 0.37 0.548 -0.65 -0.98 0.548 -0.911 -0.678 -0.397 0.259 -0.44 0.95 0.837 0.801 0.229 -0.785 -0.61 -0.718 0.321 0.777 0.041 -0.693 -0.182 0.349 -0.435 0 -0.074 -0.107 -0.225 0.637 -0.179 -0.394 0.594 0.451 -0.693 51.01219
-0.499 -0.67 -0.522 0.837 0.634 -0.995 0.027 -0.304 0.153 -0.154 -0.368 0.778 0.786 0.27 0.395 0.548 -0.65 -0.98 0.548 -0.911 -0.678 -0.397 0.259 -0.44 0.95 0.837 0.801 0.229 -0.785 -0.61 -0.718 0.321 0.777 0.041 -0.693 -0.182 0.349 -0.435 0 -0.074 -0.107 -0.225 0.637 -0.179 -0.394 0.594 0.451 -0.693 48.08122
-0.499 -0.67 0.942 0.837 0.634 -0.995 0.027 -0.304 0.153 -0.154 -0.368 0.778 0.786 0.27 0.395 0.548 -0.65 -0.98 0.548 -0.911 -0.678 -0.397 0.259 -0.44 0.95 0.837 0.801 0.229 -0.785 -0.61 -0.718 0.321 0.777 0.041 -0.693 -0.182 0.349 -0.435 0 -0.074 -0.107 -0.225 0.637 -0.179 -0.394 0.594 0.451 -0.693 30.70423
-0.499 -0.67 0.942 0.837 0.634 -0.995 0.027 -0.304 0.153 -0.154 -0.368 0.778 0.786 0.27 0.395 0.548 -0.65 -0.98 0.548 -0.911 -0.678 -0.482 0.259 -0.44 0.95 0.837 0.801 0.229 -0.785 -0.61 -0.718 0.321 0.777 0.041 -0.693 -0.182 0.349 -0.435 0 -0.074 -0.107 -0.225 0.637 -0.179 -0.394 0.594 0.451 -0.693 48.27408
-0.499 -0.67 0.942 0.837 0.634 -0.995 0.027 -0.304 0.153 -0.154 -0.368 0.778 0.786 0.27 0.395 0.548 -0.65 -0.98 0.548 -0.911 -0.678 -0.397 0.259 -0.44 0.95 0.837 0.801 0.229 -0.785 -0.61 -0.718 0.321 0.777 0.041 -0.693 -0.182 0.349 -0.435 0 -0.074 -0.107 -0.225 0.637 -0.179 -0.394 0.594 0.451 -0.693 64.98568
-0.499 -0.67 0.942 0.837 0.634 -0.995 0.027 -0.304 0.153 -0.154 -0.368 0.778 0.786 0.27 0.395 0.548 -0.65 -0.98 0.548 -0.911 -0.678 0.062 0.259 -0.44 0.95 0.837 0.801 0.229 -0.785 -0.61 -0.718 0.321 0.777 0.041 -0.693 -0.182 0.349 -0.435 0 -0.074 -0.107 -0.225 0.637 -0.179 -0.394 0.797 0.451 -0.693 36.65752
-0.499 -0.67 0.942 0.837 0.634 -0.995 0.027 -0.304 0.153 -0.154 -0.368 0.778 0.786 0.27 0.395 0.548 -0.65 -0.98 0.548 -0.911 -0.678 -0.397 0.259 -0.44 0.95 0.837 0.801 0.229 -0.785 -0.61 -0.718 0.321 0.777 0.041 -0.693 -0.182 0.349 -0.435 0 -0.074 -0.107 -0.225 0.637 -0.179 -0.394 0.594 0.606 -0.693 56.18764
-0.499 -0.67 0.942 0.837 0.634 -0.995 0.027 -0.304 0.153 -0.154 -0.368 0.778 0.786 0.27 0.395 0.548 -0.65 -0.98 0.548 -0.911 -0.678 -0.397 0.259 -0.44 0.95 0.837 0.801 0.229 -0.785 -0.61 -0.718 0.321 0.777 0.041 -0.693 -0.182 0.349 -0.435 0 -0.074 -0.107 -0.225 0.637 -0.179 -0.394 0.594 0.606 -0.693 63.89012
-0.499 -0.67 -0.522 0.837 0.634 -0.995 0.027 -0.304 0.153 -0.154 -0.368 0.778 0.786 0.27 0.395 0.548 -0.65 -0.98 0.548 -0.911 -0.678 -0.397 0.259 -0.44 0.95 0.837 0.801 0.229 -0.785 -0.61 -0.718 0.321 0.777 0.041 -0.693 -0.182 0.349 -0.435 0 -0.074 -0.107 -0.225 0.637 -0.179 -0.394 0.594 0.451 -0.693 64.80379
-0.499 -0.67 0.942 0.837 0.634 -0.995 0.027 -0.304 0.153 -0.154 -0.368 0.778 0.786 0.27 0.395 0.548 -0.65 -0.98 0.548 -0.911 -0.678 -0.482 0.259 -0.44 0.95 0.837 0.801 0.229 -0.785 -0.61 -0.718 0.321 0.777 0.041 -0.693 -0.182 0.349 -0.435 0 -0.074 -0.107 -0.225 0.637 -0.179 -0.394 0.594 0.606 -0.693 45.21077
0.498 0.409 -0.457 -0.995 -0.793 0.912 -0.846 0.77 0.166 0.834 -0.457 -0.498 0.786 0.27 0.395 0.548 -0.65 -0.98 0.548 -0.911 -0.678 -0.397 0.259 -0.44 0.95 0.837 0.801 0.229 -0.785 -0.61 -0.718 0.321 0.777 0.041 -0.693 -0.182 0.349 -0.435 0 -0.074 -0.107 -0.225 0.637 -0.179 -0.394 0.594 0.451 -0.693 45.31338
0.498 0.409 -0.457 -0.995 -0.793 0.912 -0.846 0.77 0.166 0.834 -0.457 -0.498 0.786 0.27 0.37 0.548 -0.65 -0.98 0.548 -0.911 -0.678 -0.397 0.259 -0.44 0.95 0.837 0.801 0.229 -0.785 -0.61 -0.718 0.321 0.777 0.041 -0.693 -0.182 0.349 -0.435 0 -0.074 -0.107 -0.225 0.637 -0.179 -0.394 0.594 0.451 -0.693 66.97853
-0.499 -0.67 -0.522 0.837 0.634 -0.995 0.027 -0.304 0.153 -0.154 -0.368 0.778 0.786 0.27 0.395 0.548 -0.65 -0.98 0.548 -0.911 -0.678 -0.397 0.259 -0.44 0.95 0.837 0.801 0.229 -0.785 -0.61 -0.718 0.321 0.777 0.041 -0.693 -0.182 0.349 -0.435 0 -0.074 -0.107 -0.225 0.637 -0.179 -0.394 0.594 0.451 -0.693 76.05972
-0.499 -0.67 -0.522 0.837 0.634 -0.995 0.027 -0.304 0.153 -0.154 -0.368 0.778 0.786 0.27 0.395 0.548 -0.65 -0.98 0.548 -0.911 -0.678 -0.397 0.259 -0.44 0.95 0.837 0.801 0.229 -0.785 -0.61 -0.718 0.321 0.777 0.041 -0.693 -0.182 0.349 -0.435 0 -0.074 -0.107 -0.225 0.637 -0.179 -0.394 0.594 0.451 -0.693 79.55634
0.498 0.409 -0.457 -0.995 -0.793 0.912 -0.846 0.77 0.166 0.834 -0.457 -0.498 0.786 0.27 0.395 0.548 -0.65 -0.98 0.548 -0.911 -0.678 -0.397 0.259 -0.44 0.95 0.837 0.801 0.229 -0.785 -0.61 -0.718 0.321 0.777 0.041 -0.693 -0.182 0.349 -0.435 0 -0.074 -0.107 -0.225 0.637 -0.179 -0.394 0.594 0.451 -0.693 43.44523
-0.499 -0.67 0.942 0.837 0.634 -0.995 0.027 -0.304 0.153 -0.154 -0.368 0.778 0.786 0.27 0.37 0.548 -0.65 -0.98 0.548 -0.911 -0.678 -0.397 0.259 -0.44 0.95 0.837 0.801 0.229 -0.785 -0.61 -0.718 0.321 0.777 0.041 -0.693 -0.182 0.349 -0.435 0 -0.074 -0.107 -0.225 0.637 -0.179 -0.394 0.594 0.451 -0.693 38.18247
-0.499 -0.67 0.942 0.837 0.634 -0.995 0.027 -0.304 0.153 -0.154 -0.368 0.778 0.786 0.27 0.395 0.548 -0.65 -0.98 0.548 -0.911 -0.678 -0.397 0.259 -0.44 0.95 0.837 0.801 0.229 -0.785 -0.61 -0.718 0.321 0.777 0.041 -0.693 -0.182 0.349 -0.435 0 -0.074 -0.107 -0.225 0.637 -0.179 -0.394 0.594 0.451 -0.693 47.91664
-0.499 -0.67 0.942 0.837 0.634 -0.995 0.027 -0.304 0.153 -0.154 -0.368 0.778 0.786 0.27 0.395 0.548 -0.65 -0.98 0.548 -0.911 -0.678 -0.397 0.259 -0.44 0.95 0.837 0.801 0.229 -0.785 -0.61 -0.718 0.321 0.777 0.041 -0.693 -0.182 0.349 -0.435 0 -0.074 -0.107 -0.225 0.637 -0.179 -0.394 0.594 0.451 -0.693 41.66762
0.498 0.409 -0.457 -0.995 -0.793 0.912 -0.846 0.77 0.166 0.834 -0.457 -0.498 0.786 0.27 0.395 0.548 -0.65 -0.98 0.548 -0.911 -0.678 -0.397 0.259 -0.44 0.95 0.837 0.801 0.229 -0.785 -0.61 -0.718 0.321 0.777 0.041 -0.693 -0.182 0.349 -0.435 0 -0.074 -0.107 -0.225 0.637 -0.179 -0.394 0.594 0.451 -0.693 52.16902
-0.499 -0.67 0.942 0.837 0.634 -0.995 0.027 -0.304 0.153 -0.154 -0.368 0.778 0.786 0.27 0.395 0.548 -0.65 -0.978 0.548 -0.911 -0.678 -0.397 0.259 -0.44 0.95 0.837 0.801 0.229 -0.785 -0.61 -0.718 0.321 0.777 0.041 -0.693 -0.182 0.349 -0.435 0 -0.074 -0.107 -0.225 0.637 -0.179 -0.394 0.594 0.606 -0.693 39.59554
-0.499 -0.67 -0.522 0.837 0.634 -0.995 0.027 -0.304 0.153 -0.154 -0.368 0.778 0.786 0.27 0.395 0.548 -0.65 -0.98 0.548 -0.911 -0.678 -0.397 0.259 -0.44 0.95 0.837 0.801 0.229 -0.785 -0.61 -0.718 0.321 0.777 0.041 -0.693 -0.182 0.349 -0.435 0 -0.074 -0.107 -0.225 0.637 -0.179 -0.394 0.594 0.451 -0.693 63.4806
-0.499 -0.67 0.942 0.837 0.634 -0.995 0.027 -0.304 -0.076 -0.154 -0.368 0.778 0.786 0.27 0.395 0.548 -0.65 -0.98 0.548 -0.911 -0.678 -0.397 0.259 -0.44 0.95 0.837 0.801 0.229 -0.785 -0.61 -0.718 0.321 0.777 0.041 -0.693 -0.182 0.349 -0.435 0 -0.074 -0.107 -0.225 0.637 -0.179 -0.394 0.594 0.606 -0.693 31.18449
-0.499 -0.67 -0.522 0.837 0.634 -0.995 0.027 -0.304 0.153 -0.154 -0.368 0.778 0.786 0.27 0.37 0.548 -0.65 -0.98 0.287 -0.911 -0.678 -0.397 0.259 -0.44 0.95 0.837 0.801 0.229 -0.785 -0.61 -0.718 0.321 0.777 0.041 -0.693 -0.182 0.349 -0.435 0 -0.074 -0.107 -0.225 0.637 -0.179 -0.394 0.594 0.451 -0.693 60.13911
-0.499 -0.67 0.942 0.837 0.634 -0.995 0.027 -0.304 0.153 -0.154 0.135 0.778 0.786 0.27 0.395 0.548 -0.65 -0.98 0.548 -0.911 -0.678 -0.397 0.259 -0.44 0.95 0.837 0.801 0.229 -0.785 -0.61 -0.718 0.169 0.777 0.041 -0.693 -0.182 0.349 -0.435 0 -0.074 -0.107 -0.225 0.637 -0.179 -0.394 0.594 0.451 -0.693 53.71922
-0.121 -0.67 0.942 0.837 0.634 -0.995 0.027 -0.304 0.153 -0.154 -0.368 0.778 0.786 0.27 0.395 0.548 -0.65 -0.98 0.548 -0.911 -0.678 -0.397 0.259 -0.44 0.95 0.837 0.801 0.229 -0.785 -0.61 -0.718 0.321 0.777 0.041 -0.693 -0.182 0.349 -0.435 0 -0.074 -0.107 -0.225 0.637 -0.179 -0.394 0.594 0.451 -0.693 47.26519
0.498 0.409 -0.457 -0.995 -0.793 0.912 -0.846 0.77 0.166 0.834 -0.457 -0.498 0.786 0.27 0.37 0.548 -0.65 -0.98 0.548 -0.911 -0.678 -0.397 0.259 -0.44 0.95 0.837 0.801 0.229 -0.785 -0.61 -0.718 0.321 0.777 0.041 -0.693 -0.182 0.349 -0.435 0 -0.074 -0.107 -0.225 0.637 -0.179 -0.394 0.594 0.451 -0.693 61.99184
-0.499 -0.67 0.942 0.837 0.634 -0.995 0.027 -0.304 0.153 -0.154 -0.368 0.778 0.786 0.27 0.37 0.548 -0.65 -0.98 0.548 -0.911 -0.678 -0.397 0.259 -0.44 0.95 0.837 0.801 0.229 -0.785 -0.61 -0.718 0.321 0.777 0.041 -0.693 -0.182 0.349 -0.435 0 -0.074 -0.107 -0.225 0.637 -0.179 -0.394 0.594 0.451 -0.693 54.2912
0.498 0.409 -0.457 -0.995 -0.793 0.912 -0.846 0.77 0.166 0.834 -0.457 -0.498 0.786 0.27 0.395 0.548 -0.65 -0.98 0.548 -0.911 -0.678 -0.397 0.259 -0.44 0.95 0.837 0.801 0.229 -0.785 -0.61 -0.718 0.321 0.777 0.041 -0.693 -0.182 0.349 -0.435 0 -0.074 -0.107 -0.225 0.637 -0.179 -0.394 0.594 0.451 -0.693 54.53001
-0.499 -0.67 0.942 0.837 0.634 -0.995 0.027 -0.304 0.153 -0.154 -0.368 0.778 0.786 0.27 0.395 0.548 -0.65 -0.98 0.548 -0.911 -0.678 -0.397 0.259 -0.44 0.95 0.837 0.801 0.229 -0.785 -0.61 -0.718 0.321 0.777 0.041 -0.693 -0.182 0.349 -0.435 0 -0.074 -0.107 -0.225 0.637 -0.179 -0.394 0.594 0.451 -0.693 34.77893
-0.499 -0.67 0.942 0.837 0.634 -0.995 0.027 -0.304 0.153 -0.154 -0.368 0.778 0.786 0.27 0.395 0.548 -0.65 -0.98 0.548 -0.911 -0.678 -0.397 0.259 -0.44 0.95 0.837 0.801 0.229 -0.785 -0.61 -0.718 0.321 0.777 0.041 -0.693 -0.182 0.349 -0.435 0 -0.074 -0.107 -0.225 0.637 -0.179 -0.394 0.594 0.451 -0.693 54.47975
-0.499 -0.67 0.942 0.837 0.634 -0.995 0.027 -0.304 0.153 -0.154 -0.368 0.778 0.859 0.27 0.395 0.548 -0.035 -0.98 0.548 -0.911 -0.678 -0.482 0.259 -0.44 0.95 0.837 0.801 0.229 -0.785 -0.61 -0.718 0.321 0.777 0.041 -0.693 -0.182 0.349 -0.435 0 -0.074 -0.107 -0.225 0.637 -0.179 -0.394 0.594 0.451 -0.693 48.1384
-0.499 -0.67 0.942 0.837 0.634 -0.995 0.027 -0.304 0.153 -0.154 -0.368 0.778 0.786 0.27 0.395 0.548 -0.65 -0.98 0.548 -0.911 -0.678 -0.397 0.259 -0.44 0.95 0.837 0.801 0.229 -0.785 -0.61 -0.718 0.321 0.777 0.041 -0.693 -0.182 0.349 -0.435 0 -0.074 -0.107 -0.225 0.637 -0.179 -0.394 0.594 0.451 -0.693 49.34385
0.498 0.409 -0.457 -0.995 -0.793 0.912 -0.846 0.77 0.166 0.834 -0.457 -0.498 0.786 0.27 0.395 0.548 -0.65 -0.98 0.548 -0.911 -0.678 0.372 0.259 -0.44 0.95 0.837 0.801 0.229 -0.785 -0.61 -0.718 0.321 0.777 0.041 -0.693 -0.182 0.349 -0.435 0 -0.074 -0.107 -0.225 0.637 -0.179 -0.394 0.594 0.451 -0.693 47.60478
-0.499 -0.67 0.942 0.837 0.634 -0.995 0.027 -0.304 0.153 -0.154 -0.368 0.778 0.786 0.27 0.395 0.548 -0.65 -0.98 0.548 -0.911 -0.678 -0.397 0.259 -0.44 0.95 0.837 0.801 0.229 -0.785 -0.61 -0.718 0.321 0.777 0.041 -0.693 -0.182 0.349 -0.435 0 -0.074 -0.107 -0.225 0.637 -0.179 -0.394 0.594 0.451 -0.693 46.35555
0.498 0.409 -0.457 -0.995 -0.793 0.912 -0.846 0.77 0.166 0.834 -0.457 -0.498 0.786 0.27 0.395 0.548 -0.65 -0.98 0.548 -0.911 -0.678 -0.397 0.259 -0.44 0.95 0.837 0.801 0.229 -0.785 -0.61 -0.718 0.321 0.777 0.041 -0.693 -0.182 0.349 -0.435 0 -0.074 -0.107 -0.225 0.637 -0.179 -0.394 0.594 0.451 -0.693 61.74369
-0.499 -0.67 -0.522 0.837 0.634 -0.995 0.027 -0.304 0.153 -0.154 -0.368 0.778 0.786 0.27 0.395 0.548 -0.65 -0.98 0.548 -0.911 -0.678 -0.397 0.259 -0.44 0.95 0.837 0.801 0.229 -0.785 -0.61 -0.718 0.321 0.777 0.041 -0.693 -0.182 0.349 -0.435 0 -0.074 -0.107 -0.225 0.637 -0.179 -0.394 0.594 0.451 -0.693 34.07362
0.498 0.409 -0.457 -0.995 -0.793 0.912 -0.846 0.77 0.166 0.834 -0.457 -0.498 0.786 0.27 0.395 0.548 -0.65 -0.98 0.548 -0.911 -0.678 -0.397 0.259 -0.44 0.95 0.837 0.801 0.229 -0.785 -0.61 -0.711 0.321 0.777 0.041 -0.693 -0.182 0.349 -0.435 0 -0.074 -0.107 -0.225 0.637 -0.179 -0.394 0.594 0.451 -0.693 42.27647
0.498 0.409 -0.457 -0.995 -0.793 0.912 -0.846 0.77 0.166 0.834 -0.457 -0.498 0.786 0.27 0.395 0.548 -0.65 -0.98 0.548 -0.911 -0.678 -0.397 0.259 -0.44 0.95 0.837 0.801 0.229 -0.785 -0.61 -0.718 0.321 0.777 0.041 -0.693 -0.182 0.349 -0.435 0 -0.074 -0.107 -0.225 0.637 -0.179 -0.394 0.594 0.451 -0.693 50.14518
-0.499 -0.67 0.942 0.837 0.634 -0.995 0.027 -0.304 0.153 -0.154 -0.368 0.778 0.786 0.27 0.395 0.548 -0.65 -0.98 0.548 -0.911 -0.678 -0.482 0.259 -0.44 0.95 0.837 0.801 0.229 -0.785 -0.61 -0.718 0.321 0.777 0.041 -0.693 -0.182 0.349 -0.435 0 -0.074 -0.107 -0.225 0.637 -0.179 -0.394 0.594 0.451 -0.693 57.31737
0.498 0.409 -0.457 -0.995 -0.793 0.912 -0.846 0.77 0.166 0.834 -0.457 -0.498 0.786 0.27 0.395 0.548 -0.65 -0.98 0.548 -0.911 -0.678 -0.397 0.259 -0.44 0.95 0.837 0.801 0.229 -0.785 -0.61 -0.718 0.321 0.777 0.041 -0.693 -0.182 0.349 -0.435 0 -0.074 -0.107 -0.225 0.637 -0.179 -0.394 0.594 0.451 -0.693 45.11647
-0.499 -0.67 0.942 0.837 0.634 -0.995 0.027 -0.304 0.153 -0.154 -0.368 0.615 0.786 0.27 0.395 0.548 -0.65 -0.98 0.548 -0.911 -0.678 -0.397 0.259 -0.44 0.95 0.837 0.801 0.229 -0.785 -0.61 -0.718 0.321 0.777 0.041 -0.693 -0.182 0.349 -0.435 0 -0.074 -0.107 -0.225 0.637 -0.179 -0.394 0.594 0.451 -0.693 70.33186
0.498 0.409 -0.457 -0.995 -0.793 0.912 -0.846 0.77 0.166 0.834 -0.457 -0.498 0.786 0.27 0.395 0.548 -0.65 -0.98 0.548 -0.911 -0.678 -0.397 0.259 -0.44 0.95 0.837 0.801 0.229 -0.785 -0.61 -0.718 0.321 0.777 0.041 -0.693 -0.182 0.349 -0.435 0 -0.074 -0.107 -0.225 0.637 -0.179 -0.394 0.594 0.451 -0.693 48.51175
-0.499 -0.67 0.942 0.837 0.634 -0.995 0.027 -0.304 0.153 -0.154 -0.368 0.778 0.786 0.27 0.395 0.548 -0.65 -0.98 0.548 -0.911 -0.678 -0.397 0.259 -0.44 0.95 0.837 0.801 0.229 -0.785 -0.61 -0.718 0.321 0.777 0.041 -0.693 -0.182 0.349 -0.435 0 -0.074 -0.107 -0.225 0.637 -0.179 -0.394 0.594 0.606 -0.693 44.68039
-0.499 -0.67 0.942 0.837 0.634 -0.995 0.027 -0.304 0.153 -0.154 -0.368 0.778 0.786 0.27 0.395 0.548 -0.65 -0.98 0.548 -0.911 -0.678 -0.482 0.259 -0.44 0.95 0.837 0.801 0.229 -0.785 -0.61 -0.718 0.321 0.777 0.041 -0.693 -0.182 0.349 -0.435 0 -0.074 -0.107 -0.225 0.637 -0.179 -0.394 0.594 0.451 -0.693 55.72675
-0.499 -0.67 0.942 0.837 0.634 -0.995 0.027 -0.304 0.153 -0.154 0.135 0.778 0.786 0.27 0.395 0.548 -0.65 -0.98 0.548 -0.911 -0.678 -0.397 0.259 -0.44 0.95 0.837 0.801 0.229 -0.785 -0.61 -0.718 0.169 0.777 0.041 -0.693 -0.182 0.349 -0.435 0 -0.074 -0.107 -0.225 0.637 -0.179 -0.394 0.594 0.451 -0.693 64.16187
-0.499 -0.67 -0.522 0.837 0.634 -0.995 0.027 -0.304 0.153 -0.154 -0.368 0.778 0.786 0.27 0.395 0.548 -0.65 -0.98 0.548 -0.911 -0.678 -0.397 0.259 -0.44 0.95 0.837 0.801 0.229 -0.785 -0.61 -0.718 0.321 0.777 0.041 -0.693 -0.182 0.349 -0.435 0 -0.074 -0.107 -0.225 0.637 -0.179 -0.394 0.594 0.451 -0.693 41.1366
0.498 0.409 -0.457 -0.995 -0.793 0.912 -0.846 0.77 0.166 0.834 -0.457 -0.498 0.786 0.27 0.395 0.548 -0.65 -0.98 0.548 -0.911 -0.678 -0.397 0.259 -0.44 0.95 0.837 0.801 0.229 -0.785 -0.61 -0.718 0.321 0.777 0.041 -0.693 -0.182 0.349 -0.435 0 -0.074 -0.107 -0.225 0.637 -0.179 -0.394 0.594 0.451 -0.693 53.44489
-0.499 -0.67 0.942 0.837 0.634 -0.995 0.027 -0.304 0.153 -0.154 -0.368 0.778 0.786 0.27 0.395 0.548 -0.65 -0.98 0.548 -0.911 -0.678 -0.397 0.259 -0.44 0.95 0.837 0.801 0.229 -0.785 -0.61 -0.718 0.321 0.777 0.041 -0.693 -0.182 0.349 -0.435 0 -0.074 -0.107 -0.225 0.637 -0.179 -0.394 0.594 0.606 -0.693 48.19772
-0.499 -0.67 0.942 0.837 0.634 -0.995 0.027 -0.304 0.153 -0.154 -0.368 0.778 0.786 0.27 0.395 0.548 -0.65 -0.98 0.548 -0.911 -0.678 -0.397 0.259 -0.44 0.95 0.837 0.801 0.229 -0.785 -0.61 -0.718 0.321 0.777 0.041 -0.693 -0.182 0.349 -0.435 0 -0.074 -0.107 -0.225 0.637 -0.179 -0.394 0.594 0.451 -0.693 37.24344
0.6 -0.247 0.942 0.837 0.634 -0.995 0.027 -0.304 0.153 -0.154 -0.307 0.778 0.786 0.27 0.395 0.548 -0.65 -0.98 0.548 -0.911 -0.678 -0.397 0.259 -0.44 0.95 0.837 0.801 0.229 -0.785 -0.61 -0.718 0.321 0.777 0.041 -0.693 -0.182 0.349 -0.435 0 -0.074 -0.107 -0.225 0.637 -0.179 -0.394 0.594 0.451 -0.693 1
0.498 0.409 -0.457 -0.995 -0.793 0.912 -0.846 0.77 0.166 0.834 -0.457 -0.498 0.786 0.27 0.37 0.548 -0.65 -0.98 0.548 -0.911 -0.678 -0.397 0.259 -0.44 0.95 0.837 0.801 0.229 -0.785 -0.61 -0.718 0.321 0.777 0.041 -0.693 -0.182 0.349 -0.435 0 -0.074 -0.107 -0.225 0.637 -0.179 -0.394 0.594 0.451 -0.693 42.389
0.498 0.409 -0.457 -0.995 -0.793 0.912 -0.846 0.77 0.166 0.834 -0.457 -0.498 0.786 0.27 0.395 0.548 -0.65 -0.98 0.548 -0.911 -0.678 -0.397 0.259 -0.44 0.95 0.837 0.801 0.229 -0.785 -0.61 -0.718 0.321 0.777 0.041 -0.693 -0.182 0.349 -0.435 0 -0.074 -0.107 -0.225 0.637 -0.179 -0.394 0.594 0.451 -0.693 53.68691
0.498 0.409 -0.457 -0.995 -0.793 0.912 -0.846 0.77 0.166 0.834 -0.457 -0.498 0.786 0.27 0.37 0.548 -0.65 -0.98 0.548 -0.911 -0.678 -0.397 0.259 -0.44 0.95 0.837 0.801 0.229 -0.785 -0.61 -0.718 0.321 0.777 0.041 -0.693 -0.182 0.349 -0.435 0 -0.074 -0.107 -0.225 0.637 -0.179 -0.394 0.594 0.451 -0.693 62.12251
0.498 0.409 -0.457 -0.995 -0.793 0.912 -0.846 0.77 0.166 0.834 -0.457 -0.498 0.786 0.27 0.37 0.548 -0.65 -0.98 0.548 -0.911 -0.678 -0.397 0.259 -0.44 0.95 0.837 0.801 0.229 -0.785 -0.61 -0.718 0.321 0.777 0.041 -0.693 -0.182 0.349 -0.435 0 -0.074 -0.107 -0.225 0.637 -0.179 -0.394 0.594 0.451 -0.693 37.89653
0.498 0.409 -0.457 -0.995 -0.793 0.912 -0.846 0.77 0.166 0.834 -0.457 -0.498 0.786 0.27 0.395 0.548 -0.65 -0.98 0.548 -0.911 -0.678 -0.397 0.259 -0.44 0.95 0.837 0.801 0.229 -0.785 -0.61 -0.718 0.321 0.777 0.041 -0.693 -0.182 0.349 -0.435 0 -0.074 -0.107 -0.225 0.637 -0.179 -0.394 0.594 0.451 -0.693 46.16672
-0.499 -0.67 -0.522 0.837 0.634 -0.995 0.027 -0.304 0.153 -0.154 -0.368 0.778 0.786 0.27 0.395 0.548 -0.65 -0.98 0.548 -0.911 -0.678 -0.397 0.259 -0.44 0.95 0.837 -0.58 0.229 -0.785 -0.61 -0.718 0.321 0.777 0.041 -0.693 -0.182 0.349 -0.435 0 -0.074 -0.107 -0.225 0.637 -0.179 -0.394 0.594 0.451 -0.693 1
-0.499 0.421 0.942 0.837 0.184 -0.995 0.027 -0.304 0.153 -0.154 -0.368 0.778 0.786 0.27 0.395 0.548 -0.65 -0.98 0.548 -0.911 -0.678 -0.397 0.259 -0.44 0.95 0.837 0.801 0.229 -0.785 -0.61 -0.718 0.321 0.777 0.041 -0.693 0.208 0.349 -0.435 0 -0.074 -0.107 -0.225 0.637 -0.179 -0.394 0.594 0.451 -0.693 23.1043
-0.499 0.421 0.942 0.837 0.184 -0.995 0.027 -0.304 0.153 -0.154 -0.368 0.778 0.786 0.27 0.395 0.548 -0.65 -0.98 0.548 -0.911 -0.678 -0.397 0.259 -0.44 0.95 0.837 0.801 0.229 -0.785 -0.61 -0.718 0.321 0.777 0.041 -0.693 -0.182 0.349 -0.435 0 -0.074 -0.107 -0.225 0.637 -0.179 -0.394 0.797 0.451 -0.693 47.59849
-0.499 -0.67 0.942 0.837 0.634 -0.995 0.027 -0.304 0.153 -0.154 -0.368 0.778 0.786 0.27 0.395 0.548 -0.65 -0.98 0.548 -0.911 -0.678 -0.397 0.259 -0.44 0.95 0.837 0.801 0.229 -0.785 -0.61 -0.718 0.321 0.777 0.041 -0.693 -0.182 0.349 -0.435 0 -0.074 -0.107 -0.225 0.637 -0.179 -0.394 0.594 0.451 -0.693 36.54331
-0.499 -0.67 0.942 0.837 0.634 -0.995 0.027 -0.304 0.153 -0.154 -0.368 0.778 0.786 0.27 0.395 0.548 -0.65 -0.98 0.548 -0.911 -0.678 -0.482 0.259 -0.44 0.95 0.837 0.801 0.229 -0.785 -0.61 -0.718 0.321 0.777 0.041 -0.693 -0.182 0.349 -0.435 0 -0.074 -0.107 -0.225 0.637 -0.179 -0.394 0.594 0.451 -0.693 66.89817
-0.499 -0.67 0.942 0.837 0.634 -0.995 0.027 -0.304 0.153 -0.154 -0.368 0.778 0.786 0.27 0.395 0.548 -0.65 -0.98 0.548 -0.911 -0.678 -0.397 0.259 -0.44 0.95 0.837 0.801 0.229 -0.785 -0.61 -0.718 0.321 0.777 0.041 -0.693 -0.182 0.349 -0.435 0 -0.074 -0.107 -0.225 0.637 -0.179 -0.394 0.594 0.451 -0.693 38.26159
0.498 0.409 -0.457 -0.995 -0.793 0.912 -0.846 0.77 0.166 0.834 0.895 -0.498 0.786 0.27 0.395 0.548 -0.65 -0.98 0.548 -0.911 -0.678 -0.397 0.259 -0.44 0.95 0.837 0.801 0.229 -0.785 -0.61 -0.718 0.321 0.777 0.041 -0.693 -0.182 0.349 -0.435 0 -0.074 -0.107 -0.225 0.637 -0.179 -0.394 0.594 0.451 -0.693 64.32683
0.498 0.409 -0.457 -0.995 -0.793 0.912 -0.846 0.77 0.166 0.834 -0.457 -0.498 0.786 0.27 0.395 0.548 -0.65 -0.98 0.548 -0.911 -0.678 -0.397 0.259 -0.44 0.95 0.837 0.801 0.229 -0.785 -0.61 -0.718 0.321 0.777 0.041 -0.693 -0.182 0.349 -0.435 0 0.333 -0.107 -0.225 0.637 -0.179 -0.394 0.594 0.451 -0.693 33.28237
0.498 0.409 -0.457 -0.995 -0.793 0.912 -0.846 0.77 0.166 0.834 -0.457 -0.498 0.786 0.27 0.37 0.548 -0.65 -0.98 0.548 -0.911 -0.678 -0.397 0.259 -0.44 0.95 0.837 0.801 0.229 -0.785 -0.61 -0.718 0.321 0.777 0.041 -0.693 -0.182 0.349 -0.435 0 -0.074 -0.107 -0.225 0.637 -0.179 -0.394 0.594 0.451 -0.693 60.86655
-0.499 -0.67 -0.522 0.837 0.634 -0.995 0.027 -0.304 0.153 -0.154 -0.368 0.778 0.786 0.27 0.395 0.548 -0.65 -0.98 0.548 -0.911 -0.678 -0.397 0.259 -0.44 0.95 0.837 0.801 0.229 -0.785 -0.61 -0.718 0.321 0.777 0.041 -0.693 -0.182 0.349 -0.435 0 -0.074 -0.107 -0.225 0.637 -0.179 -0.394 0.594 0.451 -0.693 33.64542
-0.499 -0.67 -0.522 0.837 0.634 -0.995 0.027 -0.304 0.153 -0.154 -0.368 0.778 0.786 0.27 0.37 0.548 -0.65 -0.98 0.548 -0.911 -0.678 -0.397 0.259 -0.44 0.95 0.837 0.801 0.229 -0.785 -0.61 -0.718 0.321 0.777 0.041 -0.693 -0.182 0.349 -0.435 0 -0.074 -0.107 -0.225 0.637 -0.179 -0.394 0.594 0.451 -0.693 63.25868
-0.499 -0.67 0.942 0.837 0.634 -0.995 0.027 -0.304 0.153 -0.154 -0.146 0.778 0.786 0.27 0.395 0.548 -0.65 -0.98 0.548 -0.911 -0.678 -0.397 0.259 -0.44 0.95 0.837 0.801 0.229 -0.785 -0.61 -0.718 0.321 0.777 0.041 -0.693 -0.182 0.349 -0.435 0 -0.074 -0.107 -0.225 0.637 -0.179 -0.394 0.797 0.451 -0.693 40.3873
-0.499 -0.67 0.942 0.837 0.634 -0.995 0.027 -0.304 0.153 -0.154 -0.368 0.778 0.786 0.27 0.37 0.548 -0.65 -0.98 0.548 -0.911 -0.678 -0.397 0.259 -0.44 0.95 0.837 0.801 0.229 -0.785 -0.61 -0.718 0.321 0.777 0.041 -0.693 -0.182 0.349 -0.435 0 -0.074 -0.107 -0.225 0.637 -0.179 -0.394 0.594 0.451 -0.693 48.06937
0.498 0.409 -0.457 -0.995 -0.793 0.912 -0.846 0.77 0.166 0.834 -0.457 -0.498 0.786 0.27 0.395 0.548 -0.65 -0.98 0.548 -0.911 -0.678 -0.397 0.259 -0.44 0.95 0.837 0.801 0.229 -0.785 -0.61 -0.718 0.321 0.777 0.041 -0.693 -0.182 0.349 -0.435 0 -0.074 -0.107 -0.225 0.637 -0.179 -0.394 0.594 0.606 -0.693 53.27953
0.498 0.409 -0.457 -0.995 -0.793 0.912 -0.846 0.77 0.166 0.834 -0.457 -0.498 0.786 0.27 0.395 0.548 -0.65 -0.98 0.548 -0.911 -0.678 -0.397 0.259 -0.44 0.95 0.837 0.801 0.229 0.848 -0.61 -0.718 0.321 0.777 0.041 -0.693 -0.182 0.349 -0.435 0 -0.074 -0.107 -0.225 0.637 -0.179 -0.394 0.594 0.451 -0.693 37.36133
0.498 0.409 -0.457 -0.995 -0.793 0.912 -0.846 0.77 0.166 0.834 -0.457 -0.498 0.786 0.27 0.395 0.548 -0.65 -0.98 0.548 -0.911 -0.678 -0.397 0.259 -0.44 0.95 0.837 0.801 0.229 -0.785 -0.61 -0.718 0.321 0.777 0.041 -0.693 -0.182 0.349 -0.435 0 -0.074 -0.107 -0.225 0.637 -0.179 -0.394 0.594 0.451 -0.693 59.58611
-0.499 -0.67 -0.522 0.837 0.634 -0.995 0.027 -0.304 0.153 -0.154 -0.368 0.778 0.786 0.27 0.395 0.548 -0.65 -0.98 0.548 -0.911 -0.678 -0.397 0.259 -0.44 0.95 0.837 0.801 0.229 -0.785 -0.61 -0.718 0.321 0.777 0.041 -0.693 -0.182 0.349 -0.435 0 -0.074 -0.107 -0.225 0.637 -0.179 -0.394 0.594 0.451 -0.693 41.25577
0.498 0.409 -0.457 -0.995 -0.793 0.912 -0.846 0.77 0.166 0.834 -0.457 -0.498 0.786 0.27 0.37 0.548 -0.65 -0.98 0.548 -0.911 -0.678 -0.397 0.259 -0.44 0.95 0.837 0.801 0.229 -0.785 -0.61 -0.718 0.321 0.777 0.041 -0.693 -0.182 0.349 -0.435 0 -0.074 -0.107 -0.225 0.637 -0.179 -0.394 0.594 0.451 -0.693 64.91223
-0.499 -0.67 0.942 0.837 0.634 -0.995 0.027 -0.304 0.153 -0.154 -0.368 0.778 0.786 0.27 0.395 0.548 -0.65 -0.98 0.548 -0.911 -0.678 -0.397 0.259 -0.44 0.95 0.837 0.801 0.229 -0.785 -0.61 -0.718 0.321 0.777 0.041 -0.693 -0.182 0.349 -0.435 0 -0.074 -0.107 -0.225 0.637 -0.179 -0.394 0.594 0.451 -0.693 54.43147
-0.499 -0.67 0.942 0.837 0.634 -0.995 0.027 -0.304 0.153 -0.154 -0.368 0.778 0.786 0.27 0.395 0.548 -0.65 -0.98 0.548 -0.911 -0.678 -0.397 0.259 -0.44 0.95 0.837 0.801 0.229 -0.785 -0.61 -0.718 0.321 0.777 0.041 -0.693 -0.182 0.349 -0.435 0 -0.074 -0.107 -0.225 0.637 -0.179 -0.394 0.594 0.451 -0.693 56.11529
-0.499 -0.67 -0.522 0.837 0.634 -0.995 0.027 -0.304 0.153 -0.154 -0.368 0.778 0.786 0.27 0.395 0.548 -0.65 -0.98 0.548 -0.911 -0.678 -0.397 0.259 -0.44 0.95 0.837 0.801 0.229 -0.785 -0.61 -0.718 0.321 0.777 0.041 -0.693 -0.182 0.349 -0.435 0 -0.074 -0.107 -0.225 0.637 -0.179 -0.394 0.594 0.451 -0.693 52.86757
-0.499 -0.67 0.942 0.837 0.634 -0.995 0.027 -0.304 0.153 -0.154 -0.368 0.778 0.786 0.27 0.395 0.548 -0.65 -0.98 0.548 -0.911 -0.678 -0.397 0.259 -0.44 0.95 0.837 0.801 0.229 -0.785 -0.61 -0.718 0.321 0.777 0.041 -0.693 -0.182 0.349 -0.435 0 -0.074 -0.107 -0.225 0.637 -0.179 -0.394 0.594 0.451 -0.693 39.93786
-0.499 0.421 0.942 0.837 0.634 -0.995 0.027 -0.304 0.153 -0.154 -0.368 0.778 0.786 0.27 0.395 0.548 -0.65 -0.98 0.548 -0.911 -0.678 -0.397 0.259 -0.44 0.95 0.837 0.801 0.229 -0.785 -0.61 -0.718 -0.113 0.777 0.041 -0.693 -0.182 0.349 -0.435 0 -0.074 -0.107 -0.225 0.637 -0.179 -0.394 0.594 0.451 -0.693 50.4143
-0.499 -0.67 0.942 0.837 0.634 -0.995 0.027 -0.304 0.153 -0.154 -0.368 0.778 0.786 0.27 0.395 0.548 -0.65 -0.98 0.548 -0.911 -0.678 -0.397 0.259 -0.44 0.95 0.837 0.801 0.229 -0.785 -0.61 -0.718 0.321 0.682 0.041 -0.693 -0.182 0.349 -0.435 0 -0.074 -0.107 -0.225 0.637 -0.179 -0.394 0.594 0.451 -0.693 57.17411
0.498 0.409 -0.457 -0.995 -0.793 0.912 -0.846 0.77 0.166 0.834 -0.457 -0.498 0.786 0.27 0.37 0.548 -0.65 -0.98 0.548 -0.911 -0.678 -0.397 0.259 -0.44 0.95 0.837 0.801 0.229 -0.785 -0.61 -0.806 0.321 0.777 0.041 -0.693 -0.182 0.349 -0.435 0 -0.074 -0.107 -0.225 0.637 -0.179 -0.394 0.594 0.451 -0.693 43.71613
0.498 0.409 -0.457 -0.995 -0.793 0.912 -0.846 0.77 0.166 0.834 -0.457 -0.498 0.786 0.27 0.37 0.548 -0.65 -0.98 0.548 -0.911 -0.678 -0.397 0.259 -0.44 0.95 0.837 0.801 0.229 -0.785 -0.61 -0.718 0.321 0.777 0.041 -0.693 -0.182 0.349 -0.435 0 -0.074 -0.107 -0.225 0.637 -0.179 -0.394 0.594 0.451 -0.693 39.46544
-0.499 -0.67 0.942 0.837 0.634 -0.995 0.027 -0.304 0.635 -0.154 -0.368 0.778 0.786 0.27 0.395 0.548 -0.65 -0.98 0.548 -0.911 -0.678 -0.397 0.259 -0.44 0.95 0.837 0.801 0.229 -0.785 -0.61 -0.718 0.321 0.777 0.041 -0.693 -0.182 0.349 -0.435 0 -0.074 -0.107 -0.225 0.637 -0.179 -0.394 0.594 0.451 -0.693 100
0.498 0.409 -0.457 -0.995 -0.793 0.912 -0.846 0.77 0.166 0.834 -0.457 -0.498 0.786 0.27 0.395 0.548 -0.65 -0.98 0.548 -0.911 0.021 -0.397 0.259 -0.44 0.95 0.837 0.801 0.229 -0.785 -0.61 -0.718 0.321 0.777 0.041 -0.693 -0.182 0.349 -0.435 0 -0.074 -0.107 -0.225 0.637 -0.179 -0.394 0.594 0.451 -0.693 32.21214
-0.499 -0.67 0.942 0.837 0.634 -0.995 0.027 -0.304 0.153 -0.154 -0.368 0.778 0.786 0.27 0.395 0.548 -0.65 -0.98 0.548 -0.911 -0.678 -0.482 0.259 -0.44 0.95 0.837 0.801 0.229 -0.785 -0.61 -0.718 0.321 0.777 0.041 -0.693 -0.182 0.349 -0.435 0 -0.074 -0.107 -0.225 0.637 -0.179 -0.394 0.594 0.606 -0.693 48.11871
-0.499 -0.67 0.942 0.837 0.634 -0.995 0.027 -0.304 0.153 -0.154 -0.368 0.778 0.786 0.27 0.395 0.548 -0.65 -0.98 0.548 -0.911 -0.678 -0.397 0.259 -0.44 0.95 0.837 0.801 0.229 -0.785 -0.61 -0.718 0.321 0.682 0.041 -0.693 -0.182 0.349 -0.435 0 -0.074 -0.107 -0.225 0.637 -0.179 -0.394 0.594 0.451 -0.693 64.90199
-0.499 -0.67 -0.522 0.837 0.634 -0.995 0.027 -0.304 0.153 -0.154 -0.368 0.778 0.786 0.27 0.395 0.548 -0.65 -0.98 0.548 -0.911 -0.678 -0.397 0.259 -0.44 0.95 0.837 0.801 0.229 -0.785 -0.61 -0.718 0.321 0.777 0.041 -0.693 -0.182 0.349 -0.435 0 -0.074 -0.107 -0.225 0.637 -0.179 -0.394 0.594 0.451 -0.693 63.17168
-0.499 -0.67 0.942 0.837 0.634 -0.995 0.027 -0.304 0.153 -0.154 -0.368 0.778 0.786 0.27 0.395 0.548 -0.65 -0.98 0.548 -0.911 -0.678 -0.397 0.259 -0.44 0.95 0.837 0.801 0.229 -0.785 -0.61 -0.718 0.321 0.777 0.041 -0.693 -0.182 0.349 -0.435 0 -0.074 -0.107 -0.225 0.637 -0.179 -0.394 0.594 0.451 -0.693 34.08656
-0.499 -0.67 0.942 0.837 0.634 -0.995 0.027 -0.304 0.153 -0.154 -0.368 0.778 0.786 0.27 0.37 0.548 -0.65 -0.98 0.548 -0.911 -0.678 -0.397 0.259 -0.44 0.95 0.837 0.801 0.229 -0.785 -0.61 -0.718 0.321 0.777 0.041 -0.693 -0.182 0.349 -0.435 0 -0.074 -0.107 -0.225 0.637 -0.179 -0.394 0.594 0.444 -0.693 35.44384
-0.499 -0.67 0.942 0.837 0.634 -0.995 0.027 -0.304 0.153 -0.154 -0.368 0.778 0.786 0.27 0.395 0.548 -0.65 -0.98 0.548 -0.911 -0.678 -0.397 0.259 -0.44 0.95 0.837 0.801 0.229 -0.785 -0.61 -0.718 0.321 0.777 0.041 -0.693 -0.182 0.349 -0.435 0 -0.074 -0.107 0.101 0.637 -0.179 -0.394 0.594 0.606 -0.693 57.0756
0.498 0.409 -0.457 -0.995 -0.793 0.912 -0.846 0.77 0.166 0.834 -0.457 -0.498 0.786 0.27 0.395 0.548 -0.65 -0.98 0.548 -0.911 -0.678 -0.397 0.259 -0.44 0.95 0.837 0.801 0.229 -0.785 -0.61 -0.718 0.321 0.777 0.041 -0.693 -0.182 0.349 -0.435 0 -0.074 -0.107 -0.225 0.637 -0.179 -0.394 0.594 0.451 -0.693 53.59955
-0.499 -0.67 0.942 0.837 0.634 -0.995 0.027 -0.304 0.153 -0.154 -0.368 0.778 0.786 0.27 0.395 0.548 -0.65 -0.98 0.548 -0.911 -0.678 -0.397 0.259 -0.44 0.95 0.837 0.801 0.229 -0.785 -0.61 -0.718 0.321 0.682 0.041 -0.693 -0.182 0.349 -0.435 0 -0.074 -0.107 -0.225 0.637 -0.179 -0.394 0.594 0.451 -0.693 44.73098
-0.499 -0.67 0.942 0.837 0.634 -0.995 0.027 -0.304 0.153 -0.154 -0.368 0.778 0.786 0.27 0.395 0.548 -0.65 -0.98 0.548 -0.911 -0.678 -0.397 0.259 -0.44 0.95 0.837 0.801 0.229 -0.785 -0.61 -0.718 0.321 0.777 0.041 -0.693 -0.182 0.349 -0.435 0 -0.074 -0.107 -0.225 0.637 -0.179 -0.394 0.594 0.451 -0.693 33.10798
-0.499 -0.67 0.942 0.837 0.634 -0.995 0.027 -0.304 0.153 -0.154 -0.368 0.778 0.786 0.27 0.395 0.548 -0.65 -0.98 0.548 -0.911 -0.678 -0.397 0.259 -0.44 0.95 0.837 0.801 0.229 -0.785 -0.61 -0.718 0.321 0.777 0.041 -0.693 -0.182 0.349 -0.435 0 -0.074 -0.107 -0.225 0.637 -0.179 -0.394 0.594 0.451 -0.693 100
-0.499 -0.67 0.942 0.837 0.634 -0.995 0.027 -0.304 0.153 -0.154 -0.368 0.778 0.786 0.27 0.395 0.548 -0.65 -0.98 0.548 -0.911 -0.678 -0.482 0.259 -0.44 0.95 0.837 0.801 0.229 -0.785 -0.61 -0.718 0.321 0.777 0.041 -0.693 -0.182 0.349 -0.435 0 -0.074 -0.107 -0.225 0.637 -0.179 -0.394 0.594 0.451 -0.693 49.14465
-0.499 -0.67 -0.522 0.837 0.634 -0.995 0.027 -0.304 0.153 -0.154 -0.368 0.778 0.786 0.27 0.395 0.548 -0.65 -0.98 0.548 -0.911 -0.678 -0.397 0.259 -0.44 0.95 0.837 0.801 0.229 -0.785 -0.61 -0.718 0.321 0.777 0.041 -0.693 -0.182 0.349 -0.435 0 -0.074 -0.107 -0.225 0.637 -0.179 -0.394 0.594 0.451 -0.693 65.00941
-0.499 -0.67 0.942 0.837 0.634 -0.995 0.027 -0.304 0.153 -0.154 -0.368 0.778 0.786 0.687 0.395 0.548 -0.65 -0.98 0.548 -0.911 -0.678 -0.397 0.259 -0.44 0.95 0.837 0.801 0.229 -0.785 -0.61 -0.718 0.321 0.682 0.041 -0.693 -0.182 0.349 -0.435 0 -0.074 -0.107 -0.225 0.637 -0.179 -0.394 0.594 0.451 -0.693 62.07996
-0.499 -0.67 0.942 0.837 0.634 -0.995 0.027 -0.304 0.153 -0.154 -0.368 0.778 0.786 0.27 0.395 0.548 -0.65 -0.98 0.548 -0.911 -0.678 -0.397 0.259 -0.44 0.95 0.837 0.801 0.229 -0.785 -0.61 -0.718 0.321 0.777 0.041 -0.693 -0.182 0.349 -0.435 0 -0.074 -0.107 -0.225 0.637 -0.179 -0.394 0.594 0.451 -0.693 55.25235
-0.499 -0.67 0.942 0.837 0.634 -0.995 0.027 -0.304 0.153 -0.154 -0.368 0.778 0.786 0.27 0.395 0.548 -0.65 -0.98 0.548 -0.911 -0.678 -0.397 0.259 -0.44 0.95 0.837 0.801 0.229 -0.785 -0.61 -0.718 0.321 0.777 0.041 -0.693 -0.182 0.349 -0.435 0 -0.074 -0.107 -0.225 0.637 -0.179 -0.394 0.594 0.451 -0.693 38.09769
-0.499 0.421 0.942 0.837 0.634 -0.995 0.027 -0.304 0.153 -0.154 -0.368 0.778 0.786 0.27 0.395 0.548 -0.65 -0.98 0.548 -0.911 -0.678 -0.397 0.259 -0.44 0.95 0.837 0.801 0.229 -0.785 -0.61 -0.718 -0.113 0.777 0.041 -0.693 -0.182 0.349 -0.435 0 -0.074 -0.107 -0.225 0.637 -0.179 -0.394 0.594 0.451 -0.693 40.98203
-0.499 -0.67 0.942 0.837 0.634 -0.995 0.027 -0.304 0.153 -0.154 -0.368 0.778 0.786 0.27 0.395 0.548 -0.65 -0.98 0.548 -0.911 -0.678 -0.397 0.259 -0.44 0.95 0.837 0.801 0.229 -0.785 -0.61 -0.718 0.321 0.777 0.041 -0.693 -0.182 0.349 -0.435 0 -0.074 -0.107 -0.225 0.637 -0.179 -0.394 0.594 0.451 -0.693 33.02967
0.498 0.409 -0.457 -0.995 -0.793 0.912 -0.846 0.77 0.166 0.834 -0.457 -0.498 0.786 0.27 0.37 0.548 -0.65 -0.98 0.548 -0.911 -0.678 -0.397 0.259 -0.44 0.95 0.837 0.801 0.229 -0.785 -0.61 -0.718 0.321 0.777 0.041 -0.693 -0.182 0.349 -0.435 0 -0.074 -0.107 -0.225 0.637 -0.179 -0.394 0.594 0.451 -0.693 49.87132
0.498 0.409 -0.457 -0.995 -0.793 0.912 -0.846 0.77 0.166 0.834 -0.457 -0.498 0.786 0.27 0.395 0.548 -0.65 -0.98 0.548 -0.911 -0.678 -0.397 0.259 -0.44 0.95 0.837 0.801 0.229 -0.785 -0.61 -0.718 0.321 0.777 0.041 -0.693 -0.182 0.349 -0.435 0 -0.074 -0.107 -0.225 0.637 -0.179 -0.394 0.594 0.451 -0.693 57.37363
-0.499 -0.67 0.942 0.837 0.634 -0.995 0.027 -0.304 0.153 -0.154 -0.368 0.778 0.786 0.27 0.395 0.548 -0.65 -0.98 0.548 -0.911 -0.678 -0.397 0.259 -0.44 0.95 0.837 0.801 0.229 -0.785 -0.61 -0.718 0.321 0.682 0.041 -0.693 -0.182 0.349 -0.435 0 -0.074 -0.107 -0.225 0.637 -0.179 -0.394 0.594 0.451 -0.693 54.15744
0.498 0.409 -0.457 -0.995 -0.793 0.912 -0.846 0.77 0.166 0.834 -0.457 -0.498 0.786 0.27 0.37 0.548 -0.65 -0.98 0.548 -0.911 -0.678 -0.397 0.259 -0.44 0.95 0.837 0.801 0.229 -0.785 -0.61 -0.718 0.321 0.777 0.041 -0.693 -0.182 0.349 -0.435 0 -0.074 -0.107 -0.225 0.637 -0.179 -0.394 0.594 0.451 -0.693 49.71631
-0.499 -0.67 0.942 0.837 0.634 -0.995 0.027 -0.304 0.153 -0.154 -0.146 0.778 0.786 0.27 0.395 0.548 -0.65 -0.98 0.548 -0.911 -0.678 -0.397 0.259 -0.44 0.95 0.837 0.801 0.229 -0.785 -0.61 -0.718 0.321 0.777 0.041 -0.693 -0.182 0.349 -0.435 0 -0.074 -0.107 -0.225 0.637 -0.179 -0.394 0.797 0.451 -0.693 42.86053
-0.499 -0.67 -0.522 0.837 0.634 -0.995 0.027 -0.304 0.153 -0.154 -0.368 0.778 0.786 0.27 0.395 0.548 -0.65 -0.98 0.548 -0.911 -0.678 -0.397 0.259 -0.44 0.95 0.837 0.801 0.229 -0.785 -0.61 -0.718 0.321 0.777 0.041 -0.693 -0.182 0.349 -0.435 0 -0.074 -0.107 -0.225 0.637 -0.179 -0.394 0.594 0.451 -0.693 64.14483
0.498 0.409 -0.457 -0.995 -0.793 0.912 -0.846 0.77 0.166 0.834 -0.457 -0.498 0.786 0.27 0.395 0.548 -0.65 -0.98 0.548 -0.911 -0.678 -0.397 0.259 -0.44 0.95 0.837 0.801 0.229 -0.785 -0.61 -0.718 0.321 0.777 0.041 -0.693 -0.182 0.349 -0.435 0 -0.074 -0.107 -0.225 0.637 -0.179 -0.394 0.594 0.451 -0.693 49.14307
0.498 0.409 -0.457 -0.995 -0.793 0.912 -0.846 0.77 0.166 0.834 -0.457 -0.498 0.786 0.27 0.395 0.548 -0.65 -0.98 0.548 -0.911 -0.678 -0.397 0.259 -0.44 0.95 0.837 0.801 0.229 -0.785 -0.61 -0.718 0.321 0.777 0.041 -0.693 -0.182 0.349 -0.435 0 -0.074 -0.107 -0.225 0.637 -0.179 -0.394 0.594 0.451 -0.693 58.69034
-0.499 -0.67 0.942 0.837 0.634 -0.995 0.027 -0.304 0.153 -0.154 -0.146 0.778 0.786 0.27 0.37 0.548 -0.65 -0.98 0.548 -0.911 -0.678 -0.397 0.259 -0.44 0.95 0.837 0.801 0.229 -0.785 -0.61 -0.718 0.321 0.777 0.041 -0.693 -0.182 0.349 -0.435 0 -0.074 -0.107 -0.225 0.637 -0.179 -0.394 0.797 0.451 -0.693 30.38694
-0.499 -0.67 0.942 0.837 0.634 -0.995 0.027 -0.304 0.153 -0.154 0.747 0.778 0.786 0.27 0.395 0.548 -0.65 -0.98 0.548 -0.911 -0.678 -0.397 0.259 -0.44 0.95 0.837 0.801 0.229 -0.785 -0.61 -0.718 0.321 0.777 0.041 -0.693 -0.182 0.349 -0.435 0 -0.074 -0.107 -0.225 0.637 -0.005 -0.394 0.594 0.451 -0.693 63.91602
-0.499 -0.67 0.942 0.837 0.634 -0.995 0.027 -0.304 0.153 -0.154 -0.368 0.778 0.786 0.27 0.395 0.548 -0.65 -0.98 0.548 -0.911 -0.678 -0.397 0.259 -0.44 0.95 0.837 0.801 0.229 -0.785 -0.61 -0.718 0.321 0.777 0.041 -0.693 -0.182 0.349 -0.435 0 -0.074 -0.107 -0.225 0.637 -0.179 -0.394 0.594 0.606 -0.693 58.4811
0.498 0.409 -0.457 -0.995 -0.793 0.912 -0.846 0.77 0.166 0.834 -0.457 -0.498 0.786 0.27 0.37 0.548 -0.65 -0.98 0.548 -0.911 -0.678 -0.397 0.259 -0.44 0.95 0.837 0.801 0.229 -0.785 -0.61 -0.718 0.321 0.777 0.041 -0.693 -0.182 0.349 -0.435 0 -0.074 -0.107 -0.225 0.637 -0.179 -0.394 0.594 0.451 -0.693 56.17177
-0.499 -0.67 -0.522 0.837 0.634 -0.995 0.027 -0.304 0.153 -0.154 -0.368 0.778 0.786 0.27 0.37 0.548 -0.65 -0.98 0.548 -0.911 -0.678 -0.397 0.259 -0.44 0.95 0.837 0.801 0.229 -0.785 -0.61 -0.718 0.321 0.777 0.041 -0.693 -0.182 0.349 -0.435 0 -0.074 -0.107 -0.225 0.637 -0.179 -0.394 0.594 0.451 -0.693 63.76191
0.498 0.409 -0.457 -0.995 -0.793 0.912 -0.846 0.77 0.166 0.834 -0.457 -0.498 0.786 0.27 0.37 0.548 -0.65 -0.98 0.548 -0.911 -0.678 -0.397 0.259 -0.44 0.95 0.837 0.801 0.229 -0.785 -0.61 -0.718 0.321 0.777 0.041 -0.693 -0.182 0.349 -0.435 0 -0.074 -0.107 -0.225 0.637 -0.179 -0.394 0.594 0.451 -0.693 44.23116
-0.499 -0.67 0.942 0.837 0.634 -0.995 0.027 -0.304 0.153 -0.154 -0.368 0.778 0.786 0.27 0.395 0.548 -0.65 -0.98 0.548 -0.911 -0.678 -0.397 0.259 -0.44 0.95 0.837 0.801 0.229 -0.785 -0.61 -0.718 0.321 0.777 0.041 -0.693 -0.182 0.349 -0.435 0 -0.074 -0.107 -0.225 0.637 -0.179 -0.394 0.594 0.451 -0.693 38.41973
-0.499 -0.67 0.942 0.837 0.634 -0.995 0.027 -0.304 0.153 -0.154 -0.368 0.778 0.786 0.27 0.395 0.548 -0.65 -0.98 0.548 -0.911 -0.678 -0.397 0.259 -0.44 0.95 0.837 0.801 0.229 -0.785 -0.61 -0.718 0.321 0.777 0.041 -0.693 -0.182 0.349 -0.435 0 -0.074 -0.107 -0.225 0.637 -0.179 -0.394 0.594 0.451 -0.693 43.92287
-0.499 -0.67 0.942 0.837 0.634 -0.995 0.027 -0.304 0.153 -0.154 -0.368 0.778 0.786 0.27 0.395 0.548 -0.65 -0.98 0.548 -0.911 -0.678 -0.397 0.259 -0.44 0.95 0.837 0.801 0.229 -0.785 -0.61 -0.718 0.321 0.777 0.041 -0.693 -0.182 0.349 -0.435 0 -0.074 -0.107 -0.225 0.637 -0.179 -0.394 0.594 0.451 -0.693 35.11051
-0.499 -0.67 0.942 0.837 0.634 -0.995 0.027 -0.304 0.153 -0.154 -0.368 0.778 0.786 0.27 0.395 0.548 -0.65 -0.98 -0.685 -0.911 -0.678 -0.397 0.259 -0.44 0.95 0.837 0.801 0.229 -0.785 -0.61 -0.718 0.321 0.777 0.041 -0.693 -0.182 0.349 -0.435 0 -0.074 -0.107 -0.225 0.637 -0.179 -0.394 0.594 0.451 -0.693 35.56413
0.498 0.409 -0.457 -0.995 -0.793 0.912 -0.846 0.77 0.166 0.834 -0.457 -0.498 0.786 0.27 0.395 0.548 -0.65 -0.98 0.548 -0.911 -0.678 -0.397 0.259 -0.44 0.95 0.837 0.801 0.229 -0.785 -0.61 -0.718 0.321 0.777 0.041 -0.693 -0.182 0.349 -0.435 0 -0.074 -0.107 -0.225 0.637 -0.179 -0.394 0.594 0.451 -0.693 39.52429
-0.499 -0.67 -0.522 0.837 0.634 -0.995 0.027 -0.304 0.153 -0.154 -0.368 0.778 0.786 0.27 0.37 0.548 -0.65 -0.98 0.548 -0.911 -0.678 -0.397 0.259 -0.44 0.95 0.837 0.801 0.229 -0.785 -0.61 -0.718 0.321 0.777 0.041 -0.693 -0.182 0.349 -0.435 0 -0.074 -0.107 -0.225 0.637 -0.179 -0.394 0.594 0.451 -0.693 65.59964
-0.499 -0.67 0.942 0.837 0.634 -0.995 0.027 -0.304 0.153 -0.154 -0.368 0.778 0.786 0.27 0.395 0.548 -0.65 -0.98 0.548 -0.911 -0.678 -0.397 0.259 -0.44 0.95 0.837 0.801 0.633 -0.785 -0.61 -0.718 0.321 0.777 0.041 -0.693 -0.182 0.349 -0.435 0 -0.074 -0.107 -0.225 0.637 -0.179 -0.394 0.594 0.451 -0.693 1
0.498 0.409 -0.457 -0.995 -0.793 0.912 -0.846 0.77 0.166 0.834 -0.457 -0.498 0.786 0.27 0.395 0.548 -0.65 -0.98 0.548 -0.911 -0.678 -0.397 0.259 -0.44 0.95 0.837 0.801 0.229 -0.785 -0.61 -0.718 0.321 0.777 0.041 -0.693 -0.182 0.349 -0.435 0 -0.074 -0.107 -0.225 0.637 -0.179 -0.394 0.594 0.451 -0.693 42.32745
-0.499 -0.67 0.942 0.837 0.634 -0.995 0.027 -0.304 0.153 -0.154 -0.368 0.778 0.786 0.27 0.395 0.548 -0.65 -0.98 0.548 -0.911 -0.678 -0.397 0.259 -0.44 0.95 0.837 0.801 0.229 -0.785 -0.61 -0.718 0.321 0.777 0.041 -0.693 -0.182 0.349 -0.435 0 -0.074 -0.107 -0.225 0.637 -0.179 -0.394 0.594 0.451 -0.693 40.65501
0.498 0.409 -0.457 -0.995 -0.793 0.912 -0.846 0.77 0.166 0.834 -0.457 -0.498 0.786 0.27 0.395 0.548 -0.65 -0.98 0.548 -0.911 -0.678 -0.397 0.259 -0.44 0.95 0.837 0.801 0.229 -0.785 -0.61 -0.718 0.321 0.777 0.041 -0.693 -0.182 0.349 -0.435 0 -0.074 -0.107 -0.225 0.637 -0.179 -0.394 0.594 0.451 -0.693 66.44927
-0.121 -0.67 0.942 0.837 0.634 -0.995 0.027 -0.304 0.153 -0.154 -0.368 0.778 0.786 0.27 0.395 0.548 -0.65 -0.98 0.548 -0.911 -0.678 -0.397 0.259 -0.44 0.95 0.837 0.801 0.229 -0.785 -0.61 -0.718 0.321 0.777 0.041 -0.693 -0.182 0.349 -0.435 0 -0.074 -0.107 -0.225 0.637 -0.179 -0.394 0.594 0.451 -0.693 100
-0.499 -0.67 0.942 0.837 0.634 -0.995 0.027 -0.304 0.153 -0.154 -0.368 0.778 0.786 0.27 0.395 0.548 -0.65 -0.98 0.548 -0.911 -0.678 -0.397 0.259 -0.44 0.95 0.837 0.801 0.229 -0.785 -0.61 -0.718 0.321 0.777 0.041 -0.693 -0.182 0.349 -0.435 0 -0.074 -0.107 -0.225 0.637 -0.179 -0.394 0.797 0.451 -0.693 36.09735
-0.499 -0.67 0.942 0.837 0.634 -0.995 0.027 -0.304 0.153 -0.154 -0.368 0.778 0.786 0.27 0.395 0.548 -0.65 -0.98 0.548 -0.911 -0.678 -0.397 0.259 -0.44 0.95 0.837 0.801 0.229 -0.785 -0.61 -0.718 0.321 0.682 0.041 -0.693 -0.182 0.349 -0.435 0 -0.074 -0.107 -0.225 0.637 -0.179 -0.394 0.594 0.451 -0.693 43.4949
-0.499 -0.67 0.942 0.837 0.634 -0.995 0.027 -0.304 0.153 -0.154 -0.368 0.778 0.786 0.27 0.37 0.548 -0.65 -0.98 0.548 -0.911 -0.678 -0.397 0.259 -0.44 0.95 0.837 0.801 0.229 -0.785 -0.61 -0.718 0.321 0.777 0.041 -0.693 -0.182 0.349 -0.435 0 -0.074 -0.107 -0.225 0.637 -0.179 -0.394 0.594 0.451 -0.693 70.23351
-0.499 -0.67 0.942 0.837 0.634 -0.995 0.027 -0.304 0.153 -0.154 -0.368 0.778 0.786 0.27 0.395 0.548 -0.65 -0.98 0.548 -0.911 -0.678 -0.397 0.259 -0.44 0.95 0.837 0.801 0.229 -0.785 -0.61 -0.718 0.321 0.682 0.041 -0.693 -0.182 0.349 -0.435 0 -0.074 -0.107 -0.225 0.637 -0.179 -0.394 0.594 0.451 -0.693 36.56984
-0.499 -0.67 -0.522 0.837 0.634 -0.995 0.027 -0.304 0.153 -0.154 -0.368 0.778 0.786 0.27 0.395 0.548 -0.65 -0.98 0.548 -0.911 -0.678 -0.397 0.259 -0.44 0.95 0.837 0.801 0.229 -0.785 -0.61 -0.718 0.321 0.777 0.041 -0.693 -0.182 0.349 -0.435 0 -0.074 -0.107 -0.225 0.637 -0.179 -0.394 0.594 0.451 -0.693 66.38064
-0.499 -0.67 0.942 0.837 0.634 -0.995 0.027 -0.304 0.153 -0.154 -0.368 0.778 0.786 0.27 0.37 0.548 -0.65 -0.98 0.548 -0.911 -0.678 -0.397 0.259 -0.44 0.95 0.837 0.801 0.229 -0.785 -0.61 -0.718 0.321 0.777 0.041 -0.693 -0.182 0.349 -0.435 0 -0.074 -0.107 -0.225 0.637 -0.179 -0.394 0.797 0.451 -0.693 34.18459
-0.499 -0.67 0.942 0.837 0.634 -0.995 0.027 -0.304 -0.076 -0.154 -0.368 0.778 0.786 0.27 0.395 0.548 -0.65 -0.98 0.548 -0.911 -0.678 -0.482 0.259 -0.44 0.95 0.837 0.801 0.229 -0.785 -0.61 -0.718 0.321 0.777 0.041 -0.693 -0.182 0.349 -0.435 0 -0.074 -0.107 -0.225 0.637 -0.179 -0.394 0.594 0.451 -0.693 50.50298
0.498 0.409 -0.457 -0.995 -0.793 0.912 0.419 0.77 0.166 0.834 -0.457 -0.498 0.786 0.27 0.395 0.548 -0.65 -0.98 0.548 -0.911 -0.678 -0.397 0.259 -0.44 0.95 0.837 0.801 0.229 -0.785 -0.61 -0.718 0.321 0.777 0.041 -0.693 -0.182 0.349 -0.435 0 -0.074 -0.107 -0.225 0.637 -0.179 -0.394 0.594 0.606 -0.693 21.56641
-0.499 -0.67 -0.522 0.837 0.634 -0.995 0.027 -0.304 0.153 -0.154 -0.368 0.778 0.786 0.27 0.395 0.548 -0.65 -0.98 0.548 -0.911 -0.678 -0.397 0.259 -0.44 0.95 0.837 0.801 0.229 -0.785 -0.61 -0.718 0.321 0.777 0.041 -0.693 -0.182 0.349 -0.435 0 -0.074 -0.107 -0.225 0.637 -0.179 -0.394 0.594 0.451 -0.693 64.34682
-0.499 -0.67 0.942 0.837 0.634 -0.995 0.027 -0.304 0.153 -0.154 -0.368 0.778 0.786 0.27 0.395 0.548 -0.65 -0.98 0.548 -0.911 -0.678 -0.397 0.259 -0.44 0.95 0.837 0.801 0.229 -0.785 -0.61 -0.718 0.321 0.777 0.041 -0.693 -0.182 0.349 -0.435 0 -0.074 -0.107 -0.225 0.637 -0.179 -0.394 0.594 0.451 -0.693 30.63869
0.498 0.409 -0.457 -0.995 -0.793 0.912 -0.846 0.77 0.166 0.834 -0.457 -0.498 0.786 0.27 0.395 0.548 -0.65 -0.98 0.548 -0.911 -0.678 -0.397 0.259 -0.44 0.95 0.837 0.801 0.229 -0.785 -0.61 -0.718 0.321 0.777 0.041 -0.693 -0.182 0.349 -0.435 0 -0.074 -0.107 -0.225 0.637 -0.179 -0.394 0.594 0.451 -0.693 31.84968
-0.499 0.421 0.942 0.837 0.184 -0.995 0.027 -0.304 0.153 -0.154 -0.368 0.778 0.786 0.27 0.395 0.548 -0.65 -0.98 0.548 -0.911 -0.678 -0.397 0.259 -0.44 0.95 0.837 0.801 0.229 -0.785 -0.61 -0.718 0.321 0.777 0.041 -0.693 -0.182 0.349 -0.435 0 -0.074 -0.107 -0.225 0.637 -0.179 -0.394 0.594 0.451 -0.693 46.40641
0.498 0.409 -0.457 -0.995 -0.793 0.912 -0.846 0.77 0.166 0.834 -0.457 -0.498 0.786 0.27 0.37 0.548 -0.65 -0.98 0.548 -0.911 -0.678 -0.397 0.259 -0.44 0.95 0.837 0.801 0.229 -0.785 -0.61 -0.718 0.321 0.777 0.041 -0.693 -0.182 0.349 -0.435 0 -0.074 -0.107 -0.225 0.637 -0.179 -0.394 0.594 0.451 -0.693 58.51439
0.498 0.409 -0.457 -0.995 -0.793 0.912 -0.846 0.77 0.166 0.834 -0.457 -0.498 0.786 0.27 0.395 0.548 -0.65 -0.98 0.548 -0.911 -0.678 -0.397 0.259 -0.44 0.95 0.837 0.801 0.229 -0.785 -0.61 -0.718 0.321 0.777 0.041 -0.693 -0.182 0.349 -0.435 0 -0.074 -0.107 -0.225 0.637 -0.179 -0.394 0.594 0.451 -0.693 53.96734
-0.499 -0.67 0.942 0.837 0.634 -0.995 0.027 -0.304 0.153 -0.154 -0.368 0.778 0.786 0.27 0.395 0.548 -0.65 -0.98 0.548 -0.911 -0.678 -0.397 0.259 -0.44 0.95 0.837 0.801 0.229 -0.785 -0.61 -0.718 0.321 0.777 0.041 -0.693 -0.182 0.349 -0.435 0 -0.074 -0.107 -0.225 0.637 -0.179 -0.394 0.594 0.451 -0.693 50.33168
-0.499 -0.67 0.942 0.837 0.634 -0.995 0.027 -0.304 0.153 -0.154 -0.368 0.778 0.786 0.27 0.395 0.548 -0.65 -0.98 0.548 -0.911 -0.678 -0.397 0.259 -0.44 0.95 0.837 0.801 0.229 -0.785 -0.61 -0.718 0.321 0.777 0.041 -0.693 -0.182 0.349 -0.435 0 -0.074 -0.107 -0.225 0.637 -0.179 -0.394 0.797 0.451 -0.693 43.89143
-0.499 -0.67 0.942 0.837 0.634 -0.995 0.027 -0.304 0.153 -0.154 -0.368 0.778 0.786 0.27 0.37 0.548 -0.65 -0.98 0.548 -0.911 -0.678 -0.397 0.259 -0.44 0.95 0.837 0.801 0.229 -0.785 -0.61 -0.718 0.321 0.777 0.041 -0.693 -0.182 0.349 -0.435 0 -0.074 -0.107 -0.225 0.637 -0.179 -0.394 0.594 0.451 -0.693 48.89184
-0.499 -0.67 0.942 0.837 0.634 -0.995 0.027 -0.304 0.153 -0.154 -0.368 0.778 0.786 0.27 0.395 0.548 -0.65 -0.98 0.548 -0.911 -0.678 -0.482 0.259 -0.44 0.95 0.837 0.801 0.229 -0.785 -0.61 -0.718 0.321 0.777 0.041 -0.693 -0.182 0.349 -0.435 0 -0.074 -0.107 -0.225 0.637 -0.179 -0.394 0.594 0.451 -0.693 43.96848
0.498 0.409 -0.457 -0.995 -0.793 0.912 -0.846 0.77 0.166 0.834 -0.457 -0.498 0.859 0.27 0.395 0.548 -0.035 -0.98 0.548 -0.911 -0.678 -0.482 0.259 -0.44 0.95 0.837 0.801 0.886 -0.785 -0.61 -0.718 0.321 0.777 0.041 -0.693 -0.182 0.349 -0.435 0 -0.074 -0.107 -0.225 0.637 -0.179 -0.394 0.594 0.451 -0.693 46.71058
-0.499 -0.67 0.942 0.837 0.634 -0.995 0.027 -0.304 0.153 -0.154 -0.368 0.778 0.786 0.27 0.395 0.548 -0.65 -0.98 0.548 -0.911 -0.678 -0.397 0.259 -0.44 0.95 0.837 0.801 0.229 -0.785 -0.61 -0.718 0.321 0.777 0.041 -0.693 -0.182 0.349 -0.435 0 -0.074 -0.107 -0.225 0.637 -0.179 -0.394 0.594 0.451 -0.693 36.35216
0.498 0.409 -0.457 -0.995 -0.793 0.912 -0.846 0.77 0.166 0.834 -0.457 -0.498 0.786 0.27 0.395 0.548 -0.65 -0.98 0.548 -0.911 -0.678 -0.482 0.259 -0.44 0.95 0.837 0.801 0.229 -0.785 -0.61 -0.718 0.321 0.777 0.041 -0.693 -0.182 0.349 -0.435 0 -0.074 -0.107 -0.225 0.637 -0.179 -0.394 0.594 0.451 -0.693 26.67451
-0.499 -0.67 -0.522 0.837 0.634 -0.995 0.027 -0.304 0.153 -0.154 0.547 0.778 0.786 0.27 0.395 0.548 -0.65 -0.98 0.548 -0.911 -0.678 -0.397 0.259 -0.44 0.95 0.837 0.801 0.229 -0.785 -0.61 -0.718 0.321 0.777 0.041 -0.693 -0.182 0.349 -0.435 0 -0.074 -0.107 -0.225 0.637 -0.179 -0.394 0.594 0.451 -0.693 46.11217
-0.499 -0.67 0.942 0.837 0.634 -0.995 0.027 -0.304 0.153 -0.154 -0.368 0.778 0.786 0.27 0.395 0.548 -0.65 -0.98 0.548 -0.911 -0.678 -0.397 0.259 -0.44 0.95 0.837 0.801 0.229 -0.785 -0.61 -0.718 0.321 0.777 0.041 -0.693 -0.182 0.349 -0.435 0 -0.074 -0.107 -0.225 0.637 -0.179 -0.394 0.594 0.451 -0.693 53.97013
-0.499 -0.67 0.942 0.837 0.634 -0.995 0.027 -0.304 0.153 -0.154 -0.368 0.778 0.786 0.27 0.395 0.548 -0.65 -0.98 0.548 -0.911 -0.678 -0.397 0.259 -0.44 0.95 0.837 0.801 0.229 -0.785 -0.61 -0.718 0.321 0.777 0.041 -0.693 -0.182 0.349 -0.435 0 -0.074 -0.107 -0.225 0.637 -0.179 -0.394 0.594 0.451 -0.693 30.06256
0.498 0.409 -0.457 -0.995 -0.793 0.912 -0.846 0.77 0.166 0.834 -0.457 -0.498 0.786 0.27 0.395 0.548 -0.65 -0.98 0.548 -0.911 -0.678 -0.397 0.259 -0.44 0.95 0.837 0.801 0.229 -0.785 -0.61 -0.718 0.321 0.777 0.041 -0.693 -0.182 0.349 -0.435 0 -0.074 -0.107 -0.225 0.637 -0.179 -0.394 0.594 0.451 -0.693 51.87221
-0.499 -0.67 -0.522 0.837 0.634 -0.995 0.027 -0.304 0.153 -0.154 -0.368 0.778 0.786 0.27 0.395 0.548 -0.65 -0.98 0.548 -0.911 -0.678 -0.397 0.259 -0.44 0.95 0.837 0.801 0.229 -0.785 -0.61 -0.718 0.321 0.777 0.041 -0.693 -0.182 0.349 -0.435 0 -0.074 -0.107 -0.225 0.637 -0.179 -0.394 0.594 0.451 -0.693 63.71068
-0.499 -0.67 0.942 0.837 0.634 -0.995 0.027 -0.304 -0.076 -0.154 -0.368 0.778 0.786 0.27 0.395 0.548 -0.65 -0.98 0.548 -0.911 -0.678 -0.397 0.259 -0.44 0.95 0.837 0.801 0.229 -0.785 -0.61 -0.718 0.321 0.777 0.041 -0.693 -0.182 0.349 -0.435 0 -0.074 -0.107 -0.225 0.637 -0.179 -0.394 0.594 0.606 -0.693 43.39394
-0.499 -0.67 0.942 0.837 0.634 -0.995 0.027 -0.304 0.153 -0.154 -0.368 0.778 0.786 0.27 0.395 0.548 -0.65 -0.98 0.548 -0.911 -0.678 -0.397 0.259 -0.44 0.95 0.837 0.801 0.229 -0.785 -0.61 -0.718 0.321 0.777 0.041 -0.693 -0.182 0.349 -0.435 0 -0.074 -0.107 -0.225 0.637 -0.179 -0.394 0.594 0.606 -0.693 49.18408
-0.499 -0.67 0.942 0.837 0.634 -0.995 0.027 -0.304 0.153 -0.154 0.135 0.778 0.786 -0.886 0.395 0.548 -0.65 -0.98 0.548 -0.911 -0.678 -0.397 0.259 -0.44 0.95 0.837 0.801 0.229 -0.785 -0.61 -0.718 0.169 0.777 0.041 -0.693 -0.182 0.349 -0.435 0 -0.074 -0.107 -0.225 0.637 -0.179 -0.394 0.594 0.451 -0.693 54.36796
-0.499 -0.67 0.942 0.837 0.634 -0.995 0.027 -0.304 0.153 -0.154 -0.368 0.778 0.786 0.27 0.395 0.548 -0.65 -0.98 0.548 -0.911 -0.678 -0.397 0.259 -0.44 0.95 0.837 0.801 0.229 -0.785 -0.61 -0.718 0.321 0.777 0.041 -0.693 -0.182 0.349 -0.435 0 -0.074 -0.107 -0.225 0.637 -0.179 -0.394 0.594 0.451 -0.693 50.50741
-0.499 -0.67 -0.522 0.837 0.634 -0.995 0.027 -0.304 0.153 -0.154 -0.368 0.778 0.786 0.27 0.395 0.548 -0.65 -0.98 0.548 -0.911 -0.678 -0.397 0.259 -0.44 0.95 0.837 0.801 0.229 -0.785 -0.61 -0.718 0.321 0.777 0.041 -0.693 -0.182 0.349 -0.435 0 0.037 -0.107 -0.225 0.637 -0.179 -0.394 0.594 0.451 -0.693 64.20621
-0.499 -0.67 -0.522 0.837 0.634 -0.995 0.027 -0.304 0.153 -0.154 -0.368 0.778 0.786 0.27 0.395 0.548 -0.65 -0.98 0.548 -0.911 -0.678 -0.397 0.259 -0.44 0.95 0.837 0.801 0.229 -0.785 -0.61 -0.718 0.321 0.777 0.041 -0.693 -0.182 0.349 -0.435 0 -0.074 -0.107 -0.225 0.637 -0.179 -0.394 0.594 0.606 -0.693 79.15043
0.498 0.409 -0.457 -0.995 -0.793 0.912 -0.846 0.77 0.166 0.834 -0.457 -0.498 0.786 0.27 0.395 0.548 -0.65 -0.98 0.548 -0.911 -0.678 -0.397 0.259 -0.44 0.95 0.837 0.801 0.229 -0.785 -0.61 -0.718 0.321 0.777 0.041 -0.693 -0.182 0.349 -0.435 0 -0.074 -0.107 -0.225 0.637 -0.179 -0.394 0.594 0.451 -0.693 33.25153
-0.499 -0.67 0.942 0.837 0.634 -0.995 0.027 -0.304 0.153 -0.154 -0.368 0.778 0.786 0.27 0.37 0.548 -0.65 -0.98 0.548 -0.911 -0.678 -0.397 0.259 -0.44 0.95 0.837 0.801 0.229 -0.785 -0.61 -0.718 0.321 0.777 0.041 -0.693 -0.182 0.349 -0.435 0 -0.074 -0.107 -0.225 0.637 -0.179 -0.394 0.594 0.451 -0.693 40.26433
-0.499 -0.67 0.942 0.837 0.634 -0.995 0.027 -0.304 0.153 -0.154 -0.368 0.778 0.786 0.27 0.395 0.548 -0.65 -0.98 0.548 -0.911 -0.678 -0.397 0.259 -0.44 0.95 0.837 0.801 0.229 -0.785 -0.61 -0.718 0.321 0.777 0.041 -0.693 -0.182 0.349 -0.435 0 -0.074 -0.107 -0.225 0.637 -0.179 -0.394 0.594 0.606 -0.693 56.14891
-0.499 -0.67 -0.522 0.837 0.634 -0.995 0.027 -0.304 0.153 -0.154 -0.368 0.778 0.786 0.27 0.395 0.548 -0.65 -0.98 0.548 -0.911 -0.678 -0.397 0.259 -0.44 0.95 0.837 0.801 0.229 -0.785 -0.61 -0.718 0.321 0.777 0.041 -0.693 -0.182 0.349 0.587 0 -0.074 -0.107 -0.225 0.637 -0.179 -0.394 0.594 0.451 -0.693 50.44001
-0.121 -0.67 0.942 0.837 0.634 -0.995 0.027 -0.304 0.153 -0.154 -0.368 0.778 0.786 0.27 0.395 0.548 -0.65 -0.98 0.548 -0.911 -0.678 -0.397 0.259 -0.44 0.95 0.837 0.801 0.229 -0.785 -0.61 -0.718 0.321 0.777 0.041 -0.693 -0.182 0.349 -0.435 0 -0.074 -0.107 -0.225 0.637 -0.179 -0.394 0.594 0.451 -0.693 52.32956
-0.499 -0.67 0.942 0.837 0.634 -0.995 0.027 -0.304 0.153 -0.154 -0.368 0.778 0.786 0.27 0.395 0.548 -0.65 -0.98 0.548 -0.911 -0.678 -0.397 0.259 -0.44 0.95 0.837 0.801 0.229 -0.785 -0.61 -0.718 0.321 0.777 0.041 -0.693 -0.182 0.349 -0.435 0 -0.074 -0.107 -0.225 0.637 -0.179 -0.394 0.594 0.451 -0.693 33.96202
-0.499 -0.67 0.942 0.837 0.634 -0.995 0.027 -0.304 0.153 -0.154 -0.368 0.778 0.786 0.27 0.395 0.548 -0.65 -0.98 0.548 -0.911 -0.678 -0.397 0.958 -0.44 0.95 0.837 0.801 0.229 -0.785 -0.61 -0.718 0.321 0.682 0.041 -0.693 -0.182 0.349 -0.435 0 -0.074 -0.107 -0.225 0.637 -0.179 -0.394 0.594 0.451 -0.693 1
-0.499 -0.67 0.942 0.837 0.634 -0.995 0.027 -0.304 -0.076 -0.154 -0.368 0.778 0.786 0.27 0.395 0.548 -0.65 -0.98 0.548 -0.911 -0.678 -0.397 0.259 -0.44 0.95 0.837 0.801 0.229 -0.785 -0.61 -0.718 0.321 0.777 0.041 -0.693 -0.182 0.349 -0.435 0 -0.074 -0.107 -0.225 0.637 -0.179 -0.394 0.594 0.606 -0.693 30.75763
0.498 0.409 -0.457 -0.995 -0.793 0.912 -0.846 0.77 0.166 0.834 -0.457 -0.498 0.786 0.27 0.37 0.548 -0.65 -0.98 0.548 -0.911 -0.678 -0.397 0.259 -0.44 0.95 0.837 0.512 0.229 -0.785 -0.61 -0.718 0.321 0.777 0.041 -0.693 -0.182 0.349 -0.435 0 -0.074 -0.107 -0.225 0.637 -0.179 -0.394 0.594 0.451 -0.693 48.03155
-0.499 -0.67 -0.522 0.837 0.634 -0.995 0.027 -0.304 0.153 -0.154 -0.368 0.778 0.786 0.27 0.37 0.548 -0.65 -0.98 0.548 -0.911 -0.678 -0.397 0.259 -0.44 0.95 0.837 0.801 0.229 -0.785 -0.61 -0.718 0.321 0.777 0.041 -0.693 -0.182 0.349 -0.435 0 -0.074 -0.107 -0.225 0.637 -0.179 -0.394 0.594 0.451 -0.693 63.38927
-0.499 -0.67 0.942 0.837 0.634 -0.995 0.027 -0.304 0.153 -0.154 -0.368 0.778 0.786 0.27 0.395 0.548 -0.65 -0.98 0.548 -0.911 -0.678 -0.397 0.259 -0.44 0.95 0.837 0.801 0.229 -0.785 -0.61 -0.718 0.321 0.682 0.041 -0.693 -0.182 0.349 -0.435 0 -0.074 -0.107 -0.225 0.637 -0.179 -0.394 0.594 0.451 -0.693 39.52938
0.498 0.409 -0.457 -0.995 -0.793 0.912 -0.846 0.77 0.166 0.834 -0.457 -0.498 0.786 0.27 0.395 0.548 -0.65 -0.98 0.548 -0.911 -0.678 -0.397 0.259 -0.44 0.95 0.837 0.801 0.229 -0.785 -0.61 -0.718 0.321 0.777 0.041 -0.693 -0.182 0.349 -0.435 0 -0.074 -0.107 -0.225 0.637 -0.179 -0.394 0.594 0.451 -0.693 33.06959
0.498 0.409 -0.457 -0.995 -0.793 0.912 -0.846 0.77 0.166 0.834 -0.457 -0.498 0.786 0.27 0.395 0.548 -0.65 -0.98 0.548 -0.911 -0.678 -0.397 0.259 -0.44 0.95 0.837 0.801 0.229 -0.785 -0.61 -0.718 0.321 0.777 0.041 -0.693 -0.182 0.349 -0.435 0 -0.074 -0.107 -0.225 0.637 -0.179 -0.394 0.594 0.451 -0.693 61.17245
0.498 0.409 -0.457 -0.995 -0.793 0.912 -0.846 0.77 0.166 0.834 -0.457 -0.498 0.786 0.27 0.395 0.548 -0.65 -0.98 0.548 -0.911 -0.678 -0.397 0.259 -0.44 0.95 0.837 0.801 0.229 -0.785 -0.61 -0.718 0.321 0.777 0.041 -0.693 -0.182 0.349 -0.435 0 -0.074 -0.107 -0.225 0.637 -0.179 -0.394 0.594 0.451 -0.693 100
-0.499 -0.67 0.942 0.837 0.634 -0.995 0.027 -0.304 0.153 -0.154 -0.368 0.778 0.786 0.27 0.37 0.548 -0.65 -0.98 0.548 -0.911 -0.678 -0.397 0.259 -0.44 0.95 0.837 0.801 0.229 -0.785 -0.61 -0.718 0.321 0.777 0.041 -0.693 -0.182 0.349 -0.435 0 -0.074 -0.107 -0.225 0.637 -0.179 -0.394 0.594 0.451 -0.693 47.07422
-0.499 -0.67 0.942 0.837 0.634 -0.995 0.027 -0.304 0.153 -0.154 -0.368 0.778 0.786 0.27 0.395 0.548 -0.65 -0.98 0.548 -0.911 -0.678 -0.397 0.259 -0.44 0.95 0.837 0.801 0.229 -0.785 -0.61 -0.718 0.321 0.777 0.041 -0.693 -0.182 0.349 -0.435 0 -0.074 -0.107 -0.225 0.637 -0.179 -0.394 0.594 0.451 -0.693 38.09972
0.498 0.409 -0.457 -0.995 -0.793 0.912 -0.846 0.77 0.166 0.834 -0.457 -0.498 0.786 0.27 0.37 0.548 -0.65 -0.98 0.548 -0.911 -0.678 -0.397 0.259 -0.44 0.95 0.837 0.801 0.229 -0.785 -0.61 -0.718 0.321 0.777 0.041 -0.693 -0.182 0.349 -0.435 0 -0.074 -0.107 -0.225 0.637 -0.179 -0.394 0.594 0.451 -0.693 30.92619
-0.499 -0.67 -0.522 0.837 0.634 -0.995 0.027 -0.304 0.153 -0.154 -0.368 0.778 0.786 0.27 0.395 0.548 -0.65 -0.98 0.548 -0.911 -0.678 -0.397 0.259 -0.44 0.95 0.837 0.801 0.229 -0.785 -0.61 -0.718 0.321 0.777 0.041 -0.693 -0.182 0.349 -0.435 0 -0.074 -0.107 -0.225 0.637 -0.179 -0.394 0.594 0.451 -0.693 63.87488
-0.499 -0.67 -0.522 0.837 0.634 -0.995 0.027 -0.304 0.153 -0.154 -0.368 0.778 0.786 0.27 0.395 0.548 -0.65 -0.98 0.548 -0.911 -0.678 -0.482 0.259 -0.44 0.95 0.837 0.801 0.229 -0.785 -0.61 -0.718 0.321 0.777 0.041 -0.693 -0.182 0.349 -0.435 0 -0.074 -0.107 -0.225 0.637 -0.179 -0.394 0.594 0.451 -0.693 51.89837
-0.499 -0.67 -0.522 0.837 0.634 -0.995 0.027 -0.304 0.153 -0.154 -0.368 0.778 0.786 0.27 0.395 0.548 -0.65 -0.98 0.548 -0.911 -0.678 -0.397 0.259 -0.44 0.95 0.837 0.801 0.229 -0.785 -0.61 -0.718 0.321 0.777 0.041 -0.693 -0.182 0.349 -0.435 0 -0.074 -0.107 -0.225 0.637 -0.179 -0.394 0.594 0.606 -0.693 78.83304
0.498 0.409 -0.457 -0.995 -0.793 0.912 -0.846 0.77 0.166 0.834 -0.457 -0.498 0.786 0.27 0.395 0.548 -0.65 -0.98 0.548 -0.911 -0.678 -0.397 0.259 -0.44 0.95 0.837 0.801 0.229 -0.785 -0.61 -0.718 0.321 0.777 0.041 -0.693 -0.182 0.349 -0.435 0 -0.074 -0.107 -0.225 0.637 -0.179 -0.394 0.797 0.451 -0.693 30.46285
-0.499 -0.67 0.942 0.837 0.634 -0.995 0.027 -0.304 0.153 -0.154 -0.368 0.778 0.786 0.27 0.395 0.548 -0.65 -0.98 0.548 -0.911 -0.678 -0.397 0.259 -0.44 0.95 0.837 0.801 0.229 -0.785 -0.61 -0.718 0.321 0.777 0.041 -0.693 -0.182 0.349 -0.435 0 -0.074 -0.107 -0.225 0.637 -0.179 -0.394 0.594 0.451 -0.693 37.28201
-0.499 -0.67 0.942 0.837 0.634 -0.995 0.027 -0.304 0.153 -0.154 -0.368 0.778 0.786 0.27 0.395 0.548 -0.65 -0.98 0.548 -0.911 -0.678 -0.397 0.259 -0.44 0.95 0.837 0.801 0.229 -0.785 -0.61 -0.718 0.321 0.777 0.041 -0.693 -0.182 0.349 -0.435 0 -0.074 -0.107 -0.225 0.637 -0.179 -0.394 0.594 0.451 -0.693 34.11658
0.498 0.409 -0.457 -0.995 -0.793 0.912 -0.846 0.77 0.166 0.834 -0.457 -0.498 0.786 0.27 0.395 0.548 -0.65 -0.98 0.548 -0.911 -0.678 -0.397 0.259 -0.44 0.95 0.837 0.801 0.229 -0.785 -0.61 -0.718 0.321 0.777 0.041 -0.693 -0.182 0.349 -0.435 0 -0.074 -0.107 -0.225 0.637 -0.179 -0.394 0.594 0.451 -0.693 100
-0.662 -0.67 0.942 0.837 0.634 -0.995 0.027 -0.304 0.153 -0.154 -0.368 0.778 0.786 0.27 0.37 0.548 -0.65 -0.98 0.548 -0.911 -0.678 -0.397 0.259 -0.44 0.95 0.837 0.801 0.229 -0.785 -0.61 -0.718 0.321 0.777 0.041 -0.693 -0.182 0.349 -0.435 0 -0.074 -0.107 -0.225 0.637 -0.179 -0.394 0.797 0.451 -0.693 44.07935
0.498 0.409 -0.457 -0.995 -0.793 0.912 -0.846 0.77 0.166 0.834 -0.457 -0.498 0.786 0.27 0.395 0.548 -0.65 -0.98 0.548 -0.911 -0.678 -0.397 0.259 -0.44 0.95 0.837 0.801 0.229 -0.785 -0.61 -0.718 0.321 0.777 0.041 -0.693 -0.182 0.349 -0.435 0 -0.074 -0.107 -0.225 0.637 -0.179 -0.394 0.594 0.451 -0.693 51.19009
